atlas	1024	1024	32	32	6.4	38.4
g	13	2	2	0	0	0	32	32	8.96
g	32	35	2	0	0	0	32	32	8.96
g	33	68	2	5	23	1.888	0.16	22.4	7.296
g	34	101	2	5	7	2.315	15.936	22.144	5.28
g	35	134	2	15	22	2.347	0.352	21.632	17.792
g	36	167	2	11	29	1.472	-3.104	25.632	12.416
g	37	200	2	18	24	4.352	-0.32	22.72	24.544
g	38	233	2	13	23	1.376	-0.256	22.656	15.744
g	39	266	2	2	7	2.347	16.16	22.304	2.752
g	40	299	2	6	29	0.16	-3.584	24.512	5.248
g	41	332	2	6	29	1.051	-3.584	24.512	5.248
g	42	365	2	10	12	2.24	12.576	23.904	11.168
g	43	398	2	12	12	1.749	4.416	16.256	13.76
g	44	431	2	3	8	0.437	-2.176	4.896	4.896
g	45	464	2	8	1	1.76	9.792	10.688	9.408
g	46	497	2	3	3	0.864	0.16	2.88	5.28
g	47	530	2	9	23	0.304	0	22.4	8.896
g	48	563	2	12	23	1.952	-0.288	22.688	13.632
g	49	596	2	6	23	2.208	0	22.4	7.424
g	50	629	2	11	23	0.896	0	22.656	11.808
g	51	662	2	11	23	1.408	-0.256	22.4	12.16
g	52	2	41	11	23	1.013	0	22.4	11.648
g	53	35	41	11	23	2.016	-0.256	22.4	12.16
g	54	68	41	10	23	2.112	-0.256	22.656	12.192
g	55	101	41	10	23	2.709	0	22.4	10.592
g	56	134	41	11	23	2.048	-0.256	22.656	12.8
g	57	167	41	10	23	1.44	-0.256	22.656	11.936
g	58	200	41	5	14	0.928	0.192	13.824	5.376
g	59	233	41	5	17	0.683	-1.984	14.496	5.28
g	60	266	41	13	13	1.525	2.165	15.008	13.76
g	61	299	41	13	8	1.397	6.912	14.72	13.76
g	62	332	41	13	13	0.789	2.176	15.019	13.76
g	63	365	41	9	23	2.411	0.16	22.688	10.24
g	64	398	41	21	22	1.92	-2.976	18.976	23.712
g	65	431	41	11	23	-0.235	0	22.4	11.392
g	66	464	41	12	23	2.123	0	22.4	13.536
g	67	497	41	12	23	2.016	-0.256	22.656	13.504
g	68	530	41	12	23	2.123	0	22.4	14.24
g	69	563	41	12	23	2.123	0	22.4	13.152
g	70	596	41	12	23	2.123	0	22.4	12.224
g	71	629	41	12	23	2.016	-0.256	22.656	13.696
g	72	662	41	12	23	2.123	0	22.4	14.496
g	73	2	80	4	23	2.123	0	22.4	6.4
g	74	35	80	12	23	0.736	-0.256	22.4	12.736
g	75	68	80	13	23	2.123	0	22.4	13.344
g	76	101	80	9	23	2.123	0	22.4	11.744
g	77	134	80	13	23	2.123	0	22.4	15.68
g	78	167	80	13	23	2.123	0	22.4	14.944
g	79	200	80	12	23	2.048	-0.256	22.656	13.856
g	80	233	80	12	23	2.123	0	22.464	13.312
g	81	266	80	11	27	2.048	-4	22.656	13.44
g	82	299	80	12	23	2.123	0	22.4	13.248
g	83	332	80	11	23	1.472	-0.256	22.656	12.416
g	84	365	80	10	23	3.243	0	22.4	12.288
g	85	398	80	12	23	2.528	-0.256	22.4	14.72
g	86	431	80	11	23	3.424	0	22.4	12.736
g	87	464	80	17	23	3.136	0	22.4	18.144
g	88	497	80	13	23	0.789	0	22.4	12.704
g	89	530	80	10	23	3.456	0	22.4	12.256
g	90	563	80	12	23	0.661	0	22.4	11.936
g	91	596	80	8	28	-0.277	-3.392	24.288	8.608
g	92	629	80	4	23	4.288	0	22.4	8.896
g	93	662	80	8	28	2.325	-3.392	24.288	8.608
g	94	2	119	10	13	1.813	10.016	22.4	11.84
g	95	35	119	10	1	0.235	0	0.896	10.88
g	96	68	119	3	5	3.104	18.208	22.4	4.896
g	97	101	119	10	17	1.76	-0.256	16.288	12.704
g	98	134	119	10	23	1.685	-0.256	22.4	12.704
g	99	167	119	10	17	1.76	-0.256	16.288	11.904
g	100	200	119	11	23	1.76	-0.256	22.4	12.704
g	101	233	119	10	17	1.76	-0.256	16.288	12.128
g	102	266	119	7	23	2.251	0	22.688	8.224
g	103	299	119	11	23	1.76	-6.4	16.288	12.32
g	104	332	119	10	23	1.685	0	22.4	12.736
g	105	365	119	5	23	2.08	0	22.336	6.24
g	106	398	119	8	30	-1.856	-6.752	22.336	5.888
g	107	431	119	10	23	1.685	0	22.4	11.776
g	108	464	119	4	23	1.493	0	22.4	5.12
g	109	497	119	17	17	1.685	0	16.256	19.616
g	110	530	119	10	17	1.685	0	16.256	12.736
g	111	563	119	10	17	1.76	-0.256	16.288	12.352
g	112	596	119	11	23	1.131	-6.368	16.288	12.928
g	113	629	119	10	23	1.76	-6.368	16.288	12.928
g	114	662	119	8	17	1.685	0	16.16	8.48
g	115	2	158	10	17	1.408	-0.128	16.16	10.944
g	116	35	158	6	21	2.315	0	20.064	7.84
g	117	68	158	10	17	1.984	-0.224	16.032	12.736
g	118	101	158	9	17	2.24	0	16.032	10.72
g	119	134	158	15	17	2.208	0	16.032	16.128
g	120	167	158	11	17	0.155	0	16.032	10.496
g	121	200	158	12	23	-0.117	-6.4	16.032	10.4
g	122	233	158	11	17	0.693	0	16.032	10.976
g	123	266	158	8	28	1.387	-3.392	24.288	7.168
g	124	299	158	5	27	0.437	-2.56	24.32	3.68
g	125	332	158	8	28	-0.277	-3.392	24.288	7.168
g	126	365	158	12	3	1.632	8	10.848	13.792
g	160	398	158	0	0	0	32	32	6.208
g	161	431	158	5	23	2.688	0.416	22.656	7.296
g	162	464	158	10	22	2.112	0	21.792	11.904
g	163	497	158	13	23	2.88	0	22.656	15.36
g	164	530	158	15	14	0.715	2.859	16.373	14.848
g	165	563	158	12	23	2.976	0	22.4	16.096
g	166	596	158	5	27	0.437	-2.56	24.32	3.68
g	167	629	158	11	30	0.832	-6.656	22.656	11.136
g	168	662	158	7	3	2.784	19.616	22.336	8.352
g	169	2	197	23	23	2.752	-0.256	22.656	26.688
g	170	35	197	8	14	1.301	9.28	22.656	8.256
g	171	68	197	10	12	3.264	3.424	14.56	14.88
g	172	101	197	12	5	1.749	5.92	10.688	13.76
g	174	134	197	13	13	2.24	10.688	22.912	13.632
g	175	167	197	7	1	7.755	19.296	20.128	18.08
g	176	200	197	10	10	2.752	16	25.856	11.104
g	177	233	197	13	16	0.693	1.216	16.416	13.76
g	178	266	197	7	14	1.995	14.624	28.224	7.2
g	179	299	197	7	14	2.24	14.464	28.064	7.84
g	180	332	197	4	5	2.608	18.208	22.4	4.896
g	181	365	197	12	23	0.907	-6.4	16.032	12.96
g	182	398	197	11	29	2.432	-6.4	22.4	13.792
g	183	431	197	3	3	1.888	7.296	10.016	5.568
g	184	464	197	4	6	-1.269	-5.856	0	3.168
g	185	497	197	3	14	3.403	14.624	28.064	4.288
g	186	530	197	8	14	1.493	9.28	22.656	8.416
g	187	563	197	10	12	2.736	3.424	14.56	14.88
g	188	596	197	18	23	1.547	0	22.4	19.584
g	189	629	197	19	23	1.547	0	22.4	20.16
g	190	662	197	20	23	1.536	0	22.4	21.6
g	191	2	236	9	23	0.288	-6.688	15.84	10.24
g	192	35	236	11	29	-0.235	0	28.768	11.392
g	193	68	236	11	29	-0.235	0	28.768	11.392
g	194	101	236	12	29	-0.235	0	28.768	11.392
g	195	134	236	13	29	-0.235	0	28.544	11.392
g	196	167	236	13	29	-0.235	0	28.704	11.392
g	197	200	236	12	32	-0.235	0	31.52	11.392
g	198	233	236	22	23	-0.171	0	22.4	20.672
g	199	266	236	12	29	2.016	-5.92	22.656	13.504
g	200	299	236	12	29	2.123	0	28.768	13.152
g	201	332	236	12	29	2.123	0	28.768	13.152
g	202	365	236	12	29	2.123	0	28.768	13.152
g	203	398	236	12	29	2.123	0	28.704	13.152
g	204	431	236	4	29	2.123	0	28.768	6.4
g	205	464	236	6	29	2.123	0	28.768	6.4
g	206	497	236	7	29	2.123	0	28.768	6.4
g	207	530	236	8	29	2.123	0	28.704	6.4
g	208	563	236	12	23	3.509	0	22.4	15.808
g	209	596	236	13	29	2.123	0	28.864	14.944
g	210	629	236	12	29	2.048	-0.256	28.736	13.856
g	211	662	236	12	29	2.048	-0.256	28.736	13.856
g	212	2	275	12	29	2.048	-0.256	28.736	13.856
g	213	35	275	12	29	2.048	-0.256	28.512	13.856
g	214	68	275	12	29	2.048	-0.256	28.672	13.856
g	215	101	275	10	9	1.376	5.6	14.336	10.976
g	216	134	275	13	25	1.355	-0.843	23.211	14.176
g	217	167	275	12	30	2.528	-0.256	28.768	14.72
g	218	200	275	12	30	2.528	-0.256	28.768	14.72
g	219	233	275	12	30	2.528	-0.256	28.768	14.72
g	220	266	275	12	29	2.528	-0.256	28.704	14.72
g	221	299	275	10	29	3.456	0	28.768	12.256
g	222	332	275	11	23	2.123	0	22.4	13.312
g	223	365	275	11	23	1.685	0	22.688	12.8
g	224	398	275	10	23	1.76	-0.256	22.4	12.16
g	225	431	275	10	23	1.76	-0.256	22.4	12.16
g	226	464	275	10	23	1.76	-0.256	22.4	12.16
g	227	497	275	11	23	1.76	-0.256	22.176	12.16
g	228	530	275	10	23	1.76	-0.256	22.336	12.16
g	229	563	275	10	26	1.76	-0.256	25.152	12.16
g	230	596	275	18	17	1.376	-0.256	16.288	19.648
g	231	629	275	10	23	1.76	-5.92	16.288	11.904
g	232	662	275	10	23	1.76	-0.256	22.4	12.128
g	233	2	314	10	23	1.76	-0.256	22.4	12.128
g	234	35	314	10	23	1.76	-0.256	22.4	12.128
g	235	68	314	10	23	1.76	-0.256	22.336	12.128
g	236	101	314	3	23	1.355	0	22.4	4.864
g	237	134	314	6	23	1.355	0	22.4	4.864
g	238	167	314	6	23	1.259	0	22.4	4.864
g	239	200	314	7	23	1.056	0	22.336	4.864
g	240	233	314	12	23	1.76	-0.256	22.4	13.088
g	241	266	314	11	23	1.685	0	22.176	12.736
g	242	299	314	10	23	1.76	-0.256	22.4	12.352
g	243	332	314	10	23	1.76	-0.256	22.4	12.352
g	244	365	314	10	23	1.76	-0.256	22.4	12.352
g	245	398	314	11	23	1.76	-0.256	22.176	12.352
g	246	431	314	10	23	1.76	-0.256	22.336	12.352
g	247	464	314	12	12	1.803	4.768	16.608	13.76
g	248	497	314	11	20	1.547	-1.557	17.771	12.448
g	249	530	314	10	23	1.984	-0.224	22.4	12.736
g	250	563	314	10	23	1.984	-0.224	22.4	12.736
g	251	596	314	10	23	1.984	-0.224	22.4	12.736
g	252	629	314	10	23	1.984	-0.224	22.336	12.736
g	253	662	314	12	29	-0.117	-6.4	22.4	10.4
g	254	2	353	11	29	0.715	-6.4	22.4	12.512
g	255	35	353	12	29	-0.117	-6.4	22.336	10.4
g	256	68	353	12	27	-0.235	0	26.496	11.392
g	257	101	353	10	21	1.76	-0.256	20.128	12.16
g	258	134	353	12	28	-0.235	0	27.52	11.392
g	259	167	353	10	22	1.76	-0.256	21.152	12.16
g	260	200	353	11	29	-0.235	-5.856	22.4	11.392
g	261	233	353	10	23	2.176	-5.856	16.288	13.408
g	262	266	353	12	30	2.016	-0.256	28.768	13.504
g	263	299	353	10	23	1.76	-0.256	22.4	11.904
g	264	332	353	12	30	2.016	-0.256	28.768	13.504
g	265	365	353	10	23	1.76	-0.256	22.4	11.904
g	266	398	353	12	29	2.016	-0.256	28.704	13.504
g	267	431	353	10	23	1.76	-0.256	22.336	11.904
g	268	464	353	12	30	2.016	-0.256	28.768	13.504
g	269	497	353	10	23	1.76	-0.256	22.4	11.904
g	270	530	353	12	29	2.123	0	28.672	14.24
g	271	563	353	16	23	1.76	-0.256	22.4	12.704
g	272	596	353	12	23	3.509	0	22.4	15.808
g	273	629	353	12	23	1.76	-0.256	22.4	12.704
g	274	662	353	12	27	2.123	0	26.496	13.152
g	275	2	392	10	22	1.76	-0.256	21.216	12.128
g	278	35	392	12	29	2.123	0	28.704	13.152
g	279	68	392	10	23	1.76	-0.256	22.336	12.128
g	280	101	392	12	29	2.123	-5.696	22.4	13.152
g	281	134	392	10	22	1.792	-5.696	16.288	12.128
g	282	167	392	12	29	2.123	0	28.768	13.152
g	283	200	392	10	23	1.76	-0.256	22.304	12.128
g	284	233	392	12	30	2.016	-0.256	28.768	13.696
g	285	266	392	11	29	1.76	-6.4	22.4	12.32
g	286	299	392	12	28	2.016	-0.256	27.52	13.696
g	287	332	392	11	28	1.76	-6.4	21.152	12.32
g	288	365	392	12	29	2.016	-0.256	28.704	13.696
g	289	398	392	11	29	1.76	-6.4	22.336	12.32
g	290	431	392	12	30	2.016	-6.656	22.656	13.696
g	291	464	392	11	29	1.76	-6.4	22.4	12.32
g	292	497	392	12	29	2.123	0	28.8	14.496
g	293	530	392	10	28	1.685	0	27.808	12.736
g	294	563	392	13	23	2.123	0	22.4	14.496
g	295	596	392	10	23	1.685	0	22.4	12.736
g	296	629	392	8	29	2.123	0	28.544	6.4
g	297	662	392	8	23	0.896	0	22.176	4.864
g	298	2	431	7	27	2.123	0	26.496	6.4
g	299	35	431	7	21	1.195	0	20.128	4.864
g	301	68	431	7	22	1.355	0	21.984	4.864
g	302	101	431	6	29	-0.448	-5.856	22.4	5.216
g	303	134	431	7	29	0.768	-5.856	22.336	6.944
g	304	167	431	6	29	2.123	0	28.704	6.4
g	305	200	431	3	17	1.355	0	16.032	4.864
g	307	233	431	11	30	2.08	-6.752	22.336	12.288
g	308	266	431	15	30	0.736	-0.256	28.8	12.736
g	309	299	431	10	30	-1.856	-6.752	22.4	5.792
g	310	332	431	13	29	2.123	-6.4	22.4	13.344
g	311	365	431	10	29	1.685	-6.4	22.4	11.776
g	313	398	431	9	29	2.123	0	28.768	11.744
g	314	431	431	6	29	1.493	0	28.768	5.12
g	315	464	431	9	29	2.123	-6.4	22.4	11.744
g	316	497	431	7	29	-1.456	-6.4	22.4	5.12
g	317	530	431	9	23	2.123	0	22.4	11.744
g	318	563	431	9	23	1.493	0	22.4	8.896
g	320	596	431	6	29	2.357	0	28.672	6.848
g	321	629	431	12	23	-0.096	0	22.4	11.872
g	322	662	431	7	23	1.248	0	22.4	7.328
g	323	2	470	13	30	2.123	0	29.088	14.944
g	324	35	470	10	23	1.685	0	22.4	12.736
g	325	68	470	13	29	2.123	-6.4	22.4	14.944
g	326	101	470	10	23	1.685	-6.4	16.256	12.736
g	327	134	470	13	30	2.123	0	29.088	14.944
g	328	167	470	10	23	1.685	0	22.4	12.736
g	330	200	470	13	27	2.123	-4.384	22.4	14.944
g	331	233	470	10	22	1.685	-4.896	16.256	12.736
g	332	266	470	12	27	2.048	-0.256	26.464	13.856
g	333	299	470	10	21	1.76	-0.256	20.128	12.352
g	335	332	470	10	23	1.76	-0.256	21.984	12.352
g	336	365	470	12	29	2.048	-0.256	28.736	13.856
g	337	398	470	11	23	1.76	-0.256	22.4	12.352
g	338	431	470	20	23	2.048	-0.256	22.656	21.248
g	339	464	470	18	17	1.76	-0.256	16.288	19.84
g	340	497	470	12	29	2.123	0	28.768	13.248
g	341	530	470	8	23	1.685	0	22.4	8.48
g	342	563	470	12	29	2.123	-6.4	22.4	13.248
g	343	596	470	11	23	-1.232	-6.4	16.16	8.48
g	344	629	470	12	29	2.123	0	28.768	13.248
g	345	662	470	9	23	1.685	0	22.4	8.48
g	346	2	509	11	30	1.472	-0.256	28.768	12.416
g	347	35	509	10	23	1.408	-0.128	22.4	10.944
g	348	68	509	11	30	1.472	-0.256	28.768	12.416
g	349	101	509	10	23	1.408	-0.128	22.4	10.944
g	350	134	509	11	29	1.472	-5.92	22.656	12.416
g	351	167	509	10	22	1.408	-5.824	16.16	10.944
g	352	200	509	11	30	1.472	-0.256	28.768	12.416
g	353	233	509	10	23	1.408	-0.128	22.4	10.944
g	354	266	509	10	29	3.243	-5.856	22.4	12.288
g	355	299	509	6	26	2.197	-5.28	20.064	7.84
g	356	332	509	10	29	3.243	0	28.672	12.288
g	357	365	509	8	23	2.315	0	22.4	7.84
g	358	398	509	11	23	2.859	0	22.4	12.288
g	359	431	509	7	21	1.771	0	20.064	7.84
g	360	464	509	12	29	2.528	-0.256	28.544	14.72
g	361	497	509	11	23	1.984	-0.224	22.176	12.736
g	362	530	509	12	27	2.528	-0.256	26.496	14.72
g	363	563	509	10	21	1.984	-0.224	20.128	12.736
g	364	596	509	12	29	2.528	-0.256	28.352	14.72
g	365	629	509	10	23	1.984	-0.224	21.984	12.736
g	366	662	509	12	32	2.528	-0.256	31.52	14.72
g	367	2	548	10	26	1.984	-0.224	25.152	12.736
g	368	35	548	12	30	2.528	-0.256	28.768	14.72
g	369	68	548	11	23	1.984	-0.224	22.4	12.736
g	370	101	548	12	29	2.528	-5.696	22.4	14.72
g	371	134	548	10	22	1.984	-5.856	16.032	12.736
g	372	167	548	17	29	3.136	0	28.768	18.112
g	373	200	548	15	23	2.208	0	22.4	16.128
g	374	233	548	10	29	3.456	0	28.768	12.256
g	375	266	548	12	29	-0.117	-6.4	22.4	10.4
g	376	299	548	10	29	3.456	0	28.704	12.256
g	377	332	548	12	29	0.661	0	28.768	11.936
g	378	365	548	11	23	0.693	0	22.4	10.976
g	379	398	548	12	29	0.661	0	28.704	11.936
g	380	431	548	11	23	0.693	0	22.336	10.976
g	381	464	548	12	29	0.661	0	28.768	11.936
g	382	497	548	11	23	0.693	0	22.4	10.976
g	399	530	548	14	24	1.952	-0.352	22.656	15.68
g	402	563	548	16	30	-0.373	-6.688	22.688	14.208
g	416	596	548	12	26	2.048	-0.256	24.864	13.856
g	417	629	548	11	19	1.76	-0.256	18.496	12.352
g	431	662	548	15	26	2.528	-0.256	24.864	14.72
g	432	2	587	13	19	1.984	-0.224	18.496	12.736
g	461	35	587	12	29	-0.235	0	28.672	11.392
g	462	68	587	10	23	1.76	-0.256	22.304	12.16
g	468	101	587	10	23	1.984	-0.224	22.304	12.736
g	485	134	587	12	23	1.76	-6.4	16.288	12.48
g	487	167	587	11	29	1.76	-6.4	22.304	12.32
g	489	200	587	11	29	1.685	0	28.672	11.776
g	495	233	587	13	30	0.533	-6.848	22.304	14.08
g	511	266	587	11	24	1.547	-1.557	22.4	12.352
g	536	299	587	11	30	1.472	-6.656	22.656	12.416
g	537	332	587	10	23	1.408	-6.528	16.16	10.944
g	538	365	587	12	29	1.808	-6.528	22.4	12.288
g	539	398	587	6	27	2.315	-5.984	20.064	7.84
g	543	431	587	11	29	1.685	0	28.672	12.736
g	552	464	587	12	29	2.123	-5.664	22.4	13.152
g	553	497	587	10	22	1.792	-5.664	16.288	12.128
g	567	530	587	7	23	-1.856	-6.752	16.032	5.792
g	601	563	587	10	17	1.536	-0.256	16.288	12.128
g	658	596	587	13	23	0.533	-6.848	16.032	14.08
g	699	629	587	2	7	2.208	16.256	22.4	2.656
g	700	662	587	4	7	1.461	16.256	22.4	2.656
g	710	2	626	6	4	2.635	18.592	22.4	5.888
g	711	35	626	6	4	3.136	18.592	22.4	7.584
g	713	68	626	7	1	2.037	21.568	22.4	5.984
g	728	101	626	6	4	2.795	18.016	21.152	7.616
g	729	134	626	3	3	2.784	19.616	22.336	4.32
g	730	167	626	7	7	2.88	18.816	25.152	7.648
g	731	200	626	3	6	-1.088	-5.856	0	3.168
g	732	233	626	8	3	2.848	19.872	22.176	9.376
g	733	266	626	7	5	2.64	18.464	22.656	8.16
g	768	299	626	3	5	-0.96	18.208	22.4	0
g	769	332	626	4	5	-1.456	18.208	22.4	0
g	770	365	626	6	4	-4.949	18.592	22.4	0
g	771	398	626	8	3	-5.664	19.872	22.176	0
g	772	431	626	7	1	-4.085	20.384	21.216	0
g	774	464	626	7	4	-4.747	18.816	21.984	0
g	775	497	626	3	3	-0.768	19.616	22.336	0
g	776	530	626	7	3	-4.736	19.616	22.336	0
g	777	563	626	5	6	-10.304	17.365	23.008	0
g	778	596	626	7	7	-3.872	18.816	25.152	0
g	779	629	626	7	5	-5.552	18.208	22.4	0
g	780	662	626	6	4	-4.448	18.592	22.4	0
g	786	2	665	4	5	-2.288	18.208	22.4	0
g	787	35	665	4	5	-1.456	18.208	22.4	0
g	795	68	665	4	4	-2.539	15.296	18.496	0
g	803	101	665	3	3	-3.744	-5.216	-2.624	0
g	806	134	665	4	5	-5.328	-6.4	-2.208	0
g	807	167	665	4	6	-4.437	-5.856	0	0
g	808	200	665	3	6	-4.256	-5.856	0	0
g	821	233	665	8	1	-6.272	18.4	19.2	0
g	822	266	665	13	1	-10.603	16.608	17.44	0
g	823	299	665	12	8	-8.416	4.64	12.352	0
g	824	332	665	14	25	-11.088	-0.992	23.68	0
g	916	365	665	15	23	-0.299	0	22.4	14.72
g	937	398	665	13	23	1.493	0	22.656	14.688
g	956	431	665	12	23	0.907	-6.4	16.032	12.96
g	960	464	665	13	17	2.411	0	16.032	15.232
g	7808	497	665	17	29	3.136	0	28.768	18.112
g	7809	530	665	15	23	2.208	0	22.4	16.128
g	7810	563	665	17	29	3.136	0	28.768	18.112
g	7811	596	665	15	23	2.208	0	22.4	16.128
g	7812	629	665	17	29	3.136	0	28.704	18.112
g	7813	662	665	15	23	2.208	0	22.336	16.128
g	7840	2	704	11	28	-0.235	-5.216	22.4	11.392
g	7841	35	704	10	22	1.76	-5.216	16.288	12.16
g	7842	68	704	12	30	-0.235	0	29.376	11.392
g	7843	101	704	10	24	1.76	-0.256	23.008	12.16
g	7844	134	704	16	32	-0.235	0	31.168	11.392
g	7845	167	704	13	26	1.76	-0.256	24.8	12.16
g	7846	200	704	14	33	-0.235	0	32.64	11.392
g	7847	233	704	11	27	1.76	-0.256	26.272	12.16
g	7848	266	704	15	34	-0.235	0	33.312	11.392
g	7849	299	704	13	28	1.76	-0.256	26.944	12.16
g	7850	332	704	14	32	-0.235	0	31.968	11.392
g	7851	365	704	11	26	1.76	-0.256	25.6	12.16
g	7852	398	704	12	34	-0.235	-5.216	28.768	11.392
g	7853	431	704	10	28	1.76	-5.216	22.4	12.16
g	7854	464	704	12	34	-0.235	0	33.824	11.392
g	7855	497	704	10	28	1.76	-0.256	27.456	12.16
g	7856	530	704	12	34	-0.235	0	33.824	11.392
g	7857	563	704	10	28	1.76	-0.256	27.456	12.16
g	7858	596	704	12	35	-0.235	0	34.4	11.392
g	7859	629	704	10	29	1.76	-0.256	28.032	12.16
g	7860	662	704	13	32	-0.235	0	31.936	11.392
g	7861	2	743	11	26	1.76	-0.256	25.568	12.16
g	7862	35	743	12	34	-0.235	-5.216	28.352	11.392
g	7863	68	743	10	28	1.76	-5.216	21.984	12.16
g	7864	101	743	12	28	2.123	-5.216	22.4	13.152
g	7865	134	743	10	22	1.76	-5.216	16.288	12.128
g	7866	167	743	12	30	2.123	0	29.376	13.152
g	7867	200	743	10	24	1.76	-0.256	23.008	12.128
g	7868	233	743	12	29	2.123	0	28.544	13.152
g	7869	266	743	11	23	1.76	-0.256	22.176	12.128
g	7870	299	743	15	32	2.123	0	31.168	13.152
g	7871	332	743	13	26	1.76	-0.256	24.8	12.128
g	7872	365	743	13	33	2.123	0	32.64	13.152
g	7873	398	743	11	27	1.76	-0.256	26.272	12.128
g	7874	431	743	15	34	2.123	0	33.312	13.152
g	7875	464	743	13	28	1.76	-0.256	26.944	12.128
g	7876	497	743	13	32	2.123	0	31.968	13.152
g	7877	530	743	11	26	1.76	-0.256	25.6	12.128
g	7878	563	743	12	34	2.123	-5.216	28.768	13.152
g	7879	596	743	10	28	1.76	-5.216	22.4	12.128
g	7880	629	743	7	30	2.123	0	29.376	6.4
g	7881	662	743	6	24	1.355	0	23.008	4.864
g	7882	2	782	5	28	0.832	-5.216	22.4	6.4
g	7883	35	782	6	28	0.768	-5.216	22.336	6.24
g	7884	68	782	12	28	2.048	-5.216	22.656	13.856
g	7885	101	782	10	22	1.76	-5.216	16.288	12.352
g	7886	134	782	12	30	2.048	-0.256	29.344	13.856
g	7887	167	782	10	24	1.76	-0.256	23.008	12.352
g	7888	200	782	14	32	2.048	-0.256	31.136	13.856
g	7889	233	782	13	26	1.76	-0.256	24.8	12.352
g	7890	266	782	12	33	2.048	-0.256	32.608	13.856
g	7891	299	782	11	27	1.76	-0.256	26.272	12.352
g	7892	332	782	14	34	2.048	-0.256	33.28	13.856
g	7893	365	782	13	28	1.76	-0.256	26.944	12.352
g	7894	398	782	13	33	2.048	-0.256	31.936	13.856
g	7895	431	782	11	26	1.76	-0.256	25.6	12.352
g	7896	464	782	12	34	2.048	-5.216	28.736	13.856
g	7897	497	782	10	28	1.76	-5.216	22.4	12.352
g	7898	530	782	12	29	2.048	-0.256	28.736	13.856
g	7899	563	782	11	23	1.76	-0.256	22.4	12.352
g	7900	596	782	12	29	2.048	-0.256	28.736	13.856
g	7901	629	782	11	23	1.76	-0.256	22.4	12.352
g	7902	662	782	12	30	2.048	-0.256	29.344	13.856
g	7903	2	821	11	24	1.76	-0.256	23.008	12.352
g	7904	35	821	12	29	2.048	-0.256	28.512	13.856
g	7905	68	821	11	23	1.76	-0.256	22.208	12.352
g	7906	101	821	12	31	2.048	-5.216	24.864	13.856
g	7907	134	821	11	24	1.76	-5.216	18.496	12.352
g	7908	167	821	12	28	2.528	-5.216	22.4	14.72
g	7909	200	821	10	22	1.984	-5.216	16.032	12.736
g	7910	233	821	12	30	2.528	-0.256	29.376	14.72
g	7911	266	821	10	24	1.984	-0.224	23.008	12.736
g	7912	299	821	15	30	2.528	-0.256	28.768	14.72
g	7913	332	821	13	23	1.984	-0.224	22.4	12.736
g	7914	365	821	15	30	2.528	-0.256	28.768	14.72
g	7915	398	821	13	23	1.984	-0.224	22.4	12.736
g	7916	431	821	15	30	2.528	-0.256	29.376	14.72
g	7917	464	821	13	24	1.984	-0.224	23.008	12.736
g	7918	497	821	15	29	2.528	-0.256	28.544	14.72
g	7919	530	821	13	23	1.984	-0.224	22.176	12.736
g	7920	563	821	15	31	2.528	-5.216	24.864	14.72
g	7921	596	821	13	24	1.984	-5.216	18.496	12.736
g	7922	629	821	10	29	3.456	0	28.768	12.256
g	7923	662	821	12	29	-0.117	-6.4	22.4	10.4
g	7924	2	860	10	28	3.456	-5.216	22.4	12.256
g	7925	35	860	12	23	-0.117	-6.4	16.032	10.4
g	7926	68	860	10	30	3.456	0	29.376	12.256
g	7927	101	860	12	30	-0.117	-6.4	23.008	10.4
g	7928	134	860	10	29	3.456	0	28.544	12.256
g	7929	167	860	12	29	-0.117	-6.4	22.176	10.4
g	8208	200	860	8	1	1.76	9.792	10.688	9.408
g	8211	233	860	10	1	1.589	8.576	9.472	11.392
g	8212	266	860	17	1	1.589	8.576	9.472	18.368
g	8216	299	860	4	7	1.429	16.256	22.4	2.656
g	8217	332	860	4	7	1.461	16.256	22.4	2.656
g	8218	365	860	3	8	0.437	-2.176	4.896	18.624
g	8220	398	860	7	7	1.429	16.256	22.4	5.92
g	8221	431	860	7	7	1.429	16.256	22.4	5.92
g	8222	464	860	7	7	-0.811	-2.08	4.064	5.344
g	8224	497	860	8	29	2.251	-6.4	22.4	9.92
g	8225	530	860	10	29	0.693	-6.4	22.4	9.92
g	8226	563	860	7	7	1.536	4.928	11.776	8.96
g	8230	596	860	16	3	0.864	0.16	2.88	17.856
g	8240	629	860	29	23	1.952	-0.256	22.656	31.104
g	8242	662	860	4	7	1.429	15.936	22.4	3.2
g	8243	2	899	7	7	2.261	15.936	22.4	7.584
g	8249	35	899	6	12	2.688	3.424	14.56	9.888
g	8250	68	899	6	12	2.736	3.424	14.56	10.496
g	8260	101	899	18	23	-4.277	0	22.4	7.104
g	8308	134	899	7	14	2.123	14.624	28.064	6.944
g	8309	167	899	7	14	2.272	14.368	27.968	6.976
g	8310	200	899	7	14	2.752	14.368	28.128	7.456
g	8311	233	899	6	14	2.923	14.624	28.064	6.4
g	8312	266	899	7	14	2.688	14.368	28.128	7.776
g	8313	299	899	7	14	2.496	14.368	28.128	7.456
g	8355	332	899	14	23	2.731	0	22.4	14.656
g	8364	365	899	12	23	2.603	-0.256	22.656	14.816
g	8378	398	899	13	23	2.848	0	22.4	17.088
g	8381	431	899	13	23	2.923	0	22.464	15.52
g	8467	464	899	10	23	2.592	-0.256	22.688	12.928
g	8482	497	899	14	12	2.656	11.168	22.4	15.488
g	8486	530	899	13	23	1.493	0	22.656	14.688
g	8494	563	899	23	23	2.752	-0.256	22.656	26.72
g	8539	596	899	19	23	1.547	-0.256	22.4	20.992
g	8540	629	899	22	23	1.536	-0.256	22.4	23.008
g	8541	662	899	20	23	1.568	-0.256	22.4	21.248
g	8542	2	938	19	23	0.683	-0.256	22.4	20.128
g	8706	35	938	14	23	2.016	-0.256	22.656	16.768
g	8710	68	938	15	23	-0.299	0	22.4	14.72
g	8719	101	938	13	32	1.333	-6.4	25.6	14.528
g	8721	134	938	16	29	1.333	-6.368	22.528	16
g	8722	167	938	12	1	1.749	9.856	10.688	13.76
g	8725	200	938	13	23	0.341	0	22.4	13.152
g	8729	233	938	7	7	1.76	6.784	13.6	8.96
g	8730	266	938	19	32	0.864	-6.4	25.216	18.72
g	8734	299	938	18	10	1.728	5.632	14.816	19.456
g	8747	332	938	12	30	-0.405	-6.688	22.688	9.696
g	8776	365	938	13	10	1.344	5.536	15.104	13.792
g	8800	398	938	13	15	1.408	3.712	17.984	13.76
g	8804	431	938	14	15	0.704	1.216	16.064	13.76
g	8805	464	938	13	15	0.693	1.216	16.075	13.76
g	9674	497	938	10	26	1.92	-1.312	23.712	11.808
g	10217	530	938	7	24	1.813	-2.976	20.96	10.496
g	64257	563	938	13	23	2.251	0	22.688	14.464
g	64258	596	938	12	23	2.251	0	22.688	13.344
