atlas	1024	2048	15	15	3	18
g	13	9	19	0	0	0	0	0	4	0
g	32	35	19	0	0	0	0	0	4	0
g	33	62	8	2	11	1	0	11	4	0
g	34	87	8	4	4	0	7	11	4	0
g	35	113	8	9	11	0	0	11	9	0
g	36	139	7	6	14	0	-2	12	6	0
g	37	166	8	10	12	1	-1	11	12	0
g	38	191	8	8	12	0	-1	11	8	0
g	39	217	8	2	4	0	7	11	2	0
g	40	242	7	4	14	-1	-2	12	3	0
g	41	269	7	4	14	0	-2	12	3	0
g	42	295	7	6	7	0	5	12	5	0
g	43	321	11	7	7	0	1	8	7	0
g	44	347	16	3	5	0	-2	3	3	0
g	45	373	13	5	2	0	4	6	5	0
g	46	399	17	3	2	0	0	2	3	0
g	47	425	8	5	11	0	0	11	5	0
g	48	451	8	6	12	0	-1	11	7	0
g	49	477	8	3	11	0	0	11	4	0
g	50	503	8	6	11	0	0	11	6	0
g	51	529	8	6	12	0	-1	11	6	0
g	52	555	8	6	11	0	0	11	6	0
g	53	581	8	6	12	0	-1	11	6	0
g	54	607	8	6	12	0	-1	11	6	0
g	55	633	8	6	11	0	0	11	5	0
g	56	659	8	6	12	0	-1	11	6	0
g	57	9	33	6	12	0	-1	11	6	0
g	58	35	37	3	7	0	0	7	3	0
g	59	61	37	3	9	0	-2	7	3	0
g	60	87	36	7	8	0	0	8	7	0
g	61	113	37	7	5	0	2	7	7	0
g	62	139	36	7	8	0	0	8	7	0
g	63	165	33	6	11	0	0	11	6	0
g	64	191	34	11	12	0	-2	10	11	0
g	65	217	33	6	11	0	0	11	6	0
g	66	244	33	6	11	1	0	11	7	0
g	67	269	33	6	12	0	-1	11	7	0
g	68	296	33	6	11	1	0	11	7	0
g	69	322	33	5	11	1	0	11	6	0
g	70	348	33	5	11	1	0	11	6	0
g	71	373	33	6	12	0	-1	11	7	0
g	72	400	33	5	11	1	0	11	7	0
g	73	426	33	2	11	1	0	11	3	0
g	74	451	33	6	12	0	-1	11	6	0
g	75	478	33	6	11	1	0	11	7	0
g	76	504	33	5	11	1	0	11	6	0
g	77	530	33	6	11	1	0	11	8	0
g	78	556	33	6	11	1	0	11	7	0
g	79	581	33	7	12	0	-1	11	7	0
g	80	608	33	6	11	1	0	11	7	0
g	81	633	33	6	13	0	-2	11	7	0
g	82	660	33	6	11	1	0	11	7	0
g	83	9	58	6	12	0	-1	11	6	0
g	84	35	58	6	11	0	0	11	6	0
g	85	61	58	7	12	0	-1	11	7	0
g	86	87	58	7	11	0	0	11	7	0
g	87	113	58	9	11	0	0	11	9	0
g	88	139	58	6	11	0	0	11	7	0
g	89	165	58	6	11	0	0	11	6	0
g	90	191	58	6	11	0	0	11	6	0
g	91	217	57	4	14	0	-2	12	5	0
g	92	243	58	5	11	0	0	11	5	0
g	93	270	57	4	14	1	-2	12	5	0
g	94	295	58	6	7	0	4	11	6	0
g	95	321	68	6	1	0	0	1	6	0
g	96	347	58	3	3	0	8	11	3	0
g	97	373	61	6	9	0	-1	8	6	0
g	98	399	58	6	12	0	-1	11	6	0
g	99	425	61	6	9	0	-1	8	6	0
g	100	451	58	6	12	0	-1	11	6	0
g	101	477	61	6	9	0	-1	8	6	0
g	102	503	58	4	11	0	0	11	4	0
g	103	529	61	6	12	0	-4	8	6	0
g	104	555	58	6	11	0	0	11	6	0
g	105	581	58	3	11	0	0	11	3	0
g	106	606	58	4	15	-1	-4	11	3	0
g	107	633	58	6	11	0	0	11	6	0
g	108	659	58	2	11	0	0	11	3	0
g	109	9	86	9	8	0	0	8	10	0
g	110	35	86	6	8	0	0	8	6	0
g	111	61	86	6	9	0	-1	8	6	0
g	112	87	86	6	11	0	-3	8	6	0
g	113	113	86	6	11	0	-3	8	6	0
g	114	139	86	5	8	0	0	8	4	0
g	115	165	86	6	9	0	-1	8	6	0
g	116	191	84	4	10	0	0	10	4	0
g	117	217	86	6	9	0	-1	8	6	0
g	118	243	86	6	8	0	0	8	6	0
g	119	269	86	8	8	0	0	8	8	0
g	120	295	86	6	8	0	0	8	6	0
g	121	321	86	6	11	0	-3	8	6	0
g	122	347	86	5	8	0	0	8	5	0
g	123	373	82	4	14	0	-2	12	4	0
g	124	399	82	2	14	0	-2	12	2	0
g	125	425	82	4	14	0	-2	12	4	0
g	126	451	88	7	3	0	3	6	7	0
g	160	477	94	0	0	0	0	0	3	0
g	161	504	83	2	11	1	0	11	4	0
g	162	529	83	6	11	0	0	11	6	0
g	163	556	83	7	11	1	0	11	8	0
g	164	581	86	8	7	0	1	8	8	0
g	165	608	83	6	11	1	0	11	8	0
g	166	633	82	2	14	0	-2	12	2	0
g	167	659	83	6	15	0	-4	11	6	0
g	168	9	108	5	3	0	8	11	5	0
g	169	35	108	12	12	0	-1	11	13	0
g	170	61	108	4	7	0	4	11	4	0
g	171	88	112	5	6	1	1	7	7	0
g	172	113	113	7	4	0	2	6	7	0
g	174	139	108	7	7	0	4	11	7	0
g	175	167	109	4	2	2	8	10	7	0
g	176	191	106	6	6	0	7	13	5	0
g	177	217	110	7	9	0	0	9	7	0
g	178	243	105	4	8	0	6	14	4	0
g	179	269	106	4	7	0	6	13	4	0
g	180	295	108	3	3	0	8	11	3	0
g	181	321	111	6	11	0	-3	8	6	0
g	182	347	108	6	14	0	-3	11	7	0
g	183	373	113	3	3	0	3	6	3	0
g	184	399	119	2	3	0	-3	0	2	0
g	185	425	106	2	7	0	6	13	2	0
g	186	451	108	4	7	0	4	11	4	0
g	187	478	112	6	6	1	1	7	7	0
g	188	503	108	10	11	0	0	11	10	0
g	189	529	108	10	11	0	0	11	10	0
g	190	555	108	11	11	0	0	11	11	0
g	191	581	111	6	12	0	-4	8	6	0
g	192	607	105	6	14	0	0	14	6	0
g	193	633	105	6	14	0	0	14	6	0
g	194	659	105	6	14	0	0	14	6	0
g	195	9	130	6	14	0	0	14	6	0
g	196	35	130	6	14	0	0	14	6	0
g	197	61	129	6	15	0	0	15	6	0
g	198	87	133	10	11	0	0	11	10	0
g	199	113	133	6	14	0	-3	11	7	0
g	200	140	130	5	14	1	0	14	6	0
g	201	166	130	5	14	1	0	14	6	0
g	202	192	130	5	14	1	0	14	6	0
g	203	218	130	5	14	1	0	14	6	0
g	204	243	130	3	14	0	0	14	3	0
g	205	269	130	3	14	0	0	14	3	0
g	206	294	130	5	14	-1	0	14	3	0
g	207	320	130	5	14	-1	0	14	3	0
g	208	348	133	6	11	1	0	11	8	0
g	209	374	130	6	14	1	0	14	7	0
g	210	399	130	7	15	0	-1	14	7	0
g	211	425	130	7	15	0	-1	14	7	0
g	212	451	130	7	15	0	-1	14	7	0
g	213	477	130	7	15	0	-1	14	7	0
g	214	503	130	7	15	0	-1	14	7	0
g	215	529	137	6	5	0	2	7	6	0
g	216	555	132	7	13	0	-1	12	8	0
g	217	581	130	7	15	0	-1	14	7	0
g	218	607	130	7	15	0	-1	14	7	0
g	219	633	130	7	15	0	-1	14	7	0
g	220	659	130	7	15	0	-1	14	7	0
g	221	9	155	6	14	0	0	14	6	0
g	222	36	158	6	11	1	0	11	7	0
g	223	61	158	6	11	0	0	11	6	0
g	224	87	158	6	12	0	-1	11	6	0
g	225	113	158	6	12	0	-1	11	6	0
g	226	139	158	6	12	0	-1	11	6	0
g	227	165	158	6	12	0	-1	11	6	0
g	228	191	158	6	12	0	-1	11	6	0
g	229	217	157	6	13	0	-1	12	6	0
g	230	243	161	10	9	0	-1	8	10	0
g	231	269	161	6	11	0	-3	8	6	0
g	232	295	158	6	12	0	-1	11	6	0
g	233	321	158	6	12	0	-1	11	6	0
g	234	347	158	6	12	0	-1	11	6	0
g	235	373	158	6	12	0	-1	11	6	0
g	236	398	158	3	11	-1	0	11	3	0
g	237	425	158	3	11	0	0	11	3	0
g	238	450	158	4	11	-1	0	11	3	0
g	239	476	158	5	11	-1	0	11	3	0
g	240	503	158	6	12	0	-1	11	6	0
g	241	529	158	6	11	0	0	11	6	0
g	242	555	158	6	12	0	-1	11	6	0
g	243	581	158	6	12	0	-1	11	6	0
g	244	607	158	6	12	0	-1	11	6	0
g	245	633	158	6	12	0	-1	11	6	0
g	246	659	158	6	12	0	-1	11	6	0
g	247	9	186	7	7	0	1	8	7	0
g	248	35	185	6	10	0	-1	9	6	0
g	249	61	183	6	12	0	-1	11	6	0
g	250	87	183	6	12	0	-1	11	6	0
g	251	113	183	6	12	0	-1	11	6	0
g	252	139	183	6	12	0	-1	11	6	0
g	253	165	183	6	14	0	-3	11	6	0
g	254	191	183	6	14	0	-3	11	6	0
g	255	217	183	6	14	0	-3	11	6	0
g	256	243	181	6	13	0	0	13	6	0
g	257	269	184	6	11	0	-1	10	6	0
g	258	295	181	6	13	0	0	13	6	0
g	259	321	184	6	11	0	-1	10	6	0
g	260	347	183	7	14	0	-3	11	6	0
g	261	373	186	6	11	0	-3	8	6	0
g	262	399	180	6	15	0	-1	14	7	0
g	263	425	183	6	12	0	-1	11	6	0
g	264	451	180	6	15	0	-1	14	7	0
g	265	477	183	6	12	0	-1	11	6	0
g	266	503	180	6	15	0	-1	14	7	0
g	267	529	183	6	12	0	-1	11	6	0
g	268	555	180	6	15	0	-1	14	7	0
g	269	581	183	6	12	0	-1	11	6	0
g	270	608	180	6	14	1	0	14	7	0
g	271	633	183	9	12	0	-1	11	6	0
g	272	660	183	6	11	1	0	11	8	0
g	273	9	208	7	12	0	-1	11	6	0
g	274	36	206	5	13	1	0	13	6	0
g	275	61	208	6	12	0	-1	11	6	0
g	278	88	205	5	14	1	0	14	6	0
g	279	113	208	6	12	0	-1	11	6	0
g	280	140	208	5	14	1	-3	11	6	0
g	281	165	211	6	11	0	-3	8	6	0
g	282	192	205	5	14	1	0	14	6	0
g	283	217	208	6	12	0	-1	11	6	0
g	284	243	205	6	15	0	-1	14	7	0
g	285	269	208	6	15	0	-4	11	6	0
g	286	295	206	6	14	0	-1	13	7	0
g	287	321	209	6	14	0	-4	10	6	0
g	288	347	205	6	15	0	-1	14	7	0
g	289	373	208	6	15	0	-4	11	6	0
g	290	399	208	6	14	0	-3	11	7	0
g	291	425	208	6	15	0	-4	11	6	0
g	292	452	205	5	14	1	0	14	7	0
g	293	477	205	6	14	0	0	14	6	0
g	294	503	208	7	11	0	0	11	7	0
g	295	529	208	6	11	0	0	11	6	0
g	296	554	205	5	14	-1	0	14	3	0
g	297	580	208	5	11	-1	0	11	3	0
g	298	607	206	4	13	0	0	13	3	0
g	299	632	209	4	10	-1	0	10	3	0
g	301	658	208	4	11	-1	0	11	3	0
g	302	9	233	3	14	0	-3	11	3	0
g	303	35	233	3	14	0	-3	11	3	0
g	304	61	230	3	14	0	0	14	3	0
g	305	87	236	2	8	0	0	8	3	0
g	307	113	233	6	15	0	-4	11	6	0
g	308	139	230	7	15	0	-1	14	6	0
g	309	164	233	5	15	-1	-4	11	3	0
g	310	192	233	6	14	1	-3	11	7	0
g	311	217	233	6	14	0	-3	11	6	0
g	313	243	230	6	14	0	0	14	6	0
g	314	269	230	3	14	0	0	14	3	0
g	315	296	233	5	14	1	-3	11	6	0
g	316	320	233	3	14	-1	-3	11	3	0
g	317	348	233	5	11	1	0	11	6	0
g	318	373	233	5	11	0	0	11	5	0
g	320	399	230	3	14	0	0	14	3	0
g	321	424	233	8	11	-1	0	11	6	0
g	322	451	233	5	11	0	0	11	4	0
g	323	478	230	6	14	1	0	14	7	0
g	324	503	233	6	11	0	0	11	6	0
g	325	530	233	6	14	1	-3	11	7	0
g	326	555	236	6	11	0	-3	8	6	0
g	327	582	230	6	14	1	0	14	7	0
g	328	607	233	6	11	0	0	11	6	0
g	330	634	233	6	14	1	-3	11	7	0
g	331	659	236	6	11	0	-3	8	6	0
g	332	9	256	7	14	0	-1	13	7	0
g	333	35	259	6	11	0	-1	10	6	0
g	335	61	258	6	12	0	-1	11	6	0
g	336	87	255	7	15	0	-1	14	7	0
g	337	113	258	6	12	0	-1	11	6	0
g	338	139	258	10	12	0	-1	11	10	0
g	339	165	261	10	9	0	-1	8	10	0
g	340	192	255	6	14	1	0	14	7	0
g	341	217	258	5	11	0	0	11	4	0
g	342	244	258	6	14	1	-3	11	7	0
g	343	268	261	6	11	-1	-3	8	4	0
g	344	296	255	6	14	1	0	14	7	0
g	345	321	258	5	11	0	0	11	4	0
g	346	347	255	6	15	0	-1	14	6	0
g	347	373	258	6	12	0	-1	11	6	0
g	348	399	255	6	15	0	-1	14	6	0
g	349	425	258	6	12	0	-1	11	6	0
g	350	451	258	6	14	0	-3	11	6	0
g	351	477	261	6	11	0	-3	8	6	0
g	352	503	255	6	15	0	-1	14	6	0
g	353	529	258	6	12	0	-1	11	6	0
g	354	555	258	6	14	0	-3	11	6	0
g	355	581	259	4	13	0	-3	10	4	0
g	356	607	255	6	14	0	0	14	6	0
g	357	633	258	5	11	0	0	11	4	0
g	358	659	258	6	11	0	0	11	6	0
g	359	9	284	4	10	0	0	10	4	0
g	360	35	280	7	15	0	-1	14	7	0
g	361	61	283	6	12	0	-1	11	6	0
g	362	87	281	7	14	0	-1	13	7	0
g	363	113	284	6	11	0	-1	10	6	0
g	364	139	280	7	15	0	-1	14	7	0
g	365	165	283	6	12	0	-1	11	6	0
g	366	191	279	7	16	0	-1	15	7	0
g	367	217	282	6	13	0	-1	12	6	0
g	368	243	280	7	15	0	-1	14	7	0
g	369	269	283	6	12	0	-1	11	6	0
g	370	295	283	7	14	0	-3	11	7	0
g	371	321	286	6	11	0	-3	8	6	0
g	372	347	280	9	14	0	0	14	9	0
g	373	373	283	8	11	0	0	11	8	0
g	374	399	280	6	14	0	0	14	6	0
g	375	425	283	6	14	0	-3	11	6	0
g	376	451	280	6	14	0	0	14	6	0
g	377	477	280	6	14	0	0	14	6	0
g	378	503	283	5	11	0	0	11	5	0
g	379	529	280	6	14	0	0	14	6	0
g	380	555	283	5	11	0	0	11	5	0
g	381	581	280	6	14	0	0	14	6	0
g	382	607	283	5	11	0	0	11	5	0
g	399	633	283	7	12	0	-1	11	8	0
g	402	659	283	7	15	0	-4	11	7	0
g	416	9	307	7	13	0	-1	12	7	0
g	417	35	310	6	10	0	-1	9	6	0
g	431	61	307	8	13	0	-1	12	7	0
g	432	87	310	7	10	0	-1	9	6	0
g	461	113	305	6	14	0	0	14	6	0
g	462	139	308	6	12	0	-1	11	6	0
g	468	165	308	6	12	0	-1	11	6	0
g	485	191	311	7	12	0	-4	8	6	0
g	487	217	308	6	15	0	-4	11	6	0
g	489	243	305	6	14	0	0	14	6	0
g	495	269	308	6	15	0	-4	11	7	0
g	511	295	308	6	12	0	-1	11	6	0
g	536	321	308	6	14	0	-3	11	6	0
g	537	347	311	6	11	0	-3	8	6	0
g	538	373	308	6	14	0	-3	11	6	0
g	539	399	309	4	13	0	-3	10	4	0
g	543	425	305	6	14	0	0	14	6	0
g	552	452	308	5	14	1	-3	11	6	0
g	553	477	311	6	11	0	-3	8	6	0
g	567	502	311	3	12	-1	-4	8	3	0
g	601	529	311	6	9	0	-1	8	6	0
g	658	555	311	6	12	0	-4	8	7	0
g	699	581	308	2	4	0	7	11	2	0
g	700	607	308	2	4	0	7	11	2	0
g	710	633	308	4	3	0	8	11	3	0
g	711	659	308	4	3	0	8	11	4	0
g	713	9	333	4	2	0	9	11	3	0
g	728	35	334	4	2	0	8	10	4	0
g	729	61	333	3	3	0	8	11	2	0
g	730	87	332	4	4	0	8	12	4	0
g	731	113	344	2	3	0	-3	0	2	0
g	732	139	333	5	2	0	9	11	5	0
g	733	165	333	5	3	0	8	11	5	0
g	768	189	333	2	3	-2	8	11	0	0
g	769	214	333	3	3	-3	8	11	0	0
g	770	239	333	4	3	-4	8	11	0	0
g	771	265	333	4	2	-4	9	11	0	0
g	772	291	333	4	2	-4	9	11	0	0
g	774	317	333	4	3	-4	8	11	0	0
g	775	345	333	2	3	-2	8	11	0	0
g	776	369	333	4	3	-4	8	11	0	0
g	777	392	333	4	3	-7	8	11	0	0
g	778	421	332	5	4	-4	8	12	0	0
g	779	446	333	5	3	-5	8	11	0	0
g	780	473	333	4	3	-4	8	11	0	0
g	786	500	333	3	3	-3	8	11	0	0
g	787	526	333	3	3	-3	8	11	0	0
g	795	553	335	2	2	-2	7	9	0	0
g	803	579	345	2	2	-2	-3	-1	0	0
g	806	604	344	3	3	-3	-3	0	0	0
g	807	631	344	2	3	-2	-3	0	0	0
g	808	657	344	2	3	-2	-3	0	0	0
g	821	4	359	5	2	-5	8	10	0	0
g	822	28	360	7	2	-7	7	9	0	0
g	823	56	362	6	5	-5	2	7	0	0
g	824	81	357	6	13	-6	-1	12	0	0
g	916	113	358	8	11	0	0	11	7	0
g	937	139	358	7	11	0	0	11	7	0
g	956	165	361	6	11	0	-3	8	6	0
g	960	191	361	8	8	0	0	8	8	0
g	7808	217	355	9	14	0	0	14	9	0
g	7809	243	358	8	11	0	0	11	8	0
g	7810	269	355	9	14	0	0	14	9	0
g	7811	295	358	8	11	0	0	11	8	0
g	7812	321	355	9	14	0	0	14	9	0
g	7813	347	358	8	11	0	0	11	8	0
g	7840	373	358	6	14	0	-3	11	6	0
g	7841	399	361	6	11	0	-3	8	6	0
g	7842	425	355	6	14	0	0	14	6	0
g	7843	451	358	6	12	0	-1	11	6	0
g	7844	477	354	7	15	0	0	15	6	0
g	7845	503	357	7	13	0	-1	12	6	0
g	7846	529	353	6	16	0	0	16	6	0
g	7847	555	356	6	14	0	-1	13	6	0
g	7848	581	353	7	16	0	0	16	6	0
g	7849	607	356	7	14	0	-1	13	6	0
g	7850	633	353	6	16	0	0	16	6	0
g	7851	659	356	6	14	0	-1	13	6	0
g	7852	9	380	6	17	0	-3	14	6	0
g	7853	35	383	6	14	0	-3	11	6	0
g	7854	61	378	6	16	0	0	16	6	0
g	7855	87	381	6	14	0	-1	13	6	0
g	7856	113	378	6	16	0	0	16	6	0
g	7857	139	381	6	14	0	-1	13	6	0
g	7858	165	377	6	17	0	0	17	6	0
g	7859	191	380	6	15	0	-1	14	6	0
g	7860	217	378	6	16	0	0	16	6	0
g	7861	243	381	6	14	0	-1	13	6	0
g	7862	269	380	6	17	0	-3	14	6	0
g	7863	295	383	6	14	0	-3	11	6	0
g	7864	322	383	5	14	1	-3	11	6	0
g	7865	347	386	6	11	0	-3	8	6	0
g	7866	374	380	5	14	1	0	14	6	0
g	7867	399	383	6	12	0	-1	11	6	0
g	7868	426	380	5	14	1	0	14	6	0
g	7869	451	383	6	12	0	-1	11	6	0
g	7870	478	379	6	15	1	0	15	6	0
g	7871	503	382	7	13	0	-1	12	6	0
g	7872	530	378	5	16	1	0	16	6	0
g	7873	555	381	6	14	0	-1	13	6	0
g	7874	582	378	6	16	1	0	16	6	0
g	7875	607	381	7	14	0	-1	13	6	0
g	7876	634	378	5	16	1	0	16	6	0
g	7877	659	381	6	14	0	-1	13	6	0
g	7878	10	405	5	17	1	-3	14	6	0
g	7879	35	408	6	14	0	-3	11	6	0
g	7880	61	405	3	14	0	0	14	3	0
g	7881	86	408	4	11	-1	0	11	3	0
g	7882	113	408	3	14	0	-3	11	3	0
g	7883	139	408	3	14	0	-3	11	3	0
g	7884	165	408	7	14	0	-3	11	7	0
g	7885	191	411	6	11	0	-3	8	6	0
g	7886	217	405	7	15	0	-1	14	7	0
g	7887	243	408	6	12	0	-1	11	6	0
g	7888	269	404	7	16	0	-1	15	7	0
g	7889	295	407	7	13	0	-1	12	6	0
g	7890	321	403	7	17	0	-1	16	7	0
g	7891	347	406	6	14	0	-1	13	6	0
g	7892	373	403	7	17	0	-1	16	7	0
g	7893	399	406	7	14	0	-1	13	6	0
g	7894	425	403	7	17	0	-1	16	7	0
g	7895	451	406	6	14	0	-1	13	6	0
g	7896	477	405	7	17	0	-3	14	7	0
g	7897	503	408	6	14	0	-3	11	6	0
g	7898	529	405	7	15	0	-1	14	7	0
g	7899	555	408	6	12	0	-1	11	6	0
g	7900	581	405	7	15	0	-1	14	7	0
g	7901	607	408	6	12	0	-1	11	6	0
g	7902	633	405	7	15	0	-1	14	7	0
g	7903	659	408	6	12	0	-1	11	6	0
g	7904	9	430	7	15	0	-1	14	7	0
g	7905	35	433	6	12	0	-1	11	6	0
g	7906	61	432	7	15	0	-3	12	7	0
g	7907	87	435	6	12	0	-3	9	6	0
g	7908	113	433	7	14	0	-3	11	7	0
g	7909	139	436	6	11	0	-3	8	6	0
g	7910	165	430	7	15	0	-1	14	7	0
g	7911	191	433	6	12	0	-1	11	6	0
g	7912	217	430	8	15	0	-1	14	7	0
g	7913	243	433	7	12	0	-1	11	6	0
g	7914	269	430	8	15	0	-1	14	7	0
g	7915	295	433	7	12	0	-1	11	6	0
g	7916	321	430	8	15	0	-1	14	7	0
g	7917	347	433	7	12	0	-1	11	6	0
g	7918	373	430	8	15	0	-1	14	7	0
g	7919	399	433	7	12	0	-1	11	6	0
g	7920	425	432	8	15	0	-3	12	7	0
g	7921	451	435	7	12	0	-3	9	6	0
g	7922	477	430	6	14	0	0	14	6	0
g	7923	503	433	6	14	0	-3	11	6	0
g	7924	529	433	6	14	0	-3	11	6	0
g	7925	555	436	6	11	0	-3	8	6	0
g	7926	581	430	6	14	0	0	14	6	0
g	7927	607	433	6	14	0	-3	11	6	0
g	7928	633	430	6	14	0	0	14	6	0
g	7929	659	433	6	14	0	-3	11	6	0
g	8208	9	463	5	2	0	4	6	5	0
g	8211	35	464	6	2	0	3	5	6	0
g	8212	61	464	9	2	0	3	5	9	0
g	8216	87	458	2	4	0	7	11	2	0
g	8217	113	458	2	4	0	7	11	2	0
g	8218	139	466	3	5	0	-2	3	9	0
g	8220	165	458	4	4	0	7	11	4	0
g	8221	191	458	4	4	0	7	11	4	0
g	8222	217	467	4	4	0	-2	2	4	0
g	8224	243	458	5	14	0	-3	11	5	0
g	8225	269	458	5	14	0	-3	11	5	0
g	8226	295	463	4	4	0	2	6	4	0
g	8230	321	467	9	2	0	0	2	9	0
g	8240	347	458	15	12	0	-1	11	15	0
g	8242	373	458	2	4	0	7	11	3	0
g	8243	399	458	5	4	0	7	11	4	0
g	8249	425	462	4	6	0	1	7	5	0
g	8250	452	462	3	6	1	1	7	5	0
g	8260	475	458	8	11	-2	0	11	3	0
g	8308	503	456	4	7	0	6	13	4	0
g	8309	529	456	4	7	0	6	13	4	0
g	8310	555	456	4	7	0	6	13	4	0
g	8311	581	456	4	7	0	6	13	3	0
g	8312	607	456	4	7	0	6	13	4	0
g	8313	633	456	4	7	0	6	13	4	0
g	8355	660	458	6	11	1	0	11	7	0
g	8364	9	483	7	12	0	-1	11	7	0
g	8378	35	483	8	12	0	-1	11	8	0
g	8381	62	483	7	11	1	0	11	8	0
g	8467	87	483	6	12	0	-1	11	6	0
g	8482	113	483	8	6	0	5	11	8	0
g	8486	139	483	7	11	0	0	11	7	0
g	8494	165	483	12	12	0	-1	11	13	0
g	8539	191	483	10	12	0	-1	11	10	0
g	8540	217	483	11	12	0	-1	11	11	0
g	8541	243	483	11	12	0	-1	11	11	0
g	8542	269	483	10	12	0	-1	11	10	0
g	8706	295	483	8	12	0	-1	11	8	0
g	8710	321	483	8	11	0	0	11	7	0
g	8719	348	482	6	15	1	-3	12	7	0
g	8721	374	483	7	14	1	-3	11	8	0
g	8722	399	488	7	2	0	4	6	7	0
g	8725	425	483	6	11	0	0	11	7	0
g	8729	451	487	4	5	0	2	7	4	0
g	8730	477	482	9	15	0	-3	12	10	0
g	8734	503	486	10	6	0	2	8	10	0
g	8747	529	483	5	15	0	-4	11	5	0
g	8776	555	486	7	6	0	2	8	7	0
g	8800	581	485	7	8	0	1	9	7	0
g	8804	607	485	7	9	0	0	9	7	0
g	8805	633	485	7	9	0	0	9	7	0
g	9674	659	482	6	13	0	-1	12	6	0
g	10217	10	509	3	12	1	-2	10	5	0
g	64257	35	508	7	11	0	0	11	7	0
g	64258	61	508	7	11	0	0	11	7	0
g	13	87	519	0	0	0	0	0	4	1
g	32	113	519	0	0	0	0	0	4	1
g	33	139	508	4	11	0	0	11	4	1
g	34	165	508	5	4	0	7	11	5	1
g	35	191	508	9	11	0	0	11	9	1
g	36	217	507	7	14	0	-2	12	7	1
g	37	243	508	11	12	0	-1	11	12	1
g	38	269	508	9	12	0	-1	11	9	1
g	39	295	508	2	4	0	7	11	2	1
g	40	321	507	4	14	0	-2	12	4	1
g	41	347	507	5	14	0	-2	12	4	1
g	42	373	507	6	7	0	5	12	5	1
g	43	399	511	7	7	0	1	8	7	1
g	44	425	516	3	5	0	-2	3	3	1
g	45	451	513	5	3	0	3	6	5	1
g	46	477	516	3	4	0	-1	3	3	1
g	47	503	508	6	11	0	0	11	6	1
g	48	529	508	7	12	0	-1	11	7	1
g	49	555	508	4	11	0	0	11	4	1
g	50	581	508	7	11	0	0	11	6	1
g	51	607	508	6	12	0	-1	11	6	1
g	52	633	508	7	11	0	0	11	7	1
g	53	659	508	6	12	0	-1	11	6	1
g	54	9	533	7	12	0	-1	11	6	1
g	55	35	533	6	11	0	0	11	6	1
g	56	61	533	6	12	0	-1	11	7	1
g	57	87	533	6	12	0	-1	11	6	1
g	58	113	536	3	8	0	0	8	4	1
g	59	139	536	3	10	0	-2	8	3	1
g	60	165	536	7	8	0	0	8	7	1
g	61	191	537	7	5	0	2	7	7	1
g	62	217	536	7	8	0	0	8	7	1
g	63	243	533	6	12	0	-1	11	6	1
g	64	269	534	11	12	0	-2	10	11	1
g	65	295	533	7	11	0	0	11	7	1
g	66	321	533	7	11	0	0	11	7	1
g	67	347	533	7	12	0	-1	11	7	1
g	68	373	533	7	11	0	0	11	7	1
g	69	399	533	7	11	0	0	11	7	1
g	70	425	533	7	11	0	0	11	6	1
g	71	451	533	7	12	0	-1	11	7	1
g	72	477	533	7	11	0	0	11	7	1
g	73	503	533	3	11	0	0	11	3	1
g	74	529	533	6	12	0	-1	11	7	1
g	75	555	533	7	11	0	0	11	7	1
g	76	581	533	7	11	0	0	11	6	1
g	77	607	533	8	11	0	0	11	8	1
g	78	633	533	7	11	0	0	11	8	1
g	79	659	533	7	12	0	-1	11	7	1
g	80	9	558	7	11	0	0	11	7	1
g	81	35	558	7	13	0	-2	11	7	1
g	82	61	558	7	11	0	0	11	7	1
g	83	87	558	7	12	0	-1	11	7	1
g	84	113	558	7	11	0	0	11	7	1
g	85	139	558	7	12	0	-1	11	7	1
g	86	165	558	7	11	0	0	11	7	1
g	87	191	558	10	11	0	0	11	10	1
g	88	217	558	7	11	0	0	11	7	1
g	89	243	558	7	11	0	0	11	7	1
g	90	269	558	6	11	0	0	11	6	1
g	91	295	557	4	15	0	-3	12	5	1
g	92	321	558	6	11	0	0	11	6	1
g	93	348	557	4	15	1	-3	12	5	1
g	94	373	558	6	7	0	4	11	6	1
g	95	399	567	6	2	0	0	2	6	1
g	96	425	558	3	3	0	8	11	3	1
g	97	451	561	6	9	0	-1	8	7	1
g	98	477	558	6	12	0	-1	11	7	1
g	99	503	561	6	9	0	-1	8	6	1
g	100	529	558	6	12	0	-1	11	7	1
g	101	555	561	6	9	0	-1	8	6	1
g	102	581	558	4	11	0	0	11	4	1
g	103	607	561	6	12	0	-4	8	6	1
g	104	633	558	6	11	0	0	11	7	1
g	105	659	558	3	11	0	0	11	3	1
g	106	8	583	4	15	-1	-4	11	3	1
g	107	35	583	7	11	0	0	11	6	1
g	108	61	583	3	11	0	0	11	3	1
g	109	87	586	10	8	0	0	8	10	1
g	110	113	586	6	8	0	0	8	7	1
g	111	139	586	6	9	0	-1	8	6	1
g	112	165	586	7	11	0	-3	8	7	1
g	113	191	586	6	11	0	-3	8	7	1
g	114	217	586	5	8	0	0	8	5	1
g	115	243	586	6	9	0	-1	8	6	1
g	116	269	584	4	10	0	0	10	4	1
g	117	295	586	6	9	0	-1	8	7	1
g	118	321	586	6	8	0	0	8	6	1
g	119	347	586	9	8	0	0	8	9	1
g	120	373	586	6	8	0	0	8	6	1
g	121	399	586	6	11	0	-3	8	6	1
g	122	425	586	6	8	0	0	8	6	1
g	123	451	582	5	15	0	-3	12	5	1
g	124	477	582	3	14	0	-2	12	3	1
g	125	503	582	5	15	0	-3	12	5	1
g	126	529	588	7	3	0	3	6	7	1
g	160	555	594	0	0	0	0	0	3	1
g	161	581	583	4	11	0	0	11	4	1
g	162	607	583	6	11	0	0	11	6	1
g	163	633	583	8	11	0	0	11	8	1
g	164	659	585	8	9	0	0	9	8	1
g	165	9	608	7	11	0	0	11	8	1
g	166	35	607	3	14	0	-2	12	3	1
g	167	61	608	6	15	0	-4	11	6	1
g	168	87	608	5	3	0	8	11	5	1
g	169	113	608	12	12	0	-1	11	12	1
g	170	139	608	5	8	0	3	11	4	1
g	171	165	612	7	6	0	1	7	7	1
g	172	191	613	7	4	0	2	6	7	1
g	174	217	608	7	7	0	4	11	7	1
g	175	244	609	4	2	1	8	10	6	1
g	176	269	606	6	6	0	7	13	5	1
g	177	295	610	7	9	0	0	9	7	1
g	178	321	606	4	7	0	6	13	4	1
g	179	347	606	4	7	0	6	13	4	1
g	180	373	608	3	3	0	8	11	3	1
g	181	399	611	6	11	0	-3	8	7	1
g	182	425	608	7	14	0	-3	11	7	1
g	183	451	613	3	3	0	3	6	3	1
g	184	477	619	3	3	0	-3	0	2	1
g	185	503	606	2	7	0	6	13	2	1
g	186	529	608	5	8	0	3	11	4	1
g	187	555	612	7	6	0	1	7	7	1
g	188	581	608	11	11	0	0	11	10	1
g	189	607	608	11	11	0	0	11	10	1
g	190	633	608	12	11	0	0	11	12	1
g	191	659	611	6	12	0	-4	8	6	1
g	192	9	630	7	14	0	0	14	7	1
g	193	35	630	7	14	0	0	14	7	1
g	194	61	630	7	14	0	0	14	7	1
g	195	87	630	7	14	0	0	14	7	1
g	196	113	630	7	14	0	0	14	7	1
g	197	139	629	7	15	0	0	15	7	1
g	198	165	633	11	11	0	0	11	11	1
g	199	191	633	7	14	0	-3	11	7	1
g	200	217	630	7	14	0	0	14	7	1
g	201	243	630	7	14	0	0	14	7	1
g	202	269	630	7	14	0	0	14	7	1
g	203	295	630	7	14	0	0	14	7	1
g	204	320	630	4	14	-1	0	14	3	1
g	205	347	630	4	14	0	0	14	3	1
g	206	372	630	5	14	-1	0	14	3	1
g	207	398	630	6	14	-1	0	14	3	1
g	208	425	633	7	11	0	0	11	8	1
g	209	451	630	7	14	0	0	14	8	1
g	210	477	630	7	15	0	-1	14	7	1
g	211	503	630	7	15	0	-1	14	7	1
g	212	529	630	7	15	0	-1	14	7	1
g	213	555	630	7	15	0	-1	14	7	1
g	214	581	630	7	15	0	-1	14	7	1
g	215	607	636	6	6	0	2	8	6	1
g	216	633	632	7	13	0	-1	12	9	1
g	217	659	630	7	15	0	-1	14	7	1
g	218	9	655	7	15	0	-1	14	7	1
g	219	35	655	7	15	0	-1	14	7	1
g	220	61	655	7	15	0	-1	14	7	1
g	221	87	655	7	14	0	0	14	7	1
g	222	113	658	7	11	0	0	11	7	1
g	223	139	658	7	11	0	0	11	7	1
g	224	165	658	6	12	0	-1	11	6	1
g	225	191	658	6	12	0	-1	11	6	1
g	226	217	658	6	12	0	-1	11	6	1
g	227	243	658	6	12	0	-1	11	6	1
g	228	269	658	6	12	0	-1	11	6	1
g	229	295	656	6	14	0	-1	13	6	1
g	230	321	661	10	9	0	-1	8	10	1
g	231	347	661	6	11	0	-3	8	6	1
g	232	373	658	6	12	0	-1	11	6	1
g	233	399	658	6	12	0	-1	11	6	1
g	234	425	658	6	12	0	-1	11	6	1
g	235	451	658	6	12	0	-1	11	6	1
g	236	476	658	4	11	-1	0	11	3	1
g	237	503	658	3	11	0	0	11	3	1
g	238	528	658	5	11	-1	0	11	3	1
g	239	554	658	5	11	-1	0	11	3	1
g	240	581	658	7	12	0	-1	11	7	1
g	241	607	658	6	11	0	0	11	7	1
g	242	633	658	6	12	0	-1	11	6	1
g	243	659	658	6	12	0	-1	11	6	1
g	244	9	683	6	12	0	-1	11	6	1
g	245	35	683	6	12	0	-1	11	6	1
g	246	61	683	6	12	0	-1	11	6	1
g	247	87	685	7	8	0	1	9	7	1
g	248	113	685	7	10	0	-1	9	7	1
g	249	139	683	6	12	0	-1	11	7	1
g	250	165	683	6	12	0	-1	11	7	1
g	251	191	683	6	12	0	-1	11	7	1
g	252	217	683	6	12	0	-1	11	7	1
g	253	243	683	6	14	0	-3	11	6	1
g	254	269	683	6	14	0	-3	11	6	1
g	255	295	683	6	14	0	-3	11	6	1
g	256	321	681	7	13	0	0	13	7	1
g	257	347	684	6	11	0	-1	10	6	1
g	258	373	681	7	13	0	0	13	7	1
g	259	399	684	6	11	0	-1	10	6	1
g	260	425	683	7	14	0	-3	11	7	1
g	261	451	686	6	11	0	-3	8	6	1
g	262	477	680	7	15	0	-1	14	7	1
g	263	503	683	6	12	0	-1	11	6	1
g	264	529	680	7	15	0	-1	14	7	1
g	265	555	683	6	12	0	-1	11	6	1
g	266	581	680	7	15	0	-1	14	7	1
g	267	607	683	6	12	0	-1	11	6	1
g	268	633	680	7	15	0	-1	14	7	1
g	269	659	683	6	12	0	-1	11	6	1
g	270	9	705	7	14	0	0	14	7	1
g	271	35	708	9	12	0	-1	11	7	1
g	272	61	708	7	11	0	0	11	8	1
g	273	87	708	7	12	0	-1	11	7	1
g	274	113	706	7	13	0	0	13	7	1
g	275	139	708	6	12	0	-1	11	6	1
g	278	165	705	7	14	0	0	14	7	1
g	279	191	708	6	12	0	-1	11	6	1
g	280	217	708	7	14	0	-3	11	7	1
g	281	243	711	6	11	0	-3	8	6	1
g	282	269	705	7	14	0	0	14	7	1
g	283	295	708	6	12	0	-1	11	6	1
g	284	321	705	7	15	0	-1	14	7	1
g	285	347	708	6	15	0	-4	11	6	1
g	286	373	706	7	14	0	-1	13	7	1
g	287	399	709	6	14	0	-4	10	6	1
g	288	425	705	7	15	0	-1	14	7	1
g	289	451	708	6	15	0	-4	11	6	1
g	290	477	708	7	14	0	-3	11	7	1
g	291	503	708	6	15	0	-4	11	6	1
g	292	529	705	7	14	0	0	14	7	1
g	293	555	705	6	14	0	0	14	7	1
g	294	581	708	8	11	0	0	11	7	1
g	295	606	708	7	11	-1	0	11	7	1
g	296	632	705	6	14	-1	0	14	3	1
g	297	658	708	5	11	-1	0	11	3	1
g	298	9	731	4	13	0	0	13	3	1
g	299	34	734	4	10	-1	0	10	3	1
g	301	60	733	5	11	-1	0	11	3	1
g	302	87	733	3	14	0	-3	11	3	1
g	303	113	733	3	14	0	-3	11	3	1
g	304	139	730	3	14	0	0	14	3	1
g	305	165	736	3	8	0	0	8	3	1
g	307	191	733	6	15	0	-4	11	6	1
g	308	217	730	7	15	0	-1	14	7	1
g	309	242	733	5	15	-1	-4	11	3	1
g	310	269	733	7	14	0	-3	11	7	1
g	311	295	733	7	14	0	-3	11	6	1
g	313	321	730	7	14	0	0	14	6	1
g	314	347	730	4	14	0	0	14	3	1
g	315	373	733	7	14	0	-3	11	6	1
g	316	398	733	4	14	-1	-3	11	3	1
g	317	425	733	7	11	0	0	11	6	1
g	318	451	733	6	11	0	0	11	6	1
g	320	477	730	3	14	0	0	14	3	1
g	321	502	733	8	11	-1	0	11	7	1
g	322	529	733	6	11	0	0	11	5	1
g	323	555	730	7	14	0	0	14	8	1
g	324	581	733	6	11	0	0	11	7	1
g	325	607	733	7	14	0	-3	11	8	1
g	326	633	736	6	11	0	-3	8	7	1
g	327	659	730	7	14	0	0	14	8	1
g	328	9	758	6	11	0	0	11	7	1
g	330	35	758	7	14	0	-3	11	8	1
g	331	61	761	6	11	0	-3	8	7	1
g	332	87	756	7	14	0	-1	13	7	1
g	333	113	759	6	11	0	-1	10	6	1
g	335	139	758	6	12	0	-1	11	6	1
g	336	165	755	7	15	0	-1	14	7	1
g	337	191	758	7	12	0	-1	11	6	1
g	338	217	758	10	12	0	-1	11	10	1
g	339	243	761	10	9	0	-1	8	10	1
g	340	269	755	7	14	0	0	14	7	1
g	341	295	758	5	11	0	0	11	5	1
g	342	321	758	7	14	0	-3	11	7	1
g	343	346	761	6	11	-1	-3	8	5	1
g	344	373	755	7	14	0	0	14	7	1
g	345	399	758	5	11	0	0	11	5	1
g	346	425	755	7	15	0	-1	14	7	1
g	347	451	758	6	12	0	-1	11	6	1
g	348	477	755	7	15	0	-1	14	7	1
g	349	503	758	6	12	0	-1	11	6	1
g	350	529	758	7	14	0	-3	11	7	1
g	351	555	761	6	11	0	-3	8	6	1
g	352	581	755	7	15	0	-1	14	7	1
g	353	607	758	6	12	0	-1	11	6	1
g	354	633	758	7	14	0	-3	11	7	1
g	355	659	759	4	13	0	-3	10	4	1
g	356	9	780	7	14	0	0	14	7	1
g	357	35	783	6	11	0	0	11	4	1
g	358	61	783	7	11	0	0	11	7	1
g	359	87	784	4	10	0	0	10	4	1
g	360	113	780	7	15	0	-1	14	7	1
g	361	139	783	6	12	0	-1	11	7	1
g	362	165	781	7	14	0	-1	13	7	1
g	363	191	784	6	11	0	-1	10	7	1
g	364	217	780	7	15	0	-1	14	7	1
g	365	243	783	6	12	0	-1	11	7	1
g	366	269	779	7	16	0	-1	15	7	1
g	367	295	781	6	14	0	-1	13	7	1
g	368	321	780	7	15	0	-1	14	7	1
g	369	347	783	7	12	0	-1	11	7	1
g	370	373	783	7	14	0	-3	11	7	1
g	371	399	786	6	11	0	-3	8	7	1
g	372	425	780	10	14	0	0	14	10	1
g	373	451	783	9	11	0	0	11	9	1
g	374	477	780	7	14	0	0	14	7	1
g	375	503	783	6	14	0	-3	11	6	1
g	376	529	780	7	14	0	0	14	7	1
g	377	555	780	6	14	0	0	14	6	1
g	378	581	783	6	11	0	0	11	6	1
g	379	607	780	6	14	0	0	14	6	1
g	380	633	783	6	11	0	0	11	6	1
g	381	659	780	6	14	0	0	14	6	1
g	382	9	808	6	11	0	0	11	6	1
g	399	35	808	8	12	0	-1	11	8	1
g	402	61	808	7	15	0	-4	11	7	1
g	416	87	807	7	13	0	-1	12	7	1
g	417	113	810	7	10	0	-1	9	6	1
g	431	139	807	8	13	0	-1	12	7	1
g	432	165	810	8	10	0	-1	9	7	1
g	461	191	805	7	14	0	0	14	7	1
g	462	217	808	6	12	0	-1	11	6	1
g	468	243	808	6	12	0	-1	11	7	1
g	485	269	811	7	12	0	-4	8	7	1
g	487	295	808	6	15	0	-4	11	6	1
g	489	321	805	7	14	0	0	14	6	1
g	495	347	808	6	15	0	-4	11	6	1
g	511	373	808	7	12	0	-1	11	6	1
g	536	399	808	7	14	0	-3	11	7	1
g	537	425	811	6	11	0	-3	8	6	1
g	538	451	808	7	14	0	-3	11	7	1
g	539	477	809	4	13	0	-3	10	4	1
g	543	503	805	6	14	0	0	14	7	1
g	552	529	808	7	14	0	-3	11	7	1
g	553	555	811	6	11	0	-3	8	6	1
g	567	580	811	4	12	-1	-4	8	3	1
g	601	607	811	6	9	0	-1	8	6	1
g	658	633	811	6	12	0	-4	8	6	1
g	699	659	808	3	4	0	7	11	2	1
g	700	9	833	3	4	0	7	11	2	1
g	710	35	833	5	3	0	8	11	4	1
g	711	61	833	5	3	0	8	11	5	1
g	713	87	833	4	2	0	9	11	3	1
g	728	113	834	4	2	0	8	10	4	1
g	729	139	833	3	3	0	8	11	3	1
g	730	165	831	4	5	0	8	13	4	1
g	731	190	844	4	3	-1	-3	0	2	1
g	732	217	833	5	3	0	8	11	5	1
g	733	243	833	5	3	0	8	11	5	1
g	768	266	833	3	3	-3	8	11	0	1
g	769	292	833	3	3	-3	8	11	0	1
g	770	316	833	5	3	-5	8	11	0	1
g	771	342	833	5	3	-5	8	11	0	1
g	772	369	833	4	2	-4	9	11	0	1
g	774	395	833	4	3	-4	8	11	0	1
g	775	422	833	3	3	-3	8	11	0	1
g	776	446	833	5	3	-5	8	11	0	1
g	777	470	832	4	4	-7	8	12	0	1
g	778	499	831	5	5	-4	8	13	0	1
g	779	524	833	5	3	-5	8	11	0	1
g	780	550	833	5	3	-5	8	11	0	1
g	786	578	833	3	3	-3	8	11	0	1
g	787	604	833	3	3	-3	8	11	0	1
g	795	631	835	2	3	-2	6	9	0	1
g	803	656	845	3	3	-3	-4	-1	0	1
g	806	6	869	3	3	-3	-3	0	0	1
g	807	32	869	3	3	-3	-3	0	0	1
g	808	58	869	3	3	-3	-3	0	0	1
g	821	82	859	5	2	-5	8	10	0	1
g	822	106	860	7	2	-7	7	9	0	1
g	823	133	861	7	7	-6	1	8	0	1
g	824	158	857	7	13	-7	-1	12	0	1
g	916	191	858	8	11	0	0	11	8	1
g	937	217	858	7	11	0	0	11	7	1
g	956	243	861	6	11	0	-3	8	7	1
g	960	269	861	8	9	0	-1	8	8	1
g	7808	295	855	10	14	0	0	14	10	1
g	7809	321	858	9	11	0	0	11	9	1
g	7810	347	855	10	14	0	0	14	10	1
g	7811	373	858	9	11	0	0	11	9	1
g	7812	399	855	10	14	0	0	14	10	1
g	7813	425	858	9	11	0	0	11	9	1
g	7840	451	858	7	15	0	-4	11	7	1
g	7841	477	861	6	12	0	-4	8	6	1
g	7842	503	854	7	15	0	0	15	7	1
g	7843	529	857	6	13	0	-1	12	6	1
g	7844	555	854	8	15	0	0	15	7	1
g	7845	581	857	8	13	0	-1	12	6	1
g	7846	607	853	7	16	0	0	16	7	1
g	7847	633	856	7	14	0	-1	13	6	1
g	7848	659	853	7	16	0	0	16	7	1
g	7849	9	881	7	14	0	-1	13	6	1
g	7850	35	878	7	16	0	0	16	7	1
g	7851	61	881	6	14	0	-1	13	6	1
g	7852	87	880	7	18	0	-4	14	7	1
g	7853	113	883	6	15	0	-4	11	6	1
g	7854	139	878	7	16	0	0	16	7	1
g	7855	165	881	6	14	0	-1	13	6	1
g	7856	191	878	7	16	0	0	16	7	1
g	7857	217	881	6	14	0	-1	13	6	1
g	7858	243	877	7	17	0	0	17	7	1
g	7859	269	880	6	15	0	-1	14	6	1
g	7860	295	878	7	16	0	0	16	7	1
g	7861	321	881	6	14	0	-1	13	6	1
g	7862	347	880	7	18	0	-4	14	7	1
g	7863	373	883	6	15	0	-4	11	6	1
g	7864	399	883	7	15	0	-4	11	7	1
g	7865	425	886	6	12	0	-4	8	6	1
g	7866	451	879	7	15	0	0	15	7	1
g	7867	477	882	6	13	0	-1	12	6	1
g	7868	503	880	7	14	0	0	14	7	1
g	7869	529	883	6	12	0	-1	11	6	1
g	7870	555	879	8	15	0	0	15	7	1
g	7871	581	882	8	13	0	-1	12	6	1
g	7872	607	878	7	16	0	0	16	7	1
g	7873	633	881	7	14	0	-1	13	6	1
g	7874	659	878	7	16	0	0	16	7	1
g	7875	9	906	7	14	0	-1	13	6	1
g	7876	35	903	7	16	0	0	16	7	1
g	7877	61	906	6	14	0	-1	13	6	1
g	7878	87	905	7	18	0	-4	14	7	1
g	7879	113	908	6	15	0	-4	11	6	1
g	7880	139	904	4	15	0	0	15	3	1
g	7881	164	907	4	12	-1	0	12	3	1
g	7882	191	908	3	15	0	-4	11	3	1
g	7883	217	908	3	15	0	-4	11	3	1
g	7884	243	908	7	15	0	-4	11	7	1
g	7885	269	911	6	12	0	-4	8	6	1
g	7886	295	904	7	16	0	-1	15	7	1
g	7887	321	907	6	13	0	-1	12	6	1
g	7888	347	904	8	16	0	-1	15	7	1
g	7889	373	907	8	13	0	-1	12	6	1
g	7890	399	903	7	17	0	-1	16	7	1
g	7891	425	906	7	14	0	-1	13	6	1
g	7892	451	903	8	17	0	-1	16	7	1
g	7893	477	906	7	14	0	-1	13	6	1
g	7894	503	903	7	17	0	-1	16	7	1
g	7895	529	906	6	14	0	-1	13	6	1
g	7896	555	905	7	18	0	-4	14	7	1
g	7897	581	908	6	15	0	-4	11	6	1
g	7898	607	905	7	15	0	-1	14	7	1
g	7899	633	908	7	12	0	-1	11	6	1
g	7900	659	905	7	15	0	-1	14	7	1
g	7901	9	933	7	12	0	-1	11	6	1
g	7902	35	929	7	16	0	-1	15	7	1
g	7903	61	932	7	13	0	-1	12	6	1
g	7904	87	930	7	15	0	-1	14	7	1
g	7905	113	933	7	12	0	-1	11	6	1
g	7906	139	932	7	16	0	-4	12	7	1
g	7907	165	935	7	13	0	-4	9	6	1
g	7908	191	933	7	15	0	-4	11	7	1
g	7909	217	936	6	12	0	-4	8	7	1
g	7910	243	929	7	16	0	-1	15	7	1
g	7911	269	932	6	13	0	-1	12	7	1
g	7912	295	930	8	15	0	-1	14	7	1
g	7913	321	933	8	12	0	-1	11	7	1
g	7914	347	930	8	15	0	-1	14	7	1
g	7915	373	933	8	12	0	-1	11	7	1
g	7916	399	929	8	16	0	-1	15	7	1
g	7917	425	932	8	13	0	-1	12	7	1
g	7918	451	930	8	15	0	-1	14	7	1
g	7919	477	933	8	12	0	-1	11	7	1
g	7920	503	932	8	16	0	-4	12	7	1
g	7921	529	935	8	13	0	-4	9	7	1
g	7922	555	930	7	14	0	0	14	7	1
g	7923	581	933	6	14	0	-3	11	6	1
g	7924	607	933	7	15	0	-4	11	7	1
g	7925	633	936	7	12	0	-4	8	6	1
g	7926	659	929	7	15	0	0	15	7	1
g	7927	9	957	6	15	0	-3	12	6	1
g	7928	35	955	7	14	0	0	14	7	1
g	7929	61	958	6	14	0	-3	11	6	1
g	8208	87	963	5	3	0	3	6	5	1
g	8211	113	963	6	3	0	3	6	6	1
g	8212	139	963	9	3	0	3	6	9	1
g	8216	165	958	3	4	0	7	11	2	1
g	8217	191	958	3	4	0	7	11	2	1
g	8218	217	966	3	5	0	-2	3	9	1
g	8220	243	958	5	4	0	7	11	5	1
g	8221	269	958	5	4	0	7	11	5	1
g	8222	295	967	5	4	0	-2	2	5	1
g	8224	321	958	5	14	0	-3	11	5	1
g	8225	347	958	5	14	0	-3	11	5	1
g	8226	373	963	5	4	0	2	6	5	1
g	8230	399	966	10	4	0	-1	3	10	1
g	8240	425	958	15	12	0	-1	11	15	1
g	8242	451	958	3	4	0	7	11	6	1
g	8243	477	958	5	4	0	7	11	5	1
g	8249	503	962	4	6	0	1	7	4	1
g	8250	529	962	4	6	0	1	7	5	1
g	8260	552	958	9	11	-3	0	11	3	1
g	8308	581	956	5	7	0	6	13	4	1
g	8309	607	956	4	7	0	6	13	4	1
g	8310	633	956	4	7	0	6	13	4	1
g	8311	659	956	4	7	0	6	13	4	1
g	8312	9	981	4	7	0	6	13	4	1
g	8313	35	981	4	7	0	6	13	4	1
g	8355	61	983	7	11	0	0	11	7	1
g	8364	87	983	7	12	0	-1	11	7	1
g	8378	113	983	9	11	0	0	11	9	1
g	8381	139	983	8	11	0	0	11	8	1
g	8467	165	983	6	12	0	-1	11	6	1
g	8482	191	983	8	6	0	5	11	8	1
g	8486	217	983	7	11	0	0	11	7	1
g	8494	243	983	12	12	0	-1	11	12	1
g	8539	269	983	11	12	0	-1	11	10	1
g	8540	295	983	12	12	0	-1	11	11	1
g	8541	321	983	11	12	0	-1	11	11	1
g	8542	347	983	11	12	0	-1	11	10	1
g	8706	373	983	8	12	0	-1	11	8	1
g	8710	399	983	8	11	0	0	11	8	1
g	8719	425	982	7	15	0	-3	12	7	1
g	8721	451	982	8	15	0	-3	12	8	1
g	8722	477	988	7	2	0	4	6	7	1
g	8725	503	983	7	11	0	0	11	7	1
g	8729	529	987	5	5	0	2	7	5	1
g	8730	555	982	10	15	0	-3	12	10	1
g	8734	581	986	10	6	0	2	8	10	1
g	8747	607	983	5	15	0	-4	11	5	1
g	8776	633	986	7	7	0	1	8	7	1
g	8800	659	985	7	8	0	1	9	7	1
g	8804	9	1010	7	9	0	0	9	7	1
g	8805	35	1010	7	9	0	0	9	7	1
g	9674	61	1007	7	13	0	-1	12	6	1
g	10217	87	1009	4	12	0	-2	10	5	1
g	64257	113	1008	8	11	0	0	11	8	1
g	64258	139	1008	7	11	0	0	11	7	1
g	13	165	1019	0	0	0	0	0	4	2
g	32	191	1019	0	0	0	0	0	4	2
g	33	217	1008	4	11	0	0	11	4	2
g	34	244	1008	4	4	1	7	11	3	2
g	35	269	1008	9	11	0	0	11	9	2
g	36	295	1007	7	14	0	-2	12	6	2
g	37	322	1008	10	12	1	-1	11	11	2
g	38	347	1008	8	12	0	-1	11	8	2
g	39	374	1008	2	4	1	7	11	2	2
g	40	399	1007	4	14	0	-2	12	3	2
g	41	425	1007	4	14	0	-2	12	3	2
g	42	451	1007	6	7	0	5	12	5	2
g	43	477	1011	7	7	0	1	8	6	2
g	44	503	1016	2	5	0	-2	3	3	2
g	45	529	1013	5	2	0	4	6	5	2
g	46	555	1017	3	2	0	0	2	3	2
g	47	581	1008	6	11	0	0	11	5	2
g	48	607	1008	7	12	0	-1	11	6	2
g	49	634	1008	3	11	1	0	11	4	2
g	50	659	1008	6	11	0	0	11	6	2
g	51	9	1033	7	12	0	-1	11	6	2
g	52	35	1033	6	11	0	0	11	6	2
g	53	61	1033	7	12	0	-1	11	6	2
g	54	87	1033	7	12	0	-1	11	6	2
g	55	114	1033	6	11	1	0	11	5	2
g	56	139	1033	7	12	0	-1	11	6	2
g	57	165	1033	6	12	0	-1	11	6	2
g	58	191	1037	3	7	0	0	7	3	2
g	59	217	1037	3	9	0	-2	7	3	2
g	60	243	1036	7	8	0	0	8	6	2
g	61	269	1037	7	5	0	2	7	6	2
g	62	295	1036	7	8	0	0	8	6	2
g	63	322	1033	5	11	1	0	11	5	2
g	64	347	1034	11	12	0	-2	10	11	2
g	65	372	1033	7	11	-1	0	11	6	2
g	66	399	1033	7	11	0	0	11	7	2
g	67	425	1033	7	12	0	-1	11	6	2
g	68	451	1033	7	11	0	0	11	7	2
g	69	477	1033	7	11	0	0	11	6	2
g	70	503	1033	7	11	0	0	11	6	2
g	71	529	1033	7	12	0	-1	11	7	2
g	72	555	1033	7	11	0	0	11	7	2
g	73	581	1033	4	11	0	0	11	3	2
g	74	607	1033	7	12	0	-1	11	6	2
g	75	633	1033	8	11	0	0	11	7	2
g	76	659	1033	6	11	0	0	11	6	2
g	77	9	1058	8	11	0	0	11	8	2
g	78	35	1058	8	11	0	0	11	7	2
g	79	61	1058	7	12	0	-1	11	7	2
g	80	87	1058	7	11	0	0	11	6	2
g	81	113	1058	7	13	0	-2	11	6	2
g	82	139	1058	7	11	0	0	11	6	2
g	83	165	1058	7	12	0	-1	11	6	2
g	84	192	1058	6	11	1	0	11	6	2
g	85	217	1058	7	12	0	-1	11	7	2
g	86	244	1058	6	11	1	0	11	6	2
g	87	270	1058	9	11	1	0	11	9	2
g	88	295	1058	7	11	0	0	11	6	2
g	89	322	1058	6	11	1	0	11	6	2
g	90	347	1058	7	11	0	0	11	6	2
g	91	372	1057	6	14	-1	-2	12	4	2
g	92	400	1058	4	11	1	0	11	5	2
g	93	425	1057	6	14	0	-2	12	4	2
g	94	451	1058	6	7	0	4	11	6	2
g	95	477	1068	5	1	0	0	1	5	2
g	96	504	1058	2	3	1	8	11	3	2
g	97	529	1061	6	9	0	-1	8	6	2
g	98	555	1058	6	12	0	-1	11	6	2
g	99	581	1061	6	9	0	-1	8	6	2
g	100	607	1058	7	12	0	-1	11	6	2
g	101	633	1061	6	9	0	-1	8	6	2
g	102	659	1058	5	11	0	0	11	4	2
g	103	9	1086	6	12	0	-4	8	6	2
g	104	35	1083	6	11	0	0	11	6	2
g	105	61	1083	4	11	0	0	11	3	2
g	106	85	1083	6	15	-2	-4	11	3	2
g	107	113	1083	6	11	0	0	11	6	2
g	108	139	1083	3	11	0	0	11	3	2
g	109	165	1086	9	8	0	0	8	9	2
g	110	191	1086	6	8	0	0	8	6	2
g	111	217	1086	6	9	0	-1	8	6	2
g	112	243	1086	6	11	0	-3	8	6	2
g	113	269	1086	6	11	0	-3	8	6	2
g	114	295	1086	5	8	0	0	8	4	2
g	115	321	1086	6	9	0	-1	8	5	2
g	116	347	1084	5	10	0	0	10	4	2
g	117	373	1086	6	9	0	-1	8	6	2
g	118	399	1086	6	8	0	0	8	6	2
g	119	425	1086	9	8	0	0	8	8	2
g	120	451	1086	6	8	0	0	8	5	2
g	121	476	1086	7	11	-1	-3	8	5	2
g	122	503	1086	6	8	0	0	8	5	2
g	123	529	1082	5	14	0	-2	12	4	2
g	124	555	1082	3	14	0	-2	12	2	2
g	125	580	1082	5	14	-1	-2	12	4	2
g	126	607	1088	7	3	0	3	6	7	2
g	160	633	1094	0	0	0	0	0	3	2
g	161	660	1083	3	11	1	0	11	4	2
g	162	9	1108	6	11	0	0	11	6	2
g	163	36	1108	7	11	1	0	11	7	2
g	164	61	1111	8	7	0	1	8	7	2
g	165	88	1108	7	11	1	0	11	8	2
g	166	113	1107	3	14	0	-2	12	2	2
g	167	139	1108	6	15	0	-4	11	6	2
g	168	166	1108	5	3	1	8	11	4	2
g	169	192	1108	11	12	1	-1	11	12	2
g	170	217	1108	5	7	0	4	11	4	2
g	171	244	1112	6	6	1	1	7	7	2
g	172	269	1113	7	4	0	2	6	6	2
g	174	295	1108	7	7	0	4	11	6	2
g	175	323	1109	4	2	2	8	10	7	2
g	176	348	1106	5	6	1	7	13	5	2
g	177	373	1110	7	9	0	0	9	6	2
g	178	399	1105	5	8	0	6	14	4	2
g	179	426	1106	4	7	1	6	13	4	2
g	180	452	1108	3	3	1	8	11	3	2
g	181	477	1111	7	11	0	-3	8	6	2
g	182	504	1108	6	14	1	-3	11	7	2
g	183	529	1113	3	3	0	3	6	3	2
g	184	554	1119	3	3	-1	-3	0	2	2
g	185	582	1106	2	7	1	6	13	2	2
g	186	607	1108	5	7	0	4	11	4	2
g	187	634	1112	6	6	1	1	7	7	2
g	188	659	1108	10	11	0	0	11	10	2
g	189	9	1133	10	11	0	0	11	10	2
g	190	35	1133	11	11	0	0	11	11	2
g	191	61	1136	5	12	0	-4	8	5	2
g	192	86	1130	7	14	-1	0	14	6	2
g	193	112	1130	7	14	-1	0	14	6	2
g	194	138	1130	7	14	-1	0	14	6	2
g	195	164	1130	8	14	-1	0	14	6	2
g	196	190	1130	8	14	-1	0	14	6	2
g	197	216	1129	7	15	-1	0	15	6	2
g	198	242	1133	12	11	-1	0	11	10	2
g	199	269	1133	7	14	0	-3	11	6	2
g	200	295	1130	7	14	0	0	14	6	2
g	201	321	1130	7	14	0	0	14	6	2
g	202	347	1130	7	14	0	0	14	6	2
g	203	373	1130	7	14	0	0	14	6	2
g	204	399	1130	4	14	0	0	14	3	2
g	205	425	1130	5	14	0	0	14	3	2
g	206	451	1130	5	14	0	0	14	3	2
g	207	477	1130	5	14	0	0	14	3	2
g	208	504	1133	7	11	1	0	11	7	2
g	209	529	1130	8	14	0	0	14	7	2
g	210	555	1130	7	15	0	-1	14	7	2
g	211	581	1130	7	15	0	-1	14	7	2
g	212	607	1130	7	15	0	-1	14	7	2
g	213	633	1130	7	15	0	-1	14	7	2
g	214	659	1130	7	15	0	-1	14	7	2
g	215	9	1162	6	5	0	2	7	5	2
g	216	35	1157	7	13	0	-1	12	8	2
g	217	61	1155	7	15	0	-1	14	7	2
g	218	87	1155	7	15	0	-1	14	7	2
g	219	113	1155	7	15	0	-1	14	7	2
g	220	139	1155	7	15	0	-1	14	7	2
g	221	166	1155	6	14	1	0	14	6	2
g	222	191	1158	7	11	0	0	11	6	2
g	223	217	1158	7	11	0	0	11	6	2
g	224	243	1158	6	12	0	-1	11	6	2
g	225	269	1158	6	12	0	-1	11	6	2
g	226	295	1158	6	12	0	-1	11	6	2
g	227	321	1158	6	12	0	-1	11	6	2
g	228	347	1158	6	12	0	-1	11	6	2
g	229	373	1157	6	13	0	-1	12	6	2
g	230	399	1161	10	9	0	-1	8	9	2
g	231	425	1161	6	11	0	-3	8	6	2
g	232	451	1158	6	12	0	-1	11	6	2
g	233	477	1158	6	12	0	-1	11	6	2
g	234	503	1158	6	12	0	-1	11	6	2
g	235	529	1158	6	12	0	-1	11	6	2
g	236	555	1158	3	11	0	0	11	2	2
g	237	581	1158	4	11	0	0	11	2	2
g	238	607	1158	4	11	0	0	11	2	2
g	239	633	1158	5	11	0	0	11	2	2
g	240	659	1158	7	12	0	-1	11	6	2
g	241	9	1183	6	11	0	0	11	6	2
g	242	35	1183	6	12	0	-1	11	6	2
g	243	61	1183	6	12	0	-1	11	6	2
g	244	87	1183	6	12	0	-1	11	6	2
g	245	113	1183	6	12	0	-1	11	6	2
g	246	139	1183	6	12	0	-1	11	6	2
g	247	165	1186	7	7	0	1	8	6	2
g	248	191	1185	7	10	0	-1	9	6	2
g	249	217	1183	6	12	0	-1	11	6	2
g	250	243	1183	6	12	0	-1	11	6	2
g	251	269	1183	6	12	0	-1	11	6	2
g	252	295	1183	6	12	0	-1	11	6	2
g	253	320	1183	7	14	-1	-3	11	5	2
g	254	347	1183	6	14	0	-3	11	6	2
g	255	372	1183	7	14	-1	-3	11	5	2
g	256	398	1181	7	13	-1	0	13	6	2
g	257	425	1184	6	11	0	-1	10	6	2
g	258	450	1181	7	13	-1	0	13	6	2
g	259	477	1184	6	11	0	-1	10	6	2
g	260	502	1183	7	14	-1	-3	11	6	2
g	261	529	1186	7	11	0	-3	8	6	2
g	262	555	1180	7	15	0	-1	14	6	2
g	263	581	1183	6	12	0	-1	11	6	2
g	264	607	1180	7	15	0	-1	14	6	2
g	265	633	1183	6	12	0	-1	11	6	2
g	266	659	1180	7	15	0	-1	14	6	2
g	267	9	1208	6	12	0	-1	11	6	2
g	268	35	1205	7	15	0	-1	14	6	2
g	269	61	1208	6	12	0	-1	11	6	2
g	270	87	1205	7	14	0	0	14	7	2
g	271	113	1208	9	12	0	-1	11	6	2
g	272	140	1208	7	11	1	0	11	7	2
g	273	165	1208	7	12	0	-1	11	6	2
g	274	191	1206	7	13	0	0	13	6	2
g	275	217	1208	6	12	0	-1	11	6	2
g	278	243	1205	7	14	0	0	14	6	2
g	279	269	1208	6	12	0	-1	11	6	2
g	280	295	1208	7	14	0	-3	11	6	2
g	281	321	1211	6	11	0	-3	8	6	2
g	282	347	1205	7	14	0	0	14	6	2
g	283	373	1208	6	12	0	-1	11	6	2
g	284	399	1205	7	15	0	-1	14	7	2
g	285	425	1208	6	15	0	-4	11	6	2
g	286	451	1206	7	14	0	-1	13	7	2
g	287	477	1209	6	14	0	-4	10	6	2
g	288	503	1205	7	15	0	-1	14	7	2
g	289	529	1208	6	15	0	-4	11	6	2
g	290	555	1208	7	14	0	-3	11	7	2
g	291	581	1208	6	15	0	-4	11	6	2
g	292	607	1205	7	14	0	0	14	7	2
g	293	633	1205	6	14	0	0	14	6	2
g	294	659	1208	8	11	0	0	11	7	2
g	295	9	1233	6	11	0	0	11	6	2
g	296	35	1230	5	14	0	0	14	3	2
g	297	61	1233	5	11	0	0	11	2	2
g	298	87	1231	5	13	0	0	13	3	2
g	299	113	1234	4	10	0	0	10	2	2
g	301	139	1233	4	11	0	0	11	2	2
g	302	164	1233	4	14	-1	-3	11	3	2
g	303	191	1233	4	14	0	-3	11	3	2
g	304	217	1230	4	14	0	0	14	3	2
g	305	243	1236	3	8	0	0	8	2	2
g	307	269	1233	7	15	0	-4	11	6	2
g	308	295	1230	8	15	0	-1	14	6	2
g	309	319	1233	6	15	-2	-4	11	3	2
g	310	347	1233	8	14	0	-3	11	7	2
g	311	373	1233	6	14	0	-3	11	6	2
g	313	399	1230	6	14	0	0	14	6	2
g	314	425	1230	4	14	0	0	14	3	2
g	315	451	1233	6	14	0	-3	11	6	2
g	316	476	1233	4	14	-1	-3	11	3	2
g	317	503	1233	6	11	0	0	11	6	2
g	318	529	1233	6	11	0	0	11	5	2
g	320	555	1230	4	14	0	0	14	3	2
g	321	580	1233	7	11	-1	0	11	6	2
g	322	607	1233	5	11	0	0	11	4	2
g	323	633	1230	8	14	0	0	14	7	2
g	324	659	1233	6	11	0	0	11	6	2
g	325	9	1258	8	14	0	-3	11	7	2
g	326	35	1261	6	11	0	-3	8	6	2
g	327	61	1255	8	14	0	0	14	7	2
g	328	87	1258	6	11	0	0	11	6	2
g	330	113	1258	8	14	0	-3	11	7	2
g	331	139	1261	6	11	0	-3	8	6	2
g	332	165	1256	7	14	0	-1	13	7	2
g	333	191	1259	6	11	0	-1	10	6	2
g	335	217	1258	6	12	0	-1	11	6	2
g	336	243	1255	7	15	0	-1	14	7	2
g	337	269	1258	7	12	0	-1	11	6	2
g	338	295	1258	11	12	0	-1	11	10	2
g	339	321	1261	10	9	0	-1	8	10	2
g	340	347	1255	7	14	0	0	14	6	2
g	341	373	1258	5	11	0	0	11	4	2
g	342	399	1258	7	14	0	-3	11	6	2
g	343	424	1261	6	11	-1	-3	8	4	2
g	344	451	1255	7	14	0	0	14	6	2
g	345	477	1258	6	11	0	0	11	4	2
g	346	503	1255	7	15	0	-1	14	6	2
g	347	529	1258	6	12	0	-1	11	5	2
g	348	555	1255	7	15	0	-1	14	6	2
g	349	581	1258	6	12	0	-1	11	5	2
g	350	607	1258	7	14	0	-3	11	6	2
g	351	633	1261	6	11	0	-3	8	5	2
g	352	659	1255	7	15	0	-1	14	6	2
g	353	9	1283	6	12	0	-1	11	5	2
g	354	36	1283	6	14	1	-3	11	6	2
g	355	61	1284	5	13	0	-3	10	4	2
g	356	88	1280	6	14	1	0	14	6	2
g	357	113	1283	6	11	0	0	11	4	2
g	358	140	1283	6	11	1	0	11	6	2
g	359	165	1284	5	10	0	0	10	4	2
g	360	191	1280	7	15	0	-1	14	7	2
g	361	217	1283	7	12	0	-1	11	6	2
g	362	243	1281	7	14	0	-1	13	7	2
g	363	269	1284	6	11	0	-1	10	6	2
g	364	295	1280	7	15	0	-1	14	7	2
g	365	321	1283	6	12	0	-1	11	6	2
g	366	347	1279	7	16	0	-1	15	7	2
g	367	373	1282	6	13	0	-1	12	6	2
g	368	399	1280	8	15	0	-1	14	7	2
g	369	425	1283	7	12	0	-1	11	6	2
g	370	451	1283	7	14	0	-3	11	7	2
g	371	477	1286	6	11	0	-3	8	6	2
g	372	504	1280	9	14	1	0	14	9	2
g	373	529	1283	9	11	0	0	11	8	2
g	374	556	1280	6	14	1	0	14	6	2
g	375	580	1283	7	14	-1	-3	11	5	2
g	376	608	1280	6	14	1	0	14	6	2
g	377	633	1280	7	14	0	0	14	6	2
g	378	659	1283	6	11	0	0	11	5	2
g	379	9	1305	7	14	0	0	14	6	2
g	380	35	1308	6	11	0	0	11	5	2
g	381	61	1305	7	14	0	0	14	6	2
g	382	87	1308	6	11	0	0	11	5	2
g	399	113	1308	8	12	0	-1	11	8	2
g	402	138	1308	9	15	-1	-4	11	7	2
g	416	165	1307	7	13	0	-1	12	7	2
g	417	191	1310	7	10	0	-1	9	6	2
g	431	217	1307	9	13	0	-1	12	7	2
g	432	243	1310	8	10	0	-1	9	6	2
g	461	268	1305	7	14	-1	0	14	6	2
g	462	295	1308	6	12	0	-1	11	6	2
g	468	321	1308	6	12	0	-1	11	6	2
g	485	347	1311	7	12	0	-4	8	6	2
g	487	373	1308	6	15	0	-4	11	6	2
g	489	399	1305	7	14	0	0	14	6	2
g	495	425	1308	6	15	0	-4	11	6	2
g	511	451	1308	7	12	0	-1	11	6	2
g	536	477	1308	7	14	0	-3	11	6	2
g	537	503	1311	6	11	0	-3	8	5	2
g	538	529	1308	7	14	0	-3	11	6	2
g	539	555	1309	5	13	0	-3	10	4	2
g	543	581	1305	7	14	0	0	14	6	2
g	552	607	1308	7	14	0	-3	11	6	2
g	553	633	1311	6	11	0	-3	8	6	2
g	567	657	1311	5	12	-2	-4	8	3	2
g	601	9	1336	6	9	0	-1	8	6	2
g	658	35	1336	6	12	0	-4	8	6	2
g	699	62	1333	2	4	1	7	11	2	2
g	700	87	1333	3	4	0	7	11	2	2
g	710	114	1333	4	3	1	8	11	3	2
g	711	140	1333	4	3	1	8	11	4	2
g	713	165	1333	4	2	0	9	11	3	2
g	728	192	1334	4	2	1	8	10	4	2
g	729	218	1333	2	3	1	8	11	2	2
g	730	244	1332	4	4	1	8	12	4	2
g	731	268	1344	3	3	-1	-3	0	2	2
g	732	296	1333	5	2	1	9	11	5	2
g	733	322	1333	5	3	1	8	11	4	2
g	768	346	1333	2	3	-1	8	11	0	2
g	769	371	1333	3	3	-2	8	11	0	2
g	770	396	1333	4	3	-3	8	11	0	2
g	771	422	1333	4	2	-3	9	11	0	2
g	772	448	1333	4	2	-3	9	11	0	2
g	774	474	1333	4	3	-3	8	11	0	2
g	775	502	1333	2	3	-1	8	11	0	2
g	776	526	1333	4	3	-3	8	11	0	2
g	777	550	1333	3	3	-5	8	11	0	2
g	778	578	1332	5	4	-3	8	12	0	2
g	779	603	1333	5	3	-4	8	11	0	2
g	780	630	1333	4	3	-3	8	11	0	2
g	786	657	1333	3	3	-2	8	11	0	2
g	787	7	1358	3	3	-2	8	11	0	2
g	795	33	1360	3	2	-2	7	9	0	2
g	803	58	1370	3	2	-3	-3	-1	0	2
g	806	84	1369	3	3	-3	-3	0	0	2
g	807	110	1369	3	3	-3	-3	0	0	2
g	808	136	1369	3	3	-3	-3	0	0	2
g	821	161	1359	5	2	-4	8	10	0	2
g	822	185	1360	7	2	-6	7	9	0	2
g	823	212	1362	7	5	-5	2	7	0	2
g	824	237	1357	8	13	-6	-1	12	0	2
g	916	268	1358	8	11	-1	0	11	7	2
g	937	295	1358	7	11	0	0	11	7	2
g	956	321	1361	7	11	0	-3	8	6	2
g	960	347	1361	8	8	0	0	8	7	2
g	7808	374	1355	9	14	1	0	14	9	2
g	7809	399	1358	9	11	0	0	11	8	2
g	7810	426	1355	9	14	1	0	14	9	2
g	7811	451	1358	9	11	0	0	11	8	2
g	7812	478	1355	9	14	1	0	14	9	2
g	7813	503	1358	9	11	0	0	11	8	2
g	7840	528	1358	7	14	-1	-3	11	6	2
g	7841	555	1361	6	11	0	-3	8	6	2
g	7842	580	1355	7	14	-1	0	14	6	2
g	7843	607	1358	6	12	0	-1	11	6	2
g	7844	632	1354	9	15	-1	0	15	6	2
g	7845	659	1357	8	13	0	-1	12	6	2
g	7846	8	1378	8	16	-1	0	16	6	2
g	7847	35	1381	7	14	0	-1	13	6	2
g	7848	60	1378	9	16	-1	0	16	6	2
g	7849	87	1381	8	14	0	-1	13	6	2
g	7850	112	1378	8	16	-1	0	16	6	2
g	7851	139	1381	7	14	0	-1	13	6	2
g	7852	164	1380	7	17	-1	-3	14	6	2
g	7853	191	1383	6	14	0	-3	11	6	2
g	7854	216	1378	7	16	-1	0	16	6	2
g	7855	243	1381	6	14	0	-1	13	6	2
g	7856	268	1378	7	16	-1	0	16	6	2
g	7857	295	1381	6	14	0	-1	13	6	2
g	7858	320	1377	7	17	-1	0	17	6	2
g	7859	347	1380	6	15	0	-1	14	6	2
g	7860	372	1378	8	16	-1	0	16	6	2
g	7861	399	1381	7	14	0	-1	13	6	2
g	7862	424	1380	7	17	-1	-3	14	6	2
g	7863	451	1383	6	14	0	-3	11	6	2
g	7864	477	1383	7	14	0	-3	11	6	2
g	7865	503	1386	6	11	0	-3	8	6	2
g	7866	529	1380	7	14	0	0	14	6	2
g	7867	555	1383	6	12	0	-1	11	6	2
g	7868	581	1380	7	14	0	0	14	6	2
g	7869	607	1383	6	12	0	-1	11	6	2
g	7870	633	1379	9	15	0	0	15	6	2
g	7871	659	1382	8	13	0	-1	12	6	2
g	7872	9	1403	8	16	0	0	16	6	2
g	7873	35	1406	7	14	0	-1	13	6	2
g	7874	61	1403	8	16	0	0	16	6	2
g	7875	87	1406	8	14	0	-1	13	6	2
g	7876	113	1403	7	16	0	0	16	6	2
g	7877	139	1406	7	14	0	-1	13	6	2
g	7878	165	1405	7	17	0	-3	14	6	2
g	7879	191	1408	6	14	0	-3	11	6	2
g	7880	217	1405	5	14	0	0	14	3	2
g	7881	243	1408	4	11	0	0	11	2	2
g	7882	269	1408	4	14	0	-3	11	3	2
g	7883	295	1408	4	14	0	-3	11	3	2
g	7884	321	1408	7	14	0	-3	11	7	2
g	7885	347	1411	6	11	0	-3	8	6	2
g	7886	373	1405	7	15	0	-1	14	7	2
g	7887	399	1408	6	12	0	-1	11	6	2
g	7888	425	1404	9	16	0	-1	15	7	2
g	7889	451	1407	8	13	0	-1	12	6	2
g	7890	477	1403	8	17	0	-1	16	7	2
g	7891	503	1406	7	14	0	-1	13	6	2
g	7892	529	1403	8	17	0	-1	16	7	2
g	7893	555	1406	8	14	0	-1	13	6	2
g	7894	581	1403	7	17	0	-1	16	7	2
g	7895	607	1406	7	14	0	-1	13	6	2
g	7896	633	1405	7	17	0	-3	14	7	2
g	7897	659	1408	6	14	0	-3	11	6	2
g	7898	9	1430	7	15	0	-1	14	7	2
g	7899	35	1433	7	12	0	-1	11	6	2
g	7900	61	1430	7	15	0	-1	14	7	2
g	7901	87	1433	7	12	0	-1	11	6	2
g	7902	113	1430	7	15	0	-1	14	7	2
g	7903	139	1433	7	12	0	-1	11	6	2
g	7904	165	1430	7	15	0	-1	14	7	2
g	7905	191	1433	7	12	0	-1	11	6	2
g	7906	217	1432	7	15	0	-3	12	7	2
g	7907	243	1435	7	12	0	-3	9	6	2
g	7908	269	1433	7	14	0	-3	11	7	2
g	7909	295	1436	6	11	0	-3	8	6	2
g	7910	321	1430	7	15	0	-1	14	7	2
g	7911	347	1433	6	12	0	-1	11	6	2
g	7912	373	1430	9	15	0	-1	14	7	2
g	7913	399	1433	8	12	0	-1	11	6	2
g	7914	425	1430	9	15	0	-1	14	7	2
g	7915	451	1433	8	12	0	-1	11	6	2
g	7916	477	1430	9	15	0	-1	14	7	2
g	7917	503	1433	8	12	0	-1	11	6	2
g	7918	529	1430	9	15	0	-1	14	7	2
g	7919	555	1433	8	12	0	-1	11	6	2
g	7920	581	1432	9	15	0	-3	12	7	2
g	7921	607	1435	8	12	0	-3	9	6	2
g	7922	634	1430	6	14	1	0	14	6	2
g	7923	658	1433	7	14	-1	-3	11	5	2
g	7924	10	1458	6	14	1	-3	11	6	2
g	7925	34	1461	7	11	-1	-3	8	5	2
g	7926	62	1455	6	14	1	0	14	6	2
g	7927	86	1458	7	14	-1	-3	11	5	2
g	7928	114	1455	6	14	1	0	14	6	2
g	7929	138	1458	7	14	-1	-3	11	5	2
g	8208	165	1463	5	2	0	4	6	5	2
g	8211	191	1464	6	2	0	3	5	5	2
g	8212	217	1464	9	2	0	3	5	9	2
g	8216	243	1458	3	4	0	7	11	2	2
g	8217	269	1458	3	4	0	7	11	2	2
g	8218	295	1466	2	5	0	-2	3	9	2
g	8220	321	1458	5	4	0	7	11	4	2
g	8221	347	1458	5	4	0	7	11	4	2
g	8222	372	1467	5	4	-1	-2	2	3	2
g	8224	399	1458	5	14	0	-3	11	5	2
g	8225	425	1458	5	14	0	-3	11	5	2
g	8226	451	1463	5	4	0	2	6	4	2
g	8230	477	1467	9	2	0	0	2	9	2
g	8240	503	1458	15	12	0	-1	11	15	2
g	8242	529	1458	3	4	0	7	11	3	2
g	8243	555	1458	5	4	0	7	11	4	2
g	8249	582	1462	3	6	1	1	7	4	2
g	8250	608	1462	3	6	1	1	7	5	2
g	8260	630	1458	10	11	-3	0	11	3	2
g	8308	659	1456	5	7	0	6	13	4	2
g	8309	9	1481	5	7	0	6	13	3	2
g	8310	36	1481	4	7	1	6	13	4	2
g	8311	62	1481	4	7	1	6	13	3	2
g	8312	88	1481	4	7	1	6	13	4	2
g	8313	114	1481	4	7	1	6	13	4	2
g	8355	140	1483	7	11	1	0	11	7	2
g	8364	166	1483	7	12	1	-1	11	7	2
g	8378	192	1483	7	12	1	-1	11	8	2
g	8381	218	1483	7	11	1	0	11	7	2
g	8467	244	1483	6	12	1	-1	11	6	2
g	8482	270	1483	7	6	1	5	11	7	2
g	8486	295	1483	7	11	0	0	11	7	2
g	8494	322	1483	11	12	1	-1	11	12	2
g	8539	347	1483	10	12	0	-1	11	10	2
g	8540	373	1483	11	12	0	-1	11	11	2
g	8541	399	1483	11	12	0	-1	11	10	2
g	8542	425	1483	10	12	0	-1	11	10	2
g	8706	451	1483	8	12	0	-1	11	8	2
g	8710	476	1483	8	11	-1	0	11	7	2
g	8719	503	1482	8	15	0	-3	12	7	2
g	8721	529	1483	8	14	0	-3	11	7	2
g	8722	555	1488	7	2	0	4	6	6	2
g	8725	581	1483	7	11	0	0	11	6	2
g	8729	607	1487	5	5	0	2	7	4	2
g	8730	633	1482	10	15	0	-3	12	9	2
g	8734	659	1486	10	6	0	2	8	9	2
g	8747	8	1508	7	15	-1	-4	11	5	2
g	8776	35	1511	7	6	0	2	8	7	2
g	8800	61	1510	7	8	0	1	9	6	2
g	8804	87	1510	7	9	0	0	9	6	2
g	8805	113	1510	7	9	0	0	9	6	2
g	9674	139	1507	6	13	0	-1	12	6	2
g	10217	165	1509	4	12	0	-2	10	5	2
g	64257	191	1508	8	11	0	0	11	7	2
g	64258	217	1508	7	11	0	0	11	7	2
g	13	243	1519	0	0	0	0	0	4	3
g	32	269	1519	0	0	0	0	0	4	3
g	33	295	1508	4	11	0	0	11	4	3
g	34	322	1508	5	4	1	7	11	4	3
g	35	347	1508	9	11	0	0	11	9	3
g	36	373	1507	7	14	0	-2	12	6	3
g	37	400	1508	10	12	1	-1	11	11	3
g	38	425	1508	8	12	0	-1	11	8	3
g	39	452	1508	2	4	1	7	11	2	3
g	40	477	1507	5	14	0	-2	12	4	3
g	41	503	1507	5	14	0	-2	12	4	3
g	42	529	1507	6	7	0	5	12	5	3
g	43	555	1511	7	7	0	1	8	6	3
g	44	581	1516	3	5	0	-2	3	3	3
g	45	607	1513	5	3	0	3	6	5	3
g	46	633	1516	3	4	0	-1	3	3	3
g	47	659	1508	6	11	0	0	11	6	3
g	48	9	1533	7	12	0	-1	11	7	3
g	49	35	1533	5	11	0	0	11	4	3
g	50	61	1533	7	11	0	0	11	6	3
g	51	87	1533	7	12	0	-1	11	6	3
g	52	113	1533	7	11	0	0	11	7	3
g	53	139	1533	7	12	0	-1	11	6	3
g	54	165	1533	7	12	0	-1	11	6	3
g	55	191	1533	7	11	0	0	11	6	3
g	56	217	1533	7	12	0	-1	11	6	3
g	57	243	1533	7	12	0	-1	11	6	3
g	58	269	1536	4	8	0	0	8	4	3
g	59	295	1536	4	10	0	-2	8	3	3
g	60	321	1536	7	8	0	0	8	6	3
g	61	347	1537	7	5	0	2	7	6	3
g	62	373	1536	7	8	0	0	8	6	3
g	63	399	1533	7	12	0	-1	11	6	3
g	64	425	1534	11	12	0	-2	10	11	3
g	65	450	1533	8	11	-1	0	11	7	3
g	66	477	1533	7	11	0	0	11	7	3
g	67	503	1533	7	12	0	-1	11	7	3
g	68	529	1533	7	11	0	0	11	7	3
g	69	555	1533	7	11	0	0	11	6	3
g	70	581	1533	7	11	0	0	11	6	3
g	71	607	1533	7	12	0	-1	11	7	3
g	72	633	1533	8	11	0	0	11	7	3
g	73	659	1533	4	11	0	0	11	3	3
g	74	9	1558	7	12	0	-1	11	6	3
g	75	35	1558	8	11	0	0	11	7	3
g	76	61	1558	6	11	0	0	11	6	3
g	77	87	1558	9	11	0	0	11	8	3
g	78	113	1558	8	11	0	0	11	7	3
g	79	139	1558	7	12	0	-1	11	7	3
g	80	165	1558	7	11	0	0	11	7	3
g	81	191	1558	7	13	0	-2	11	7	3
g	82	217	1558	7	11	0	0	11	7	3
g	83	243	1558	7	12	0	-1	11	6	3
g	84	270	1558	7	11	1	0	11	7	3
g	85	295	1558	8	12	0	-1	11	7	3
g	86	322	1558	7	11	1	0	11	7	3
g	87	348	1558	10	11	1	0	11	10	3
g	88	373	1558	8	11	0	0	11	7	3
g	89	400	1558	7	11	1	0	11	7	3
g	90	425	1558	7	11	0	0	11	6	3
g	91	450	1557	6	15	-1	-3	12	5	3
g	92	478	1558	5	11	1	0	11	6	3
g	93	503	1557	6	15	0	-3	12	5	3
g	94	529	1558	6	7	0	4	11	6	3
g	95	554	1567	7	2	-1	0	2	6	3
g	96	582	1558	3	3	1	8	11	3	3
g	97	607	1561	7	9	0	-1	8	6	3
g	98	633	1558	7	12	0	-1	11	6	3
g	99	659	1561	7	9	0	-1	8	6	3
g	100	9	1583	7	12	0	-1	11	6	3
g	101	35	1586	7	9	0	-1	8	6	3
g	102	61	1583	5	11	0	0	11	4	3
g	103	87	1586	7	12	0	-4	8	6	3
g	104	113	1583	7	11	0	0	11	6	3
g	105	139	1583	4	11	0	0	11	3	3
g	106	163	1583	6	15	-2	-4	11	3	3
g	107	191	1583	7	11	0	0	11	6	3
g	108	217	1583	4	11	0	0	11	3	3
g	109	243	1586	10	8	0	0	8	10	3
g	110	269	1586	7	8	0	0	8	6	3
g	111	295	1586	7	9	0	-1	8	6	3
g	112	321	1586	7	11	0	-3	8	6	3
g	113	347	1586	7	11	0	-3	8	6	3
g	114	373	1586	6	8	0	0	8	5	3
g	115	399	1586	6	9	0	-1	8	6	3
g	116	425	1584	5	10	0	0	10	4	3
g	117	451	1586	7	9	0	-1	8	6	3
g	118	477	1586	7	8	0	0	8	6	3
g	119	503	1586	9	8	0	0	8	9	3
g	120	528	1586	8	8	-1	0	8	6	3
g	121	554	1586	8	11	-1	-3	8	6	3
g	122	581	1586	6	8	0	0	8	5	3
g	123	607	1582	6	15	0	-3	12	5	3
g	124	632	1582	5	14	-1	-2	12	2	3
g	125	658	1582	6	15	-1	-3	12	5	3
g	126	9	1613	7	3	0	3	6	7	3
g	160	35	1619	0	0	0	0	0	3	3
g	161	61	1608	4	11	0	0	11	4	3
g	162	87	1608	7	11	0	0	11	6	3
g	163	113	1608	8	11	0	0	11	7	3
g	164	139	1610	9	9	0	0	9	8	3
g	165	165	1608	8	11	0	0	11	8	3
g	166	190	1607	5	14	-1	-2	12	2	3
g	167	217	1608	7	15	0	-4	11	6	3
g	168	244	1608	5	3	1	8	11	5	3
g	169	269	1608	12	12	0	-1	11	12	3
g	170	295	1608	5	8	0	3	11	4	3
g	171	321	1612	7	6	0	1	7	7	3
g	172	347	1613	7	4	0	2	6	6	3
g	174	373	1608	7	7	0	4	11	6	3
g	175	401	1609	4	2	2	8	10	6	3
g	176	426	1606	5	6	1	7	13	5	3
g	177	451	1610	7	9	0	0	9	6	3
g	178	477	1606	5	7	0	6	13	4	3
g	179	504	1606	4	7	1	6	13	4	3
g	180	530	1608	3	3	1	8	11	3	3
g	181	555	1611	7	11	0	-3	8	6	3
g	182	581	1608	8	14	0	-3	11	7	3
g	183	607	1613	3	3	0	3	6	3	3
g	184	632	1619	3	3	-1	-3	0	2	3
g	185	660	1606	3	7	1	6	13	2	3
g	186	9	1633	5	8	0	3	11	4	3
g	187	35	1637	7	6	0	1	7	7	3
g	188	61	1633	11	11	0	0	11	10	3
g	189	87	1633	10	11	0	0	11	10	3
g	190	113	1633	12	11	0	0	11	11	3
g	191	138	1636	7	12	-1	-4	8	6	3
g	192	164	1630	8	14	-1	0	14	7	3
g	193	190	1630	8	14	-1	0	14	7	3
g	194	216	1630	8	14	-1	0	14	7	3
g	195	242	1630	8	14	-1	0	14	7	3
g	196	268	1630	8	14	-1	0	14	7	3
g	197	294	1629	8	15	-1	0	15	7	3
g	198	320	1633	13	11	-1	0	11	11	3
g	199	347	1633	7	14	0	-3	11	7	3
g	200	373	1630	7	14	0	0	14	6	3
g	201	399	1630	7	14	0	0	14	6	3
g	202	425	1630	7	14	0	0	14	6	3
g	203	451	1630	7	14	0	0	14	6	3
g	204	477	1630	4	14	0	0	14	3	3
g	205	503	1630	5	14	0	0	14	3	3
g	206	529	1630	5	14	0	0	14	3	3
g	207	555	1630	6	14	0	0	14	3	3
g	208	582	1633	7	11	1	0	11	7	3
g	209	607	1630	8	14	0	0	14	7	3
g	210	633	1630	7	15	0	-1	14	7	3
g	211	659	1630	7	15	0	-1	14	7	3
g	212	9	1655	7	15	0	-1	14	7	3
g	213	35	1655	7	15	0	-1	14	7	3
g	214	61	1655	7	15	0	-1	14	7	3
g	215	87	1661	6	6	0	2	8	6	3
g	216	113	1657	8	13	0	-1	12	9	3
g	217	139	1655	8	15	0	-1	14	7	3
g	218	165	1655	8	15	0	-1	14	7	3
g	219	191	1655	8	15	0	-1	14	7	3
g	220	217	1655	8	15	0	-1	14	7	3
g	221	244	1655	7	14	1	0	14	7	3
g	222	269	1658	7	11	0	0	11	7	3
g	223	295	1658	7	11	0	0	11	7	3
g	224	321	1658	7	12	0	-1	11	6	3
g	225	347	1658	7	12	0	-1	11	6	3
g	226	373	1658	7	12	0	-1	11	6	3
g	227	399	1658	7	12	0	-1	11	6	3
g	228	425	1658	7	12	0	-1	11	6	3
g	229	451	1656	7	14	0	-1	13	6	3
g	230	477	1661	10	9	0	-1	8	10	3
g	231	503	1661	7	11	0	-3	8	6	3
g	232	529	1658	7	12	0	-1	11	6	3
g	233	555	1658	7	12	0	-1	11	6	3
g	234	581	1658	7	12	0	-1	11	6	3
g	235	607	1658	7	12	0	-1	11	6	3
g	236	633	1658	3	11	0	0	11	3	3
g	237	659	1658	4	11	0	0	11	3	3
g	238	9	1683	5	11	0	0	11	3	3
g	239	34	1683	6	11	-1	0	11	3	3
g	240	61	1683	7	12	0	-1	11	6	3
g	241	87	1683	7	11	0	0	11	6	3
g	242	113	1683	7	12	0	-1	11	6	3
g	243	139	1683	7	12	0	-1	11	6	3
g	244	165	1683	7	12	0	-1	11	6	3
g	245	191	1683	7	12	0	-1	11	6	3
g	246	217	1683	7	12	0	-1	11	6	3
g	247	243	1685	7	8	0	1	9	6	3
g	248	269	1685	7	10	0	-1	9	7	3
g	249	295	1683	7	12	0	-1	11	6	3
g	250	321	1683	7	12	0	-1	11	6	3
g	251	347	1683	7	12	0	-1	11	6	3
g	252	373	1683	7	12	0	-1	11	6	3
g	253	398	1683	8	14	-1	-3	11	6	3
g	254	424	1683	8	14	-1	-3	11	6	3
g	255	450	1683	8	14	-1	-3	11	6	3
g	256	476	1681	8	13	-1	0	13	7	3
g	257	503	1684	7	11	0	-1	10	6	3
g	258	528	1681	8	13	-1	0	13	7	3
g	259	555	1684	7	11	0	-1	10	6	3
g	260	580	1683	8	14	-1	-3	11	7	3
g	261	607	1686	7	11	0	-3	8	7	3
g	262	633	1680	7	15	0	-1	14	7	3
g	263	659	1683	7	12	0	-1	11	6	3
g	264	9	1705	7	15	0	-1	14	7	3
g	265	35	1708	7	12	0	-1	11	6	3
g	266	61	1705	7	15	0	-1	14	7	3
g	267	87	1708	7	12	0	-1	11	6	3
g	268	113	1705	7	15	0	-1	14	7	3
g	269	139	1708	7	12	0	-1	11	6	3
g	270	165	1705	7	14	0	0	14	7	3
g	271	191	1708	10	12	0	-1	11	6	3
g	272	218	1708	7	11	1	0	11	7	3
g	273	243	1708	8	12	0	-1	11	6	3
g	274	269	1706	7	13	0	0	13	6	3
g	275	295	1708	7	12	0	-1	11	6	3
g	278	321	1705	7	14	0	0	14	6	3
g	279	347	1708	7	12	0	-1	11	6	3
g	280	373	1708	7	14	0	-3	11	6	3
g	281	399	1711	7	11	0	-3	8	6	3
g	282	425	1705	7	14	0	0	14	6	3
g	283	451	1708	7	12	0	-1	11	6	3
g	284	477	1705	7	15	0	-1	14	7	3
g	285	503	1708	7	15	0	-4	11	6	3
g	286	529	1706	7	14	0	-1	13	7	3
g	287	555	1709	7	14	0	-4	10	6	3
g	288	581	1705	7	15	0	-1	14	7	3
g	289	607	1708	7	15	0	-4	11	6	3
g	290	633	1708	7	14	0	-3	11	7	3
g	291	659	1708	7	15	0	-4	11	6	3
g	292	9	1730	8	14	0	0	14	7	3
g	293	35	1730	7	14	0	0	14	6	3
g	294	61	1733	8	11	0	0	11	7	3
g	295	87	1733	7	11	0	0	11	6	3
g	296	113	1730	6	14	0	0	14	3	3
g	297	139	1733	5	11	0	0	11	3	3
g	298	165	1731	5	13	0	0	13	3	3
g	299	191	1734	4	10	0	0	10	3	3
g	301	217	1733	4	11	0	0	11	3	3
g	302	242	1733	5	14	-1	-3	11	3	3
g	303	269	1733	4	14	0	-3	11	3	3
g	304	295	1730	4	14	0	0	14	3	3
g	305	321	1736	3	8	0	0	8	3	3
g	307	347	1733	7	15	0	-4	11	6	3
g	308	373	1730	8	15	0	-1	14	6	3
g	309	397	1733	7	15	-2	-4	11	3	3
g	310	425	1733	8	14	0	-3	11	7	3
g	311	451	1733	7	14	0	-3	11	6	3
g	313	477	1730	6	14	0	0	14	6	3
g	314	503	1730	5	14	0	0	14	3	3
g	315	529	1733	6	14	0	-3	11	6	3
g	316	554	1733	5	14	-1	-3	11	3	3
g	317	581	1733	7	11	0	0	11	6	3
g	318	607	1733	7	11	0	0	11	6	3
g	320	633	1730	4	14	0	0	14	3	3
g	321	658	1733	8	11	-1	0	11	7	3
g	322	9	1758	6	11	0	0	11	5	3
g	323	35	1755	8	14	0	0	14	7	3
g	324	61	1758	7	11	0	0	11	6	3
g	325	87	1758	8	14	0	-3	11	7	3
g	326	113	1761	7	11	0	-3	8	6	3
g	327	139	1755	8	14	0	0	14	7	3
g	328	165	1758	7	11	0	0	11	6	3
g	330	191	1758	8	14	0	-3	11	7	3
g	331	217	1761	7	11	0	-3	8	6	3
g	332	243	1756	7	14	0	-1	13	7	3
g	333	269	1759	7	11	0	-1	10	6	3
g	335	295	1758	7	12	0	-1	11	6	3
g	336	321	1755	8	15	0	-1	14	7	3
g	337	347	1758	7	12	0	-1	11	6	3
g	338	373	1758	11	12	0	-1	11	10	3
g	339	399	1761	10	9	0	-1	8	10	3
g	340	425	1755	7	14	0	0	14	7	3
g	341	451	1758	6	11	0	0	11	5	3
g	342	477	1758	7	14	0	-3	11	7	3
g	343	502	1761	7	11	-1	-3	8	5	3
g	344	529	1755	7	14	0	0	14	7	3
g	345	555	1758	6	11	0	0	11	5	3
g	346	581	1755	7	15	0	-1	14	6	3
g	347	607	1758	6	12	0	-1	11	6	3
g	348	633	1755	7	15	0	-1	14	6	3
g	349	659	1758	6	12	0	-1	11	6	3
g	350	9	1783	7	14	0	-3	11	6	3
g	351	35	1786	6	11	0	-3	8	6	3
g	352	61	1780	7	15	0	-1	14	6	3
g	353	87	1783	6	12	0	-1	11	6	3
g	354	114	1783	7	14	1	-3	11	7	3
g	355	139	1784	5	13	0	-3	10	4	3
g	356	166	1780	7	14	1	0	14	7	3
g	357	191	1783	7	11	0	0	11	4	3
g	358	218	1783	7	11	1	0	11	7	3
g	359	243	1784	5	10	0	0	10	4	3
g	360	269	1780	8	15	0	-1	14	7	3
g	361	295	1783	7	12	0	-1	11	6	3
g	362	321	1781	8	14	0	-1	13	7	3
g	363	347	1784	7	11	0	-1	10	6	3
g	364	373	1780	8	15	0	-1	14	7	3
g	365	399	1783	7	12	0	-1	11	6	3
g	366	425	1779	8	16	0	-1	15	7	3
g	367	451	1781	7	14	0	-1	13	6	3
g	368	477	1780	8	15	0	-1	14	7	3
g	369	503	1783	7	12	0	-1	11	6	3
g	370	529	1783	8	14	0	-3	11	7	3
g	371	555	1786	7	11	0	-3	8	6	3
g	372	582	1780	10	14	1	0	14	10	3
g	373	607	1783	9	11	0	0	11	9	3
g	374	634	1780	7	14	1	0	14	7	3
g	375	658	1783	8	14	-1	-3	11	6	3
g	376	10	1805	7	14	1	0	14	7	3
g	377	35	1805	7	14	0	0	14	6	3
g	378	61	1808	6	11	0	0	11	5	3
g	379	87	1805	7	14	0	0	14	6	3
g	380	113	1808	6	11	0	0	11	5	3
g	381	139	1805	7	14	0	0	14	6	3
g	382	165	1808	6	11	0	0	11	5	3
g	399	191	1808	8	12	0	-1	11	8	3
g	402	216	1808	9	15	-1	-4	11	7	3
g	416	243	1807	8	13	0	-1	12	7	3
g	417	269	1810	7	10	0	-1	9	6	3
g	431	295	1807	9	13	0	-1	12	7	3
g	432	321	1810	8	10	0	-1	9	6	3
g	461	346	1805	8	14	-1	0	14	7	3
g	462	373	1808	7	12	0	-1	11	6	3
g	468	399	1808	7	12	0	-1	11	6	3
g	485	425	1811	7	12	0	-4	8	6	3
g	487	451	1808	7	15	0	-4	11	6	3
g	489	477	1805	7	14	0	0	14	6	3
g	495	503	1808	6	15	0	-4	11	6	3
g	511	529	1808	7	12	0	-1	11	6	3
g	536	555	1808	7	14	0	-3	11	6	3
g	537	581	1811	6	11	0	-3	8	6	3
g	538	607	1808	8	14	0	-3	11	7	3
g	539	633	1809	5	13	0	-3	10	4	3
g	543	659	1805	7	14	0	0	14	6	3
g	552	9	1833	7	14	0	-3	11	6	3
g	553	35	1836	7	11	0	-3	8	6	3
g	567	59	1836	5	12	-2	-4	8	3	3
g	601	87	1836	7	9	0	-1	8	6	3
g	658	113	1836	6	12	0	-4	8	6	3
g	699	140	1833	2	4	1	7	11	2	3
g	700	165	1833	4	4	0	7	11	2	3
g	710	192	1833	4	3	1	8	11	4	3
g	711	218	1833	5	3	1	8	11	5	3
g	713	243	1833	5	2	0	9	11	3	3
g	728	270	1834	4	2	1	8	10	4	3
g	729	296	1833	3	3	1	8	11	3	3
g	730	322	1831	4	5	1	8	13	4	3
g	731	346	1844	3	3	-1	-3	0	2	3
g	732	374	1833	5	3	1	8	11	5	3
g	733	400	1833	5	3	1	8	11	5	3
g	768	423	1833	3	3	-2	8	11	0	3
g	769	449	1833	3	3	-2	8	11	0	3
g	770	473	1833	5	3	-4	8	11	0	3
g	771	499	1833	5	3	-4	8	11	0	3
g	772	526	1833	4	2	-3	9	11	0	3
g	774	552	1833	4	3	-3	8	11	0	3
g	775	579	1833	3	3	-2	8	11	0	3
g	776	603	1833	5	3	-4	8	11	0	3
g	777	628	1832	3	4	-5	8	12	0	3
g	778	656	1831	5	5	-3	8	13	0	3
g	779	5	1858	5	3	-4	8	11	0	3
g	780	31	1858	5	3	-4	8	11	0	3
g	786	59	1858	3	3	-2	8	11	0	3
g	787	85	1858	3	3	-2	8	11	0	3
g	795	111	1860	3	3	-2	6	9	0	3
g	803	136	1870	3	3	-3	-4	-1	0	3
g	806	161	1869	4	3	-4	-3	0	0	3
g	807	188	1869	3	3	-3	-3	0	0	3
g	808	214	1869	3	3	-3	-3	0	0	3
g	821	239	1859	5	2	-4	8	10	0	3
g	822	262	1860	8	2	-7	7	9	0	3
g	823	289	1861	8	7	-6	1	8	0	3
g	824	314	1857	8	13	-7	-1	12	0	3
g	916	346	1858	9	11	-1	0	11	8	3
g	937	373	1858	8	11	0	0	11	7	3
g	956	399	1861	7	11	0	-3	8	6	3
g	960	425	1861	8	9	0	-1	8	8	3
g	7808	452	1855	10	14	1	0	14	10	3
g	7809	477	1858	9	11	0	0	11	9	3
g	7810	504	1855	10	14	1	0	14	10	3
g	7811	529	1858	9	11	0	0	11	9	3
g	7812	556	1855	10	14	1	0	14	10	3
g	7813	581	1858	9	11	0	0	11	9	3
g	7840	606	1858	8	15	-1	-4	11	7	3
g	7841	633	1861	7	12	0	-4	8	6	3
g	7842	658	1854	8	15	-1	0	15	7	3
g	7843	9	1882	7	13	0	-1	12	6	3
g	7844	34	1879	10	15	-1	0	15	7	3
g	7845	61	1882	9	13	0	-1	12	6	3
g	7846	86	1878	9	16	-1	0	16	7	3
g	7847	113	1881	7	14	0	-1	13	6	3
g	7848	138	1878	10	16	-1	0	16	7	3
g	7849	165	1881	8	14	0	-1	13	6	3
g	7850	190	1878	8	16	-1	0	16	7	3
g	7851	217	1881	7	14	0	-1	13	6	3
g	7852	242	1880	8	18	-1	-4	14	7	3
g	7853	269	1883	7	15	0	-4	11	6	3
g	7854	294	1878	8	16	-1	0	16	7	3
g	7855	321	1881	7	14	0	-1	13	6	3
g	7856	346	1878	8	16	-1	0	16	7	3
g	7857	373	1881	7	14	0	-1	13	6	3
g	7858	398	1877	8	17	-1	0	17	7	3
g	7859	425	1880	7	15	0	-1	14	6	3
g	7860	450	1878	9	16	-1	0	16	7	3
g	7861	477	1881	7	14	0	-1	13	6	3
g	7862	502	1880	8	18	-1	-4	14	7	3
g	7863	529	1883	7	15	0	-4	11	6	3
g	7864	555	1883	7	15	0	-4	11	6	3
g	7865	581	1886	7	12	0	-4	8	6	3
g	7866	607	1879	7	15	0	0	15	6	3
g	7867	633	1882	7	13	0	-1	12	6	3
g	7868	659	1880	7	14	0	0	14	6	3
g	7869	9	1908	7	12	0	-1	11	6	3
g	7870	35	1904	9	15	0	0	15	6	3
g	7871	61	1907	9	13	0	-1	12	6	3
g	7872	87	1903	8	16	0	0	16	6	3
g	7873	113	1906	7	14	0	-1	13	6	3
g	7874	139	1903	9	16	0	0	16	6	3
g	7875	165	1906	8	14	0	-1	13	6	3
g	7876	191	1903	7	16	0	0	16	6	3
g	7877	217	1906	7	14	0	-1	13	6	3
g	7878	243	1905	7	18	0	-4	14	6	3
g	7879	269	1908	7	15	0	-4	11	6	3
g	7880	295	1904	5	15	0	0	15	3	3
g	7881	321	1907	4	12	0	0	12	3	3
g	7882	347	1908	4	15	0	-4	11	3	3
g	7883	372	1908	5	15	-1	-4	11	3	3
g	7884	399	1908	7	15	0	-4	11	7	3
g	7885	425	1911	7	12	0	-4	8	6	3
g	7886	451	1904	7	16	0	-1	15	7	3
g	7887	477	1907	7	13	0	-1	12	6	3
g	7888	503	1904	10	16	0	-1	15	7	3
g	7889	529	1907	9	13	0	-1	12	6	3
g	7890	555	1903	8	17	0	-1	16	7	3
g	7891	581	1906	7	14	0	-1	13	6	3
g	7892	607	1903	9	17	0	-1	16	7	3
g	7893	633	1906	8	14	0	-1	13	6	3
g	7894	659	1903	7	17	0	-1	16	7	3
g	7895	9	1931	7	14	0	-1	13	6	3
g	7896	35	1930	7	18	0	-4	14	7	3
g	7897	61	1933	7	15	0	-4	11	6	3
g	7898	87	1930	8	15	0	-1	14	7	3
g	7899	113	1933	7	12	0	-1	11	6	3
g	7900	139	1930	8	15	0	-1	14	7	3
g	7901	165	1933	7	12	0	-1	11	6	3
g	7902	191	1929	8	16	0	-1	15	7	3
g	7903	217	1932	7	13	0	-1	12	6	3
g	7904	243	1930	8	15	0	-1	14	7	3
g	7905	269	1933	7	12	0	-1	11	6	3
g	7906	295	1932	8	16	0	-4	12	7	3
g	7907	321	1935	7	13	0	-4	9	6	3
g	7908	347	1933	8	15	0	-4	11	7	3
g	7909	373	1936	7	12	0	-4	8	6	3
g	7910	399	1929	8	16	0	-1	15	7	3
g	7911	425	1932	7	13	0	-1	12	6	3
g	7912	451	1930	9	15	0	-1	14	7	3
g	7913	477	1933	8	12	0	-1	11	6	3
g	7914	503	1930	9	15	0	-1	14	7	3
g	7915	529	1933	8	12	0	-1	11	6	3
g	7916	555	1929	9	16	0	-1	15	7	3
g	7917	581	1932	8	13	0	-1	12	6	3
g	7918	607	1930	9	15	0	-1	14	7	3
g	7919	633	1933	8	12	0	-1	11	6	3
g	7920	659	1932	9	16	0	-4	12	7	3
g	7921	9	1960	8	13	0	-4	9	6	3
g	7922	36	1955	7	14	1	0	14	7	3
g	7923	60	1958	8	14	-1	-3	11	6	3
g	7924	88	1958	7	15	1	-4	11	7	3
g	7925	112	1961	8	12	-1	-4	8	6	3
g	7926	140	1954	7	15	1	0	15	7	3
g	7927	164	1957	8	15	-1	-3	12	6	3
g	7928	192	1955	7	14	1	0	14	7	3
g	7929	216	1958	8	14	-1	-3	11	6	3
g	8208	243	1963	5	3	0	3	6	5	3
g	8211	269	1963	6	3	0	3	6	5	3
g	8212	295	1963	9	3	0	3	6	9	3
g	8216	321	1958	4	4	0	7	11	2	3
g	8217	347	1958	4	4	0	7	11	2	3
g	8218	373	1966	3	5	0	-2	3	9	3
g	8220	399	1958	6	4	0	7	11	5	3
g	8221	425	1958	6	4	0	7	11	5	3
g	8222	450	1967	6	4	-1	-2	2	4	3
g	8224	477	1958	6	14	0	-3	11	5	3
g	8225	503	1958	6	14	0	-3	11	5	3
g	8226	529	1963	5	4	0	2	6	4	3
g	8230	555	1966	10	4	0	-1	3	10	3
g	8240	581	1958	15	12	0	-1	11	15	3
g	8242	607	1958	4	4	0	7	11	5	3
g	8243	633	1958	6	4	0	7	11	5	3
g	8249	659	1962	5	6	0	1	7	4	3
g	8250	9	1987	4	6	0	1	7	5	3
g	8260	32	1983	10	11	-3	0	11	3	3
g	8308	61	1981	5	7	0	6	13	4	3
g	8309	87	1981	5	7	0	6	13	4	3
g	8310	114	1981	4	7	1	6	13	4	3
g	8311	140	1981	4	7	1	6	13	3	3
g	8312	165	1981	5	7	0	6	13	4	3
g	8313	191	1981	5	7	0	6	13	4	3
g	8355	217	1983	8	11	0	0	11	7	3
g	8364	243	1983	8	12	0	-1	11	7	3
g	8378	269	1983	8	11	0	0	11	8	3
g	8381	295	1983	8	11	0	0	11	8	3
g	8467	321	1983	7	12	0	-1	11	6	3
g	8482	348	1983	8	6	1	5	11	8	3
g	8486	373	1983	8	11	0	0	11	7	3
g	8494	399	1983	12	12	0	-1	11	12	3
g	8539	425	1983	11	12	0	-1	11	10	3
g	8540	451	1983	12	12	0	-1	11	11	3
g	8541	477	1983	11	12	0	-1	11	11	3
g	8542	503	1983	11	12	0	-1	11	10	3
g	8706	529	1983	8	12	0	-1	11	8	3
g	8710	554	1983	9	11	-1	0	11	8	3
g	8719	581	1982	8	15	0	-3	12	7	3
g	8721	607	1982	8	15	0	-3	12	7	3
g	8722	633	1988	7	2	0	4	6	6	3
g	8725	659	1983	8	11	0	0	11	7	3
g	8729	9	2012	5	5	0	2	7	4	3
g	8730	35	2007	11	15	0	-3	12	10	3
g	8734	61	2011	10	6	0	2	8	9	3
g	8747	86	2008	7	15	-1	-4	11	5	3
g	8776	113	2011	8	7	0	1	8	7	3
g	8800	139	2010	7	8	0	1	9	6	3
g	8804	165	2010	7	9	0	0	9	6	3
g	8805	191	2010	7	9	0	0	9	6	3
g	9674	217	2007	7	13	0	-1	12	6	3
g	10217	243	2009	4	12	0	-2	10	4	3
g	64257	269	2008	8	11	0	0	11	7	3
g	64258	295	2008	8	11	0	0	11	7	3
