atlas	1024	1024	32	32	6.4	38.4
g	13	2	2	0	0	0	32	32	8.96
g	32	36	2	0	0	0	32	32	8.96
g	33	70	2	7	23	1.632	0.064	22.4	8.352
g	34	104	2	9	8	2.155	15.264	22.304	9.504
g	35	138	2	18	21	1.44	0.736	21.568	18.816
g	36	172	2	13	28	1.056	-2.592	25.216	13.472
g	37	206	2	20	23	3.2	-0.288	22.688	23.936
g	38	240	2	16	23	0.96	-0.288	22.656	18.048
g	39	274	2	5	8	2.155	15.36	22.368	4.704
g	40	308	2	9	28	0.416	-3.072	24.32	8.672
g	41	342	2	9	28	0.944	-3.072	24.32	8.672
g	42	376	2	11	12	2.016	12.64	23.872	11.2
g	43	410	2	13	13	1.312	3.872	16.224	13.632
g	44	444	2	5	8	0.075	-2.912	5.024	6.176
g	45	478	2	9	4	1.227	8.032	11.232	10.08
g	46	512	2	5	5	0.704	-0.064	4.48	6.56
g	47	546	2	13	23	0.053	0	22.4	12
g	48	580	2	14	24	1.216	-0.352	22.752	13.952
g	49	614	2	8	23	2.027	0	22.4	8.512
g	50	648	2	14	23	0.363	0	22.656	13.216
g	51	682	2	14	23	0.928	-0.256	22.4	13.216
g	52	2	42	14	23	0.651	0	22.4	14.272
g	53	36	42	13	23	1.28	-0.256	22.4	13.28
g	54	70	42	13	23	1.344	-0.256	22.656	13.312
g	55	104	42	12	23	2.059	0	22.4	12.192
g	56	138	42	13	24	1.28	-0.256	22.784	13.472
g	57	172	42	13	23	0.96	-0.256	22.656	13.152
g	58	206	42	6	16	1.376	0.064	15.2	7.84
g	59	240	42	7	19	0.299	-2.848	15.328	6.784
g	60	274	42	14	15	1.141	1.819	16.352	13.632
g	61	308	42	14	9	0.939	5.792	14.72	13.632
g	62	342	42	14	15	0.437	1.824	16.357	13.632
g	63	376	42	12	23	1.984	-0.032	22.72	12.832
g	64	410	42	22	24	1.344	-2.496	20.512	23.552
g	65	444	42	14	23	-0.213	0	22.4	14.176
g	66	478	42	14	23	1.088	0	22.4	14.336
g	67	512	42	14	23	1.312	-0.256	22.656	14.208
g	68	546	42	14	23	1.088	0	22.4	14.656
g	69	580	42	14	23	1.088	0	22.4	13.504
g	70	614	42	14	23	1.088	0	22.4	12.864
g	71	648	42	14	23	1.312	-0.256	22.656	14.336
g	72	682	42	15	23	1.088	0	22.4	14.816
g	73	2	82	7	23	1.088	0	22.4	6.976
g	74	36	82	14	23	0.512	-0.256	22.4	13.728
g	75	70	82	15	23	1.088	0	22.4	14.816
g	76	104	82	12	23	1.088	0	22.4	12.896
g	77	138	82	17	23	1.003	0	22.4	16.704
g	78	172	82	16	23	1.088	0	22.4	15.744
g	79	206	82	14	23	1.344	-0.256	22.656	14.496
g	80	240	82	14	23	1.056	0	22.432	14.176
g	81	274	82	13	26	1.344	-3.328	22.656	14.112
g	82	308	82	14	23	1.088	0	22.4	14.336
g	83	342	82	13	23	1.056	-0.256	22.656	13.472
g	84	376	82	13	23	2.635	0	22.4	14.048
g	85	410	82	14	23	1.632	-0.256	22.4	14.848
g	86	444	82	13	23	2.944	0	22.4	14.624
g	87	478	82	20	23	2.816	0	22.4	20.64
g	88	512	82	16	23	0.309	0	22.4	14.304
g	89	546	82	13	23	3.008	0.032	22.4	14.176
g	90	580	82	14	23	0.171	0	22.4	12.608
g	91	614	82	11	30	-0.309	-4.416	25.312	10.24
g	92	648	82	8	23	3.488	0	22.4	12
g	93	682	82	11	30	1.739	-4.416	25.312	10.24
g	94	2	122	11	13	1.499	9.632	22.4	12.832
g	95	36	122	12	3	-0.053	0	2.848	12.576
g	96	70	122	5	4	2.848	18.4	22.4	6.368
g	97	104	122	13	17	1.088	-0.256	16.608	13.568
g	98	138	122	13	23	0.843	-0.256	22.4	13.568
g	99	172	122	12	17	1.088	-0.256	16.608	13.12
g	100	206	122	14	23	1.088	-0.256	22.4	13.568
g	101	240	122	12	17	1.088	-0.256	16.608	13.216
g	102	274	122	9	23	1.611	0	22.549	9.024
g	103	308	122	13	24	1.12	-6.592	16.608	13.376
g	104	342	122	13	23	0.843	0	22.4	13.6
g	105	376	122	7	24	0.971	0	23.136	6.656
g	106	410	122	11	30	-2.869	-6.581	23.136	6.528
g	107	444	122	13	23	0.843	0	22.4	13.44
g	108	478	122	7	23	0.715	0	22.4	6.176
g	109	512	122	20	17	0.843	0	16.608	20.64
g	110	546	122	13	17	0.843	0	16.608	13.6
g	111	580	122	12	17	1.088	-0.256	16.608	13.408
g	112	614	122	14	23	0.224	-6.048	16.608	13.696
g	113	648	122	13	23	1.088	-6.048	16.608	13.696
g	114	682	122	10	17	0.843	0.032	16.544	9.728
g	115	2	162	12	17	0.8	-0.192	16.544	12.352
g	116	36	162	8	21	1.611	0	20.416	8.768
g	117	70	162	13	17	1.184	-0.224	16.352	13.6
g	118	104	162	12	17	1.92	0	16.384	12.896
g	119	138	162	18	17	1.92	0	16.384	18.4
g	120	172	162	14	17	-0.043	0	16.352	12.928
g	121	206	162	14	23	-0.309	-6.368	16.384	12.512
g	122	240	162	12	17	0.139	0	16.352	11.424
g	123	274	162	11	30	1.355	-4.416	25.312	9.888
g	124	308	162	7	27	-0.064	-2.56	24.32	5.312
g	125	342	162	11	30	-0.309	-4.416	25.312	9.888
g	126	376	162	14	6	1.323	6.816	11.904	14.88
g	160	410	162	0	0	0	32	32	6.208
g	161	444	162	7	23	1.803	0.32	22.656	8.352
g	162	478	162	12	23	1.472	0.032	22.08	13.12
g	163	512	162	15	23	2.059	0	22.656	15.872
g	164	546	162	18	16	0.576	1.728	17.6	16.96
g	165	580	162	15	23	2.027	0.032	22.4	16.384
g	166	614	162	7	27	-0.064	-2.56	24.32	5.312
g	167	648	162	14	30	0.32	-6.528	22.656	13.024
g	168	682	162	10	5	2.4	18.592	23.136	10.752
g	169	2	202	23	23	1.984	-0.256	22.656	25.024
g	170	36	202	9	15	0.907	8.128	22.656	8.896
g	171	70	202	12	12	2.08	3.424	14.56	14.4
g	172	104	202	13	7	1.291	5.376	11.392	13.632
g	174	138	202	13	13	1.856	10.016	22.752	13.504
g	175	172	202	7	3	4.448	18.752	21.312	12.128
g	176	206	202	11	11	2.4	15.296	25.856	11.136
g	177	240	202	14	18	0.299	0.576	18.176	13.632
g	178	274	202	9	14	1.611	13.6	27.2	8.032
g	179	308	202	9	14	2.229	13.44	27.04	8.544
g	180	342	202	6	4	2.4	18.4	22.4	6.368
g	181	376	202	14	23	0.043	-6.4	16.352	13.728
g	182	410	202	14	29	1.952	-6.4	22.4	15.488
g	183	444	202	5	5	1.6	6.88	11.424	6.656
g	184	478	202	5	7	-1.152	-6.048	0	4.352
g	185	512	202	4	14	2.72	13.6	27.04	4.736
g	186	546	202	9	15	1.003	8.16	22.656	8.992
g	187	580	202	12	12	1.696	3.424	14.56	14.4
g	188	614	202	21	23	1.376	0	22.4	21.632
g	189	648	202	20	23	1.376	0	22.4	21.152
g	190	682	202	23	23	1.653	0	22.4	23.936
g	191	2	242	12	23	-0.096	-6.72	16.032	12.832
g	192	36	242	14	29	-0.213	0	28.448	14.176
g	193	70	242	14	29	-0.213	0	28.448	14.176
g	194	104	242	14	29	-0.213	0	28.448	14.176
g	195	138	242	15	29	-0.213	0	28.672	14.176
g	196	172	242	15	30	-0.213	0	29.184	14.176
g	197	206	242	14	32	-0.213	0	31.808	14.176
g	198	240	242	25	23	-0.112	0	22.4	22.816
g	199	274	242	14	29	1.312	-5.92	22.656	14.208
g	200	308	242	14	29	1.088	0	28.448	13.504
g	201	342	242	14	29	1.088	0	28.448	13.504
g	202	376	242	14	29	1.088	0	28.448	13.504
g	203	410	242	14	30	1.088	0	29.184	13.504
g	204	444	242	7	29	1.088	0	28.448	6.976
g	205	478	242	9	29	1.088	0	28.448	6.976
g	206	512	242	9	29	1.088	0	28.448	6.976
g	207	546	242	10	30	1.088	0	29.184	6.976
g	208	580	242	14	23	2.176	0	22.4	15.744
g	209	614	242	16	29	1.088	0	28.8	15.744
g	210	648	242	14	29	1.344	-0.256	28.416	14.496
g	211	682	242	14	29	1.344	-0.256	28.416	14.496
g	212	2	282	14	29	1.344	-0.256	28.416	14.496
g	213	36	282	14	29	1.344	-0.256	28.64	14.496
g	214	70	282	14	30	1.344	-0.256	29.152	14.496
g	215	104	282	11	11	1.12	4.704	15.168	12.064
g	216	138	282	16	26	0.32	-1.451	23.861	18.528
g	217	172	282	14	29	1.632	-0.256	28.448	14.848
g	218	206	282	14	29	1.632	-0.256	28.448	14.848
g	219	240	282	14	29	1.632	-0.256	28.448	14.848
g	220	274	282	14	30	1.632	-0.256	29.184	14.848
g	221	308	282	13	29	3.008	0.032	28.448	14.176
g	222	342	282	14	23	1.056	0	22.4	14.176
g	223	376	282	14	23	0.843	0	22.656	13.952
g	224	410	282	13	23	1.088	-0.256	22.4	13.44
g	225	444	282	13	23	1.088	-0.256	22.4	13.44
g	226	478	282	13	23	1.088	-0.256	22.4	13.44
g	227	512	282	13	23	1.088	-0.256	22.624	13.44
g	228	546	282	13	24	1.088	-0.256	23.136	13.44
g	229	580	282	13	27	1.088	-0.256	25.76	13.44
g	230	614	282	20	17	0.768	-0.256	16.608	20.928
g	231	648	282	12	23	1.12	-5.92	16.608	13.12
g	232	682	282	12	23	1.088	-0.256	22.4	13.216
g	233	2	322	12	23	1.088	-0.256	22.4	13.216
g	234	36	322	12	23	1.088	-0.256	22.4	13.216
g	235	70	322	13	24	1.088	-0.256	23.136	13.216
g	236	104	322	6	23	0.427	0	22.4	5.664
g	237	138	322	8	23	0.427	0	22.4	5.664
g	238	172	322	9	23	0.352	0	22.4	5.664
g	239	206	322	10	24	-0.16	0	23.136	5.664
g	240	240	322	14	23	1.088	-0.256	22.4	13.76
g	241	274	322	13	23	0.843	0	22.624	13.6
g	242	308	322	12	23	1.088	-0.256	22.4	13.408
g	243	342	322	12	23	1.088	-0.256	22.4	13.408
g	244	376	322	12	23	1.088	-0.256	22.4	13.408
g	245	410	322	13	23	1.088	-0.256	22.624	13.408
g	246	444	322	13	24	1.088	-0.256	23.136	13.408
g	247	478	322	13	15	1.323	3.008	17.344	13.632
g	248	512	322	14	20	0.64	-1.648	17.973	14.336
g	249	546	322	13	23	1.184	-0.224	22.4	13.6
g	250	580	322	13	23	1.184	-0.224	22.4	13.6
g	251	614	322	13	23	1.184	-0.224	22.4	13.6
g	252	648	322	13	24	1.184	-0.224	23.136	13.6
g	253	682	322	14	29	-0.309	-6.368	22.4	12.512
g	254	2	362	14	29	-0.085	-6.4	22.4	13.44
g	255	36	362	14	30	-0.309	-6.368	23.136	12.512
g	256	70	362	14	28	-0.213	0	27.36	14.176
g	257	104	362	13	22	1.088	-0.256	21.312	13.44
g	258	138	362	14	28	-0.213	0	27.36	14.176
g	259	172	362	13	22	1.088	-0.256	21.312	13.44
g	260	206	362	14	29	-0.213	-6.048	22.4	14.176
g	261	240	362	13	23	1.344	-6.048	16.608	13.888
g	262	274	362	14	29	1.312	-0.256	28.448	14.208
g	263	308	362	12	23	1.088	-0.256	22.4	13.12
g	264	342	362	14	29	1.312	-0.256	28.448	14.208
g	265	376	362	12	23	1.088	-0.256	22.4	13.12
g	266	410	362	14	30	1.312	-0.256	29.184	14.208
g	267	444	362	12	24	1.088	-0.256	23.136	13.12
g	268	478	362	14	29	1.312	-0.256	28.448	14.208
g	269	512	362	12	23	1.088	-0.256	22.4	13.12
g	270	546	362	14	29	1.088	0	28.384	14.656
g	271	580	362	20	23	1.088	-0.256	22.4	13.568
g	272	614	362	14	23	2.176	0	22.4	15.744
g	273	648	362	15	23	1.088	-0.256	22.4	13.568
g	274	682	362	14	28	1.088	0	27.36	13.504
g	275	2	402	12	23	1.088	-0.256	21.856	13.216
g	278	36	402	14	30	1.088	0	29.184	13.504
g	279	70	402	12	24	1.088	-0.256	23.136	13.216
g	280	104	402	14	29	1.088	-5.792	22.4	13.504
g	281	138	402	12	23	1.088	-5.792	16.608	13.216
g	282	172	402	14	29	1.088	0	28.448	13.504
g	283	206	402	12	23	1.088	-0.256	22.368	13.216
g	284	240	402	14	29	1.312	-0.256	28.448	14.304
g	285	274	402	13	29	1.12	-6.592	22.4	13.376
g	286	308	402	14	28	1.312	-0.256	27.36	14.304
g	287	342	402	13	28	1.12	-6.592	21.312	13.376
g	288	376	402	14	30	1.312	-0.256	29.184	14.304
g	289	410	402	13	30	1.12	-6.592	23.136	13.376
g	290	444	402	14	29	1.312	-5.984	22.656	14.304
g	291	478	402	13	29	1.12	-6.592	22.112	13.376
g	292	512	402	15	29	1.088	0	28.48	14.816
g	293	546	402	13	28	0.843	0	28	13.6
g	294	580	402	16	23	1.088	0	22.4	14.816
g	295	614	402	13	23	0.843	0	22.4	13.6
g	296	648	402	10	29	1.088	0	28.672	6.976
g	297	682	402	10	23	0.427	0	22.624	5.664
g	298	2	442	9	28	1.088	0	27.36	6.976
g	299	36	442	8	22	0.427	0	21.312	5.664
g	301	70	442	9	22	0.427	0	21.888	5.664
g	302	104	442	8	29	-0.096	-6.048	22.4	6.432
g	303	138	442	8	30	0.352	-6.048	23.136	6.976
g	304	172	442	8	30	1.088	0	29.184	6.976
g	305	206	442	6	17	0.427	0	16.352	5.664
g	307	240	442	13	30	0.971	-6.581	23.136	13.12
g	308	274	442	17	29	0.512	-0.256	28.48	13.728
g	309	308	442	12	29	-2.869	-6.581	22.4	6.56
g	310	342	442	15	29	1.088	-5.728	22.4	14.816
g	311	376	442	13	29	0.843	-5.728	22.4	13.44
g	313	410	442	12	29	1.088	0	28.448	12.896
g	314	444	442	9	29	0.715	0	28.448	6.176
g	315	478	442	12	29	1.088	-5.728	22.4	12.896
g	316	512	442	10	29	-2.08	-5.728	22.4	6.176
g	317	546	442	13	23	1.088	0	22.4	12.96
g	318	580	442	13	23	0.715	0	22.432	11.744
g	320	614	442	8	30	1.099	0	29.184	7.008
g	321	648	442	15	23	-0.128	0	22.4	14.496
g	322	682	442	11	23	1.056	0	22.4	10.944
g	323	2	482	16	29	1.088	0	28.576	15.744
g	324	36	482	13	23	0.843	0	22.4	13.6
g	325	70	482	16	29	1.088	-5.728	22.4	15.744
g	326	104	482	13	23	0.843	-5.728	16.608	13.6
g	327	138	482	16	29	1.088	0	28.576	15.744
g	328	172	482	13	23	0.843	0	22.4	13.6
g	330	206	482	16	29	1.088	-5.685	22.4	15.744
g	331	240	482	13	23	0.843	-5.728	16.608	13.6
g	332	274	482	14	28	1.344	-0.256	27.328	14.496
g	333	308	482	12	22	1.088	-0.256	21.312	13.408
g	335	342	482	12	23	1.088	-0.256	21.888	13.408
g	336	376	482	15	29	1.344	-0.256	28.416	14.496
g	337	410	482	14	23	1.088	-0.256	22.4	13.408
g	338	444	482	22	23	1.344	-0.256	22.656	21.408
g	339	478	482	20	17	1.088	-0.256	16.608	21.056
g	340	512	482	14	29	1.088	0	28.448	14.336
g	341	546	482	10	23	0.843	0.032	22.4	9.728
g	342	580	482	14	29	1.088	-5.728	22.4	14.336
g	343	614	482	13	23	-1.984	-5.728	16.544	9.728
g	344	648	482	14	29	1.088	0	28.448	14.336
g	345	682	482	11	23	0.843	0.032	22.4	9.728
g	346	2	522	13	29	1.056	-0.256	28.448	13.472
g	347	36	522	12	23	0.8	-0.192	22.4	12.384
g	348	70	522	13	29	1.056	-0.256	28.448	13.472
g	349	104	522	12	23	0.8	-0.192	22.4	12.384
g	350	138	522	13	29	1.056	-5.92	22.656	13.472
g	351	172	522	12	23	0.8	-5.856	16.544	12.384
g	352	206	522	13	29	1.056	-0.256	28.448	13.472
g	353	240	522	12	23	0.8	-0.192	22.4	12.384
g	354	274	522	13	29	2.635	-6.048	22.4	14.048
g	355	308	522	8	26	1.611	-5.44	20.416	8.768
g	356	342	522	13	29	2.635	0	28.384	14.048
g	357	376	522	12	23	1.611	0	22.432	8.768
g	358	410	522	13	23	2.635	0	22.4	14.048
g	359	444	522	9	21	1.099	0	20.416	8.768
g	360	478	522	14	29	1.632	-0.256	28.672	14.848
g	361	512	522	13	23	1.184	-0.224	22.624	13.6
g	362	546	522	14	28	1.632	-0.256	27.36	14.848
g	363	580	522	13	22	1.184	-0.224	21.312	13.6
g	364	614	522	14	29	1.632	-0.256	27.936	14.848
g	365	648	522	13	23	1.184	-0.224	21.888	13.6
g	366	682	522	14	33	1.632	-0.256	31.808	14.848
g	367	2	562	13	26	1.184	-0.224	25.76	13.6
g	368	36	562	15	29	1.632	-0.256	28.448	14.848
g	369	70	562	14	23	1.184	-0.224	22.4	13.6
g	370	104	562	14	29	1.632	-5.792	22.4	14.848
g	371	138	562	13	23	1.184	-6.048	16.352	13.6
g	372	172	562	20	29	2.816	0	28.448	20.416
g	373	206	562	18	23	1.92	0	22.4	18.4
g	374	240	562	13	29	3.008	0.032	28.448	14.176
g	375	274	562	14	29	-0.309	-6.368	22.4	12.512
g	376	308	562	13	30	3.008	0.032	29.184	14.176
g	377	342	562	14	29	0.171	0	28.448	12.608
g	378	376	562	12	23	0.139	0	22.4	11.424
g	379	410	562	14	30	0.171	0	29.184	12.608
g	380	444	562	12	24	0.139	0	23.136	11.424
g	381	478	562	14	29	0.171	0	28.448	12.608
g	382	512	562	12	23	0.139	0	22.4	11.424
g	399	546	562	16	24	1.312	-0.352	22.656	16.576
g	402	580	562	17	30	-0.725	-6.624	22.624	14.752
g	416	614	562	14	26	1.344	-0.256	25.056	14.496
g	417	648	562	14	20	1.088	-0.256	19.008	13.408
g	431	682	562	17	26	1.632	-0.256	25.056	14.848
g	432	2	602	16	20	1.184	-0.224	19.008	13.6
g	461	36	602	15	29	-0.213	0	28.384	14.176
g	462	70	602	13	23	1.088	-0.256	22.368	13.44
g	468	104	602	13	23	1.184	-0.224	22.368	13.6
g	485	138	602	13	24	1.12	-6.592	16.608	13.696
g	487	172	602	13	29	1.12	-6.592	22.368	13.376
g	489	206	602	13	29	0.843	0	28.384	13.44
g	495	240	602	13	29	0.011	-6.464	22.368	13.152
g	511	274	602	14	25	0.64	-1.648	22.4	13.408
g	536	308	602	13	29	1.056	-5.984	22.656	13.472
g	537	342	602	12	23	0.8	-5.92	16.544	12.384
g	538	376	602	14	29	1.568	-5.792	22.4	14.048
g	539	410	602	8	26	1.611	-5.504	20.416	8.768
g	543	444	602	14	29	0.843	0	28.384	13.6
g	552	478	602	14	29	1.088	-5.664	22.4	13.504
g	553	512	602	12	23	1.12	-5.664	16.608	13.216
g	567	546	602	10	23	-2.869	-6.581	16.352	6.56
g	601	580	602	12	17	0.992	-0.256	16.608	13.216
g	658	614	602	13	23	0.011	-6.464	16.352	13.152
g	699	648	602	5	7	2.208	15.424	22.4	5.12
g	700	682	602	6	7	1.323	15.424	22.4	5.12
g	710	2	642	9	4	2.368	18.4	22.4	8.608
g	711	36	642	9	4	2.848	18.4	22.4	9.664
g	713	70	642	7	3	1.835	19.84	22.4	6.624
g	728	104	642	8	4	2.453	17.664	21.312	8.16
g	729	138	642	5	5	2.4	18.592	23.136	5.408
g	730	172	642	8	8	2.528	18.176	25.76	8.32
g	731	206	642	5	7	-1.088	-6.048	0	4.352
g	732	240	642	9	4	2.443	19.008	22.624	9.952
g	733	274	642	10	4	2.4	18.656	22.656	10.848
g	768	308	642	5	4	-3.2	18.4	22.4	0
g	769	342	642	6	4	-3.648	18.4	22.4	0
g	770	376	642	9	4	-7.264	18.4	22.4	0
g	771	410	642	9	4	-6.965	19.008	22.624	0
g	772	444	642	7	3	-4.853	19.296	21.856	0
g	774	478	642	8	4	-5.611	18.24	21.888	0
g	775	512	642	5	5	-2.72	18.592	23.136	0
g	776	546	642	10	5	-7.84	18.592	23.136	0
g	777	580	642	6	7	-10.592	17.493	23.872	0
g	778	614	642	8	8	-4.832	18.176	25.76	0
g	779	648	642	10	4	-8.299	18.4	22.4	0
g	780	682	642	9	4	-6.816	18.4	22.4	0
g	786	2	682	6	4	-3.968	18.4	22.4	0
g	787	36	682	6	4	-3.648	18.4	22.4	0
g	795	70	682	5	5	-2.891	14.656	19.008	0
g	803	104	682	5	5	-5.792	-7.136	-2.816	0
g	806	138	682	6	4	-7.296	-5.728	-1.728	0
g	807	172	682	5	7	-5.504	-6.048	0	0
g	808	206	682	5	7	-5.44	-6.048	0	0
g	821	240	682	9	3	-7.253	17.92	20.192	0
g	822	274	682	15	3	-12.981	16.384	18.912	0
g	823	308	682	15	12	-11.456	4.128	15.808	0
g	824	342	682	16	26	-13.392	-1.312	23.84	0
g	916	376	682	16	23	-0.245	0	22.4	16.32
g	937	410	682	15	23	0.715	0	22.656	15.232
g	956	444	682	14	23	0.043	-6.4	16.352	13.728
g	960	478	682	16	17	1.867	-0.032	16.352	16.352
g	7808	512	682	20	29	2.816	0	28.448	20.416
g	7809	546	682	18	23	1.92	0	22.4	18.4
g	7810	580	682	20	29	2.816	0	28.448	20.416
g	7811	614	682	18	23	1.92	0	22.4	18.4
g	7812	648	682	20	30	2.816	0	29.184	20.416
g	7813	682	682	18	24	1.92	0	23.136	18.4
g	7840	2	722	14	30	-0.213	-7.136	22.4	14.176
g	7841	36	722	13	24	1.088	-7.136	16.608	13.44
g	7842	70	722	14	30	-0.213	0	29.92	14.176
g	7843	104	722	13	25	1.088	-0.256	23.872	13.44
g	7844	138	722	20	32	-0.213	0	31.008	14.176
g	7845	172	722	17	26	1.088	-0.256	24.96	13.44
g	7846	206	722	17	33	-0.213	0	32.288	14.176
g	7847	240	722	14	27	1.088	-0.256	26.24	13.44
g	7848	274	722	18	34	-0.213	0	33.504	14.176
g	7849	308	722	16	28	1.088	-0.256	27.456	13.44
g	7850	342	722	15	34	-0.213	0	33.152	14.176
g	7851	376	722	13	28	1.088	-0.256	27.104	13.44
g	7852	410	722	14	36	-0.213	-7.136	28.448	14.176
g	7853	444	722	13	30	1.088	-7.136	22.4	13.44
g	7854	478	722	14	34	-0.213	0	33.568	14.176
g	7855	512	722	13	28	1.088	-0.256	27.52	13.44
g	7856	546	722	14	34	-0.213	0	33.568	14.176
g	7857	580	722	13	28	1.088	-0.256	27.52	13.44
g	7858	614	722	14	35	-0.213	0	34.304	14.176
g	7859	648	722	13	29	1.088	-0.256	28.256	13.44
g	7860	682	722	16	34	-0.213	0	33.024	14.176
g	7861	2	762	13	28	1.088	-0.256	26.976	13.44
g	7862	36	762	14	36	-0.213	-7.136	27.936	14.176
g	7863	70	762	13	30	1.088	-7.136	21.888	13.44
g	7864	104	762	14	30	1.088	-7.136	22.4	13.504
g	7865	138	762	12	24	1.088	-7.136	16.608	13.216
g	7866	172	762	14	30	1.088	0	29.92	13.504
g	7867	206	762	12	25	1.088	-0.256	23.872	13.216
g	7868	240	762	14	29	1.088	0	28.672	13.504
g	7869	274	762	13	23	1.088	-0.256	22.624	13.216
g	7870	308	762	19	32	1.088	0	31.008	13.504
g	7871	342	762	17	26	1.088	-0.256	24.96	13.216
g	7872	376	762	15	33	1.088	0	32.288	13.504
g	7873	410	762	14	27	1.088	-0.256	26.24	13.216
g	7874	444	762	17	34	1.088	0	33.504	13.504
g	7875	478	762	16	28	1.088	-0.256	27.456	13.216
g	7876	512	762	14	34	1.088	0	33.152	13.504
g	7877	546	762	13	28	1.088	-0.256	27.104	13.216
g	7878	580	762	14	36	1.088	-7.136	28.448	13.504
g	7879	614	762	12	30	1.088	-7.136	22.4	13.216
g	7880	648	762	9	30	1.088	0	29.92	6.976
g	7881	682	762	8	24	0.427	0	23.872	5.664
g	7882	2	802	8	30	0.096	-7.136	22.4	6.976
g	7883	36	802	8	31	-0.032	-7.136	23.136	6.656
g	7884	70	802	14	30	1.344	-7.136	22.656	14.496
g	7885	104	802	12	24	1.088	-7.136	16.608	13.408
g	7886	138	802	14	31	1.344	-0.256	29.888	14.496
g	7887	172	802	12	25	1.088	-0.256	23.872	13.408
g	7888	206	802	18	32	1.344	-0.256	30.976	14.496
g	7889	240	802	17	26	1.088	-0.256	24.96	13.408
g	7890	274	802	15	33	1.344	-0.256	32.256	14.496
g	7891	308	802	14	27	1.088	-0.256	26.24	13.408
g	7892	342	802	17	34	1.344	-0.256	33.472	14.496
g	7893	376	802	16	28	1.088	-0.256	27.456	13.408
g	7894	410	802	14	34	1.344	-0.256	33.12	14.496
g	7895	444	802	13	28	1.088	-0.256	27.104	13.408
g	7896	478	802	14	36	1.344	-7.136	28.416	14.496
g	7897	512	802	12	30	1.088	-7.136	22.4	13.408
g	7898	546	802	14	29	1.344	-0.256	28.416	14.496
g	7899	580	802	14	23	1.088	-0.256	22.4	13.408
g	7900	614	802	14	29	1.344	-0.256	28.416	14.496
g	7901	648	802	14	23	1.088	-0.256	22.4	13.408
g	7902	682	802	14	31	1.344	-0.256	29.888	14.496
g	7903	2	842	14	25	1.088	-0.256	23.872	13.408
g	7904	36	842	14	29	1.344	-0.256	28.64	14.496
g	7905	70	842	14	24	1.088	-0.256	22.848	13.408
g	7906	104	842	14	33	1.344	-7.136	25.056	14.496
g	7907	138	842	14	27	1.088	-7.136	19.008	13.408
g	7908	172	842	14	30	1.632	-7.136	22.4	14.848
g	7909	206	842	13	24	1.184	-7.136	16.352	13.6
g	7910	240	842	14	31	1.632	-0.256	29.92	14.848
g	7911	274	842	13	25	1.184	-0.224	23.872	13.6
g	7912	308	842	17	29	1.632	-0.256	28.448	14.848
g	7913	342	842	16	23	1.184	-0.224	22.4	13.6
g	7914	376	842	17	29	1.632	-0.256	28.448	14.848
g	7915	410	842	16	23	1.184	-0.224	22.4	13.6
g	7916	444	842	17	31	1.632	-0.256	29.92	14.848
g	7917	478	842	16	25	1.184	-0.224	23.872	13.6
g	7918	512	842	17	29	1.632	-0.256	28.672	14.848
g	7919	546	842	16	23	1.184	-0.224	22.624	13.6
g	7920	580	842	17	33	1.632	-7.136	25.056	14.848
g	7921	614	842	16	27	1.184	-7.136	19.008	13.6
g	7922	648	842	13	29	3.008	0.032	28.448	14.176
g	7923	682	842	14	29	-0.309	-6.368	22.4	12.512
g	7924	2	882	13	30	3.008	-7.136	22.4	14.176
g	7925	36	882	14	24	-0.309	-7.136	16.384	12.512
g	7926	70	882	13	30	3.008	0.032	29.92	14.176
g	7927	104	882	14	31	-0.309	-6.368	23.872	12.512
g	7928	138	882	13	29	3.008	0.032	28.672	14.176
g	7929	172	882	14	29	-0.309	-6.368	22.624	12.512
g	8208	206	882	9	4	1.227	8.032	11.232	10.08
g	8211	240	882	11	4	1.163	7.488	10.688	11.712
g	8212	274	882	18	4	1.163	7.488	10.688	18.4
g	8216	308	882	6	7	1.397	15.424	22.4	5.12
g	8217	342	882	6	7	1.323	15.424	22.4	5.12
g	8218	376	882	5	8	0.075	-2.912	5.024	18.624
g	8220	410	882	11	7	1.403	15.424	22.4	9.824
g	8221	444	882	11	7	1.365	15.424	22.4	9.824
g	8222	478	882	11	7	-0.875	-2.88	4.096	9.6
g	8224	512	882	10	29	1.707	-6.4	22.4	11.04
g	8225	546	882	11	29	0.395	-6.4	22.4	11.04
g	8226	580	882	8	8	1.248	4.736	12.704	9.376
g	8230	614	882	19	5	0.704	-0.064	4.48	21.088
g	8240	648	882	30	23	1.568	-0.224	22.656	31.52
g	8242	682	882	6	8	1.291	15.072	22.4	11.584
g	8243	2	922	11	8	1.803	15.072	22.4	10.848
g	8249	36	922	7	12	1.824	3.424	14.56	9.248
g	8250	70	922	7	12	1.696	3.424	14.56	9.664
g	8260	104	922	19	23	-4.864	0	22.4	6.88
g	8308	138	922	9	14	1.771	13.632	27.072	8.64
g	8309	172	922	8	14	1.899	13.44	27.04	7.84
g	8310	206	922	8	14	2.144	13.44	27.2	8.096
g	8311	240	922	8	14	2.507	13.632	27.072	7.36
g	8312	274	922	8	14	2.112	13.44	27.264	8.16
g	8313	308	922	8	14	2.048	13.44	27.2	8.096
g	8355	342	922	15	23	1.579	0	22.4	14.752
g	8364	376	922	15	23	1.739	-0.256	22.656	15.36
g	8378	410	922	16	23	2.048	0	22.4	17.792
g	8381	444	922	16	23	1.739	0	22.432	16.224
g	8467	478	922	12	23	1.76	-0.256	22.624	13.312
g	8482	512	922	16	12	2.379	11.168	22.4	16.512
g	8486	546	922	15	23	0.715	0	22.656	15.232
g	8494	580	922	24	23	1.952	-0.256	22.656	25.44
g	8539	614	922	21	23	1.376	-0.192	22.4	21.44
g	8540	648	922	23	23	1.653	-0.192	22.4	23.744
g	8541	682	922	22	23	1.323	-0.192	22.4	22.624
g	8542	2	962	21	23	1.568	-0.192	22.4	21.632
g	8706	36	962	15	23	1.312	-0.256	22.592	16.32
g	8710	70	962	16	23	-0.245	0	22.4	16.32
g	8719	104	962	16	32	0.299	-6.4	25.6	14.848
g	8721	138	962	17	31	0.299	-6.4	24.192	15.648
g	8722	172	962	13	3	1.291	8.576	11.392	13.632
g	8725	206	962	16	23	0.08	0	22.4	14.432
g	8729	240	962	8	8	1.376	5.664	13.632	9.376
g	8730	274	962	23	32	0.736	-6.4	25.376	21.728
g	8734	308	962	19	12	1.408	4.608	15.84	20.224
g	8747	342	962	13	30	-0.704	-6.528	22.528	10.336
g	8776	376	962	15	12	1.003	4.192	16	14.88
g	8800	410	962	14	15	0.96	2.72	17.664	13.632
g	8804	444	962	15	19	0.299	0.544	18.752	13.632
g	8805	478	962	14	19	0.299	0.576	18.757	13.632
g	9674	512	962	12	26	1.632	-1.632	24.032	13.312
g	10217	546	962	8	24	0.779	-2.976	20.96	9.504
g	64257	580	962	15	24	1.611	0	23.136	15.648
g	64258	614	962	15	23	1.611	0	22.549	15.168
