atlas	1024	1024	15	15	3	18
g	13	8	19	0	0	0	0	0	4	0
g	32	33	19	0	0	0	0	0	4	0
g	33	59	8	2	11	1	0	11	4	0
g	34	83	8	3	4	0	7	11	3	0
g	35	109	8	7	11	1	0	11	9	0
g	36	133	6	6	15	0	-2	13	6	0
g	37	159	8	10	12	1	-1	11	12	0
g	38	183	8	7	12	0	-1	11	8	0
g	39	208	8	1	4	0	7	11	1	0
g	40	232	7	3	14	-1	-2	12	3	0
g	41	259	7	2	14	1	-2	12	3	0
g	42	283	7	5	7	0	5	12	5	0
g	43	308	11	7	6	0	2	8	7	0
g	44	333	16	2	5	0	-2	3	2	0
g	45	358	13	4	2	0	4	6	5	0
g	46	383	17	2	2	0	0	2	3	0
g	47	408	8	4	11	0	0	11	4	0
g	48	433	8	6	12	0	-1	11	7	0
g	49	458	8	3	11	0	0	11	4	0
g	50	483	8	6	11	0	0	11	6	0
g	51	508	8	5	12	0	-1	11	6	0
g	52	533	8	6	11	0	0	11	6	0
g	53	558	8	6	12	0	-1	11	6	0
g	54	583	8	6	12	0	-1	11	6	0
g	55	608	8	5	11	0	0	11	5	0
g	56	633	8	6	12	0	-1	11	6	0
g	57	658	8	5	12	0	-1	11	6	0
g	58	8	37	2	7	0	0	7	3	0
g	59	33	37	2	8	0	-1	7	3	0
g	60	58	36	7	7	0	1	8	7	0
g	61	83	37	7	4	0	3	7	7	0
g	62	108	36	7	7	0	1	8	7	0
g	63	133	33	5	11	0	0	11	5	0
g	64	158	35	11	11	0	-2	9	11	0
g	65	183	33	6	11	0	0	11	6	0
g	66	209	33	5	11	1	0	11	7	0
g	67	234	33	5	12	1	-1	11	7	0
g	68	259	33	5	11	1	0	11	7	0
g	69	284	33	5	11	1	0	11	6	0
g	70	309	33	5	11	1	0	11	6	0
g	71	334	33	5	12	1	-1	11	7	0
g	72	359	33	5	11	1	0	11	7	0
g	73	384	33	1	11	1	0	11	3	0
g	74	408	33	5	12	0	-1	11	6	0
g	75	434	33	6	11	1	0	11	6	0
g	76	459	33	5	11	1	0	11	6	0
g	77	484	33	6	11	1	0	11	8	0
g	78	509	33	5	11	1	0	11	7	0
g	79	534	33	5	12	1	-1	11	7	0
g	80	559	33	5	11	1	0	11	6	0
g	81	584	33	5	13	1	-2	11	6	0
g	82	609	33	5	11	1	0	11	6	0
g	83	633	33	6	12	0	-1	11	6	0
g	84	658	33	6	11	0	0	11	6	0
g	85	9	58	5	12	1	-1	11	7	0
g	86	33	58	6	11	0	0	11	6	0
g	87	58	58	9	11	0	0	11	9	0
g	88	83	58	6	11	0	0	11	6	0
g	89	108	58	6	11	0	0	11	6	0
g	90	133	58	6	11	0	0	11	6	0
g	91	158	57	3	14	0	-2	12	4	0
g	92	184	58	3	11	1	0	11	4	0
g	93	209	57	3	14	1	-2	12	4	0
g	94	233	58	6	7	0	4	11	6	0
g	95	258	68	5	1	0	0	1	5	0
g	96	283	58	2	3	0	8	11	2	0
g	97	308	61	5	9	0	-1	8	6	0
g	98	334	58	5	12	1	-1	11	6	0
g	99	358	61	6	9	0	-1	8	6	0
g	100	383	58	6	12	0	-1	11	6	0
g	101	408	61	6	9	0	-1	8	6	0
g	102	433	58	4	11	0	0	11	4	0
g	103	458	61	6	11	0	-3	8	6	0
g	104	484	58	5	11	1	0	11	6	0
g	105	508	58	3	11	0	0	11	3	0
g	106	532	58	3	15	-1	-4	11	3	0
g	107	559	58	5	11	1	0	11	6	0
g	108	584	58	1	11	1	0	11	2	0
g	109	609	61	8	8	1	0	8	9	0
g	110	634	61	5	8	1	0	8	6	0
g	111	658	61	6	9	0	-1	8	6	0
g	112	9	86	5	11	1	-3	8	6	0
g	113	33	86	6	11	0	-3	8	6	0
g	114	59	86	3	8	1	0	8	4	0
g	115	83	86	5	9	0	-1	8	5	0
g	116	108	84	4	10	0	0	10	4	0
g	117	134	86	5	9	1	-1	8	6	0
g	118	158	86	5	8	0	0	8	5	0
g	119	183	86	8	8	0	0	8	8	0
g	120	208	86	5	8	0	0	8	5	0
g	121	233	86	5	11	0	-3	8	5	0
g	122	258	86	5	8	0	0	8	5	0
g	123	283	82	4	14	0	-2	12	3	0
g	124	308	82	2	14	0	-2	12	2	0
g	125	333	82	4	14	0	-2	12	3	0
g	126	358	88	7	3	0	3	6	7	0
g	160	383	94	0	0	0	0	0	3	0
g	161	409	83	2	11	1	0	11	4	0
g	162	433	83	6	11	0	0	11	6	0
g	163	459	83	6	11	1	0	11	7	0
g	164	483	86	7	7	0	1	8	7	0
g	165	509	83	6	11	1	0	11	8	0
g	166	533	82	2	14	0	-2	12	2	0
g	167	558	83	5	15	0	-4	11	5	0
g	168	583	83	4	2	0	9	11	4	0
g	169	609	83	11	12	1	-1	11	13	0
g	170	633	83	4	7	0	4	11	4	0
g	171	659	87	5	6	1	1	7	7	0
g	172	8	113	7	4	0	2	6	7	0
g	174	33	108	7	6	0	5	11	7	0
g	175	60	109	4	1	2	9	10	9	0
g	176	83	106	5	6	0	7	13	5	0
g	177	108	111	7	8	0	0	8	7	0
g	178	133	105	4	8	0	6	14	3	0
g	179	158	105	4	8	0	6	14	4	0
g	180	183	108	2	3	0	8	11	2	0
g	181	209	111	5	11	1	-3	8	6	0
g	182	233	108	6	14	0	-3	11	7	0
g	183	258	114	2	2	0	3	5	3	0
g	184	283	119	2	3	0	-3	0	2	0
g	185	308	105	2	8	0	6	14	2	0
g	186	333	108	4	7	0	4	11	4	0
g	187	359	112	5	6	1	1	7	7	0
g	188	383	108	10	11	0	0	11	9	0
g	189	408	108	10	11	0	0	11	10	0
g	190	433	108	11	11	0	0	11	10	0
g	191	458	111	5	12	0	-4	8	5	0
g	192	483	105	6	14	0	0	14	6	0
g	193	508	105	6	14	0	0	14	6	0
g	194	533	105	6	14	0	0	14	6	0
g	195	558	105	6	14	0	0	14	6	0
g	196	583	105	6	14	0	0	14	6	0
g	197	608	104	6	15	0	0	15	6	0
g	198	633	108	10	11	0	0	11	10	0
g	199	659	108	5	14	1	-3	11	7	0
g	200	9	130	5	14	1	0	14	6	0
g	201	34	130	5	14	1	0	14	6	0
g	202	59	130	5	14	1	0	14	6	0
g	203	84	130	5	14	1	0	14	6	0
g	204	108	130	2	14	0	0	14	3	0
g	205	134	130	2	14	1	0	14	3	0
g	206	158	130	3	14	0	0	14	3	0
g	207	182	130	5	14	-1	0	14	3	0
g	208	209	133	6	11	1	0	11	8	0
g	209	234	130	5	14	1	0	14	7	0
g	210	259	130	5	15	1	-1	14	7	0
g	211	284	130	5	15	1	-1	14	7	0
g	212	309	130	5	15	1	-1	14	7	0
g	213	334	130	5	15	1	-1	14	7	0
g	214	359	130	5	15	1	-1	14	7	0
g	215	383	137	5	5	0	2	7	5	0
g	216	408	133	6	12	0	-1	11	7	0
g	217	434	130	5	15	1	-1	14	7	0
g	218	459	130	5	15	1	-1	14	7	0
g	219	484	130	5	15	1	-1	14	7	0
g	220	509	130	5	15	1	-1	14	7	0
g	221	533	130	6	14	0	0	14	6	0
g	222	559	133	5	11	1	0	11	6	0
g	223	584	133	5	11	1	0	11	6	0
g	224	608	133	5	12	0	-1	11	6	0
g	225	633	133	5	12	0	-1	11	6	0
g	226	658	133	5	12	0	-1	11	6	0
g	227	8	158	5	12	0	-1	11	6	0
g	228	33	158	5	12	0	-1	11	6	0
g	229	58	157	5	13	0	-1	12	6	0
g	230	83	161	9	9	0	-1	8	9	0
g	231	108	161	6	11	0	-3	8	6	0
g	232	133	158	6	12	0	-1	11	6	0
g	233	158	158	6	12	0	-1	11	6	0
g	234	183	158	6	12	0	-1	11	6	0
g	235	208	158	6	12	0	-1	11	6	0
g	236	232	158	3	11	-1	0	11	2	0
g	237	258	158	3	11	0	0	11	2	0
g	238	282	158	4	11	-1	0	11	2	0
g	239	307	158	4	11	-1	0	11	2	0
g	240	333	158	6	12	0	-1	11	6	0
g	241	359	158	5	11	1	0	11	6	0
g	242	383	158	6	12	0	-1	11	6	0
g	243	408	158	6	12	0	-1	11	6	0
g	244	433	158	6	12	0	-1	11	6	0
g	245	458	158	6	12	0	-1	11	6	0
g	246	483	158	6	12	0	-1	11	6	0
g	247	508	161	7	6	0	2	8	7	0
g	248	533	160	6	10	0	-1	9	6	0
g	249	559	158	5	12	1	-1	11	6	0
g	250	584	158	5	12	1	-1	11	6	0
g	251	609	158	5	12	1	-1	11	6	0
g	252	634	158	5	12	1	-1	11	6	0
g	253	658	158	5	14	0	-3	11	5	0
g	254	9	183	5	14	1	-3	11	6	0
g	255	33	183	5	14	0	-3	11	5	0
g	256	58	181	6	13	0	0	13	6	0
g	257	83	184	5	11	0	-1	10	6	0
g	258	108	181	6	13	0	0	13	6	0
g	259	133	184	5	11	0	-1	10	6	0
g	260	158	183	6	14	0	-3	11	6	0
g	261	183	186	6	11	0	-3	8	6	0
g	262	209	180	5	15	1	-1	14	7	0
g	263	233	183	6	12	0	-1	11	6	0
g	264	259	180	5	15	1	-1	14	7	0
g	265	283	183	6	12	0	-1	11	6	0
g	266	309	180	5	15	1	-1	14	7	0
g	267	333	183	6	12	0	-1	11	6	0
g	268	359	180	5	15	1	-1	14	7	0
g	269	383	183	6	12	0	-1	11	6	0
g	270	409	180	5	14	1	0	14	7	0
g	271	433	183	8	12	0	-1	11	6	0
g	272	459	183	6	11	1	0	11	8	0
g	273	483	183	6	12	0	-1	11	6	0
g	274	509	181	5	13	1	0	13	6	0
g	275	533	184	6	11	0	-1	10	6	0
g	278	559	180	5	14	1	0	14	6	0
g	279	583	183	6	12	0	-1	11	6	0
g	280	609	183	5	14	1	-3	11	6	0
g	281	633	186	6	11	0	-3	8	6	0
g	282	659	180	5	14	1	0	14	6	0
g	283	8	208	6	12	0	-1	11	6	0
g	284	34	205	5	15	1	-1	14	7	0
g	285	58	208	6	14	0	-3	11	6	0
g	286	84	206	5	14	1	-1	13	7	0
g	287	108	209	6	13	0	-3	10	6	0
g	288	134	205	5	15	1	-1	14	7	0
g	289	158	208	6	14	0	-3	11	6	0
g	290	184	208	5	15	1	-4	11	7	0
g	291	208	208	6	14	0	-3	11	6	0
g	292	234	205	5	14	1	0	14	7	0
g	293	259	205	5	14	1	0	14	6	0
g	294	283	208	7	11	0	0	11	7	0
g	295	308	208	6	11	0	0	11	6	0
g	296	332	205	5	14	-1	0	14	3	0
g	297	357	208	5	11	-1	0	11	2	0
g	298	383	206	3	13	0	0	13	3	0
g	299	407	209	4	10	-1	0	10	2	0
g	301	432	208	4	11	-1	0	11	2	0
g	302	458	208	2	14	0	-3	11	3	0
g	303	483	208	3	14	0	-3	11	3	0
g	304	508	205	3	14	0	0	14	3	0
g	305	533	211	2	8	0	0	8	2	0
g	307	558	208	6	15	0	-4	11	6	0
g	308	583	205	6	15	0	-1	14	6	0
g	309	607	208	4	15	-1	-4	11	3	0
g	310	634	208	6	14	1	-3	11	6	0
g	311	659	208	5	14	1	-3	11	6	0
g	313	9	230	5	14	1	0	14	6	0
g	314	33	230	3	14	0	0	14	2	0
g	315	59	233	5	14	1	-3	11	6	0
g	316	82	233	3	14	-1	-3	11	2	0
g	317	109	233	5	11	1	0	11	6	0
g	318	134	233	3	11	1	0	11	4	0
g	320	159	230	2	14	1	0	14	3	0
g	321	182	233	7	11	-1	0	11	6	0
g	322	208	233	4	11	0	0	11	4	0
g	323	234	230	5	14	1	0	14	7	0
g	324	259	233	5	11	1	0	11	6	0
g	325	284	233	5	14	1	-3	11	7	0
g	326	309	236	5	11	1	-3	8	6	0
g	327	334	230	5	14	1	0	14	7	0
g	328	359	233	5	11	1	0	11	6	0
g	330	384	233	5	14	1	-3	11	7	0
g	331	409	236	5	11	1	-3	8	6	0
g	332	434	231	5	14	1	-1	13	7	0
g	333	458	234	6	11	0	-1	10	6	0
g	335	483	233	6	12	0	-1	11	6	0
g	336	509	230	5	15	1	-1	14	7	0
g	337	533	233	6	12	0	-1	11	6	0
g	338	559	233	9	12	1	-1	11	10	0
g	339	583	236	9	9	0	-1	8	10	0
g	340	609	230	5	14	1	0	14	6	0
g	341	634	233	3	11	1	0	11	4	0
g	342	659	233	5	14	1	-3	11	6	0
g	343	8	261	4	11	0	-3	8	4	0
g	344	34	255	5	14	1	0	14	6	0
g	345	59	258	3	11	1	0	11	4	0
g	346	83	255	6	15	0	-1	14	6	0
g	347	108	258	5	12	0	-1	11	5	0
g	348	133	255	6	15	0	-1	14	6	0
g	349	158	258	5	12	0	-1	11	5	0
g	350	183	258	6	14	0	-3	11	6	0
g	351	208	261	5	11	0	-3	8	5	0
g	352	233	255	6	15	0	-1	14	6	0
g	353	258	258	5	12	0	-1	11	5	0
g	354	283	258	6	14	0	-3	11	6	0
g	355	308	259	4	13	0	-3	10	4	0
g	356	333	255	6	14	0	0	14	6	0
g	357	358	258	4	11	0	0	11	4	0
g	358	383	258	6	11	0	0	11	6	0
g	359	408	259	4	10	0	0	10	4	0
g	360	434	255	5	15	1	-1	14	7	0
g	361	459	258	5	12	1	-1	11	6	0
g	362	484	256	5	14	1	-1	13	7	0
g	363	509	259	5	11	1	-1	10	6	0
g	364	534	255	5	15	1	-1	14	7	0
g	365	559	258	5	12	1	-1	11	6	0
g	366	584	254	5	16	1	-1	15	7	0
g	367	609	257	5	13	1	-1	12	6	0
g	368	634	255	5	15	1	-1	14	7	0
g	369	659	258	5	12	1	-1	11	6	0
g	370	9	283	5	14	1	-3	11	7	0
g	371	34	286	5	11	1	-3	8	6	0
g	372	58	280	9	14	0	0	14	9	0
g	373	83	283	8	11	0	0	11	8	0
g	374	108	280	6	14	0	0	14	6	0
g	375	133	283	5	14	0	-3	11	5	0
g	376	158	280	6	14	0	0	14	6	0
g	377	183	280	6	14	0	0	14	6	0
g	378	208	283	5	11	0	0	11	5	0
g	379	233	280	6	14	0	0	14	6	0
g	380	258	283	5	11	0	0	11	5	0
g	381	283	280	6	14	0	0	14	6	0
g	382	308	283	5	11	0	0	11	5	0
g	399	333	283	7	12	0	-1	11	8	0
g	402	358	283	7	15	0	-4	11	7	0
g	416	384	282	5	13	1	-1	12	7	0
g	417	408	285	6	10	0	-1	9	6	0
g	431	434	282	7	13	1	-1	12	7	0
g	432	459	285	6	10	1	-1	9	6	0
g	461	483	280	6	14	0	0	14	6	0
g	462	508	283	5	12	0	-1	11	6	0
g	468	534	283	5	12	1	-1	11	6	0
g	485	558	286	7	11	0	-3	8	6	0
g	487	583	283	6	14	0	-3	11	6	0
g	489	609	280	5	14	1	0	14	6	0
g	495	633	283	7	15	0	-4	11	7	0
g	511	658	283	6	12	0	-1	11	6	0
g	536	8	308	6	15	0	-4	11	6	0
g	537	33	311	5	12	0	-4	8	5	0
g	538	58	308	6	15	0	-4	11	6	0
g	539	83	309	4	13	0	-3	10	4	0
g	543	109	305	5	14	1	0	14	6	0
g	552	134	308	5	14	1	-3	11	6	0
g	553	158	311	6	11	0	-3	8	6	0
g	567	182	311	3	12	-1	-4	8	3	0
g	601	208	311	5	9	0	-1	8	6	0
g	658	233	311	7	12	0	-4	8	7	0
g	699	258	308	2	4	0	7	11	1	0
g	700	283	308	2	4	0	7	11	1	0
g	710	308	308	4	3	0	8	11	3	0
g	711	333	308	4	3	0	8	11	4	0
g	713	358	308	3	1	0	10	11	3	0
g	728	383	309	4	2	0	8	10	4	0
g	729	408	308	2	2	0	9	11	2	0
g	730	433	307	4	4	0	8	12	4	0
g	731	457	319	3	3	-1	-3	0	2	0
g	732	483	308	5	2	0	9	11	5	0
g	733	508	308	4	3	0	8	11	4	0
g	768	531	308	2	3	-2	8	11	0	0
g	769	556	308	2	3	-2	8	11	0	0
g	770	579	308	4	3	-4	8	11	0	0
g	771	604	308	4	2	-4	9	11	0	0
g	772	630	309	3	1	-3	9	10	0	0
g	774	654	308	4	3	-4	8	11	0	0
g	775	6	333	2	2	-2	9	11	0	0
g	776	29	333	4	2	-4	9	11	0	0
g	777	52	333	3	3	-6	8	11	0	0
g	778	80	332	4	4	-3	8	12	0	0
g	779	104	333	4	3	-4	8	11	0	0
g	780	129	333	4	3	-4	8	11	0	0
g	786	156	333	2	3	-2	8	11	0	0
g	787	181	333	2	3	-2	8	11	0	0
g	795	206	335	2	2	-2	7	9	0	0
g	803	231	345	2	2	-2	-3	-1	0	0
g	806	256	345	2	2	-2	-3	-1	0	0
g	807	281	344	2	3	-2	-3	0	0	0
g	808	306	344	2	3	-2	-3	0	0	0
g	821	329	335	4	1	-4	8	9	0	0
g	822	352	335	6	2	-6	7	9	0	0
g	823	378	338	7	4	-5	2	6	0	0
g	824	403	332	5	13	-5	-1	12	0	0
g	916	433	333	7	11	0	0	11	7	0
g	937	459	333	6	11	1	0	11	7	0
g	956	484	336	5	11	1	-3	8	6	0
g	960	508	336	7	8	0	0	8	7	0
g	7808	533	330	9	14	0	0	14	9	0
g	7809	558	333	8	11	0	0	11	8	0
g	7810	583	330	9	14	0	0	14	9	0
g	7811	608	333	8	11	0	0	11	8	0
g	7812	633	330	9	14	0	0	14	9	0
g	7813	658	333	8	11	0	0	11	8	0
g	7840	8	358	6	14	0	-3	11	6	0
g	7841	33	361	5	11	0	-3	8	6	0
g	7842	58	355	6	14	0	0	14	6	0
g	7843	83	358	5	12	0	-1	11	6	0
g	7844	108	354	6	15	0	0	15	6	0
g	7845	133	357	6	13	0	-1	12	6	0
g	7846	158	353	6	16	0	0	16	6	0
g	7847	183	356	6	14	0	-1	13	6	0
g	7848	208	353	6	16	0	0	16	6	0
g	7849	233	356	6	14	0	-1	13	6	0
g	7850	258	354	6	15	0	0	15	6	0
g	7851	283	357	5	13	0	-1	12	6	0
g	7852	308	355	6	17	0	-3	14	6	0
g	7853	333	358	5	14	0	-3	11	6	0
g	7854	358	353	6	16	0	0	16	6	0
g	7855	383	356	5	14	0	-1	13	6	0
g	7856	408	353	6	16	0	0	16	6	0
g	7857	433	356	5	14	0	-1	13	6	0
g	7858	458	352	6	17	0	0	17	6	0
g	7859	483	355	5	15	0	-1	14	6	0
g	7860	508	354	6	15	0	0	15	6	0
g	7861	533	357	5	13	0	-1	12	6	0
g	7862	558	355	6	17	0	-3	14	6	0
g	7863	583	358	5	14	0	-3	11	6	0
g	7864	609	358	5	14	1	-3	11	6	0
g	7865	633	361	6	11	0	-3	8	6	0
g	7866	659	355	5	14	1	0	14	6	0
g	7867	8	383	6	12	0	-1	11	6	0
g	7868	34	380	5	14	1	0	14	6	0
g	7869	58	383	6	12	0	-1	11	6	0
g	7870	84	379	6	15	1	0	15	6	0
g	7871	108	382	6	13	0	-1	12	6	0
g	7872	134	378	5	16	1	0	16	6	0
g	7873	158	381	6	14	0	-1	13	6	0
g	7874	184	378	6	16	1	0	16	6	0
g	7875	208	381	6	14	0	-1	13	6	0
g	7876	234	379	5	15	1	0	15	6	0
g	7877	258	382	6	13	0	-1	12	6	0
g	7878	284	380	5	17	1	-3	14	6	0
g	7879	308	383	6	14	0	-3	11	6	0
g	7880	333	380	3	14	0	0	14	3	0
g	7881	358	383	3	11	0	0	11	2	0
g	7882	383	383	3	14	0	-3	11	3	0
g	7883	408	383	3	14	0	-3	11	3	0
g	7884	434	383	5	14	1	-3	11	7	0
g	7885	458	386	6	11	0	-3	8	6	0
g	7886	484	380	5	15	1	-1	14	7	0
g	7887	508	383	6	12	0	-1	11	6	0
g	7888	534	379	6	16	1	-1	15	7	0
g	7889	558	382	6	13	0	-1	12	6	0
g	7890	584	378	5	17	1	-1	16	7	0
g	7891	608	381	6	14	0	-1	13	6	0
g	7892	634	378	6	17	1	-1	16	7	0
g	7893	658	381	6	14	0	-1	13	6	0
g	7894	9	404	5	16	1	-1	15	7	0
g	7895	33	407	6	13	0	-1	12	6	0
g	7896	59	405	5	17	1	-3	14	7	0
g	7897	83	408	6	14	0	-3	11	6	0
g	7898	109	405	5	15	1	-1	14	7	0
g	7899	133	408	6	12	0	-1	11	6	0
g	7900	159	405	5	15	1	-1	14	7	0
g	7901	183	408	6	12	0	-1	11	6	0
g	7902	209	405	5	15	1	-1	14	7	0
g	7903	233	408	6	12	0	-1	11	6	0
g	7904	259	405	5	15	1	-1	14	7	0
g	7905	283	408	6	12	0	-1	11	6	0
g	7906	309	407	5	15	1	-3	12	7	0
g	7907	333	410	6	12	0	-3	9	6	0
g	7908	359	408	5	14	1	-3	11	7	0
g	7909	384	411	5	11	1	-3	8	6	0
g	7910	409	405	5	15	1	-1	14	7	0
g	7911	434	408	5	12	1	-1	11	6	0
g	7912	459	405	7	15	1	-1	14	7	0
g	7913	484	408	6	12	1	-1	11	6	0
g	7914	509	405	7	15	1	-1	14	7	0
g	7915	534	408	6	12	1	-1	11	6	0
g	7916	559	405	7	15	1	-1	14	7	0
g	7917	584	408	6	12	1	-1	11	6	0
g	7918	609	405	7	15	1	-1	14	7	0
g	7919	634	408	6	12	1	-1	11	6	0
g	7920	659	407	7	15	1	-3	12	7	0
g	7921	9	435	6	12	1	-3	9	6	0
g	7922	33	430	6	14	0	0	14	6	0
g	7923	58	433	5	14	0	-3	11	5	0
g	7924	83	433	6	14	0	-3	11	6	0
g	7925	108	436	5	11	0	-3	8	5	0
g	7926	133	430	6	14	0	0	14	6	0
g	7927	158	433	5	14	0	-3	11	5	0
g	7928	183	430	6	14	0	0	14	6	0
g	7929	208	433	5	14	0	-3	11	5	0
g	8208	233	438	4	2	0	4	6	5	0
g	8211	258	439	5	1	0	4	5	6	0
g	8212	283	439	9	1	0	4	5	9	0
g	8216	308	433	2	4	0	7	11	1	0
g	8217	333	433	2	4	0	7	11	1	0
g	8218	358	441	2	5	0	-2	3	9	0
g	8220	383	433	3	4	0	7	11	3	0
g	8221	408	433	3	4	0	7	11	3	0
g	8222	433	442	3	3	0	-1	2	3	0
g	8224	458	433	5	14	0	-3	11	5	0
g	8225	483	433	5	14	0	-3	11	5	0
g	8226	508	438	4	4	0	2	6	4	0
g	8230	533	442	9	2	0	0	2	9	0
g	8240	558	433	15	12	0	-1	11	15	0
g	8242	583	433	2	4	0	7	11	2	0
g	8243	608	433	4	4	0	7	11	4	0
g	8249	634	437	3	6	1	1	7	5	0
g	8250	659	437	3	6	1	1	7	5	0
g	8260	6	458	8	11	-2	0	11	3	0
g	8308	33	455	4	8	0	6	14	3	0
g	8309	58	455	3	8	0	6	14	3	0
g	8310	83	455	4	8	0	6	14	4	0
g	8311	108	455	3	8	0	6	14	3	0
g	8312	133	455	4	8	0	6	14	4	0
g	8313	158	455	4	8	0	6	14	4	0
g	8355	184	458	6	11	1	0	11	7	0
g	8364	209	458	6	12	1	-1	11	7	0
g	8378	234	458	7	11	1	0	11	8	0
g	8381	259	458	6	11	1	0	11	8	0
g	8467	284	458	5	12	1	-1	11	6	0
g	8482	308	458	7	6	0	5	11	7	0
g	8486	334	458	6	11	1	0	11	7	0
g	8494	359	458	11	12	1	-1	11	13	0
g	8539	383	458	10	12	0	-1	11	10	0
g	8540	408	458	11	12	0	-1	11	11	0
g	8541	433	458	10	12	0	-1	11	10	0
g	8542	458	458	10	12	0	-1	11	10	0
g	8706	483	458	7	12	0	-1	11	8	0
g	8710	508	458	7	11	0	0	11	7	0
g	8719	534	457	5	15	1	-3	12	7	0
g	8721	559	458	7	14	1	-3	11	8	0
g	8722	583	463	7	2	0	4	6	7	0
g	8725	608	458	6	11	0	0	11	6	0
g	8729	633	462	4	4	0	3	7	4	0
g	8730	658	457	8	15	0	-3	12	9	0
g	8734	8	487	9	5	0	2	7	9	0
g	8747	33	483	5	15	0	-4	11	5	0
g	8776	58	486	7	6	0	2	8	7	0
g	8800	83	485	7	8	0	1	9	7	0
g	8804	108	486	7	8	0	0	8	7	0
g	8805	133	486	7	8	0	0	8	7	0
g	9674	158	482	6	13	0	-1	12	6	0
g	10217	184	484	3	12	1	-2	10	5	0
g	64257	208	483	7	11	0	0	11	7	0
g	64258	233	483	6	11	0	0	11	6	0
g	13	258	494	0	0	0	0	0	4	2
g	32	283	494	0	0	0	0	0	4	2
g	33	308	483	3	11	0	0	11	3	2
g	34	334	483	3	4	1	7	11	2	2
g	35	359	483	7	11	1	0	11	8	2
g	36	383	481	6	15	0	-2	13	6	2
g	37	410	483	9	12	2	-1	11	12	2
g	38	433	483	7	12	0	-1	11	7	2
g	39	459	483	1	4	1	7	11	1	2
g	40	483	482	3	14	0	-2	12	2	2
g	41	508	482	3	14	0	-2	12	2	2
g	42	534	482	5	7	1	5	12	5	2
g	43	558	486	7	6	0	2	8	6	2
g	44	583	491	2	5	0	-2	3	2	2
g	45	608	488	5	2	0	4	6	4	2
g	46	633	492	2	2	0	0	2	2	2
g	47	658	483	5	11	0	0	11	4	2
g	48	8	508	7	12	0	-1	11	6	2
g	49	34	508	3	11	1	0	11	3	2
g	50	58	508	6	11	0	0	11	6	2
g	51	83	508	6	12	0	-1	11	6	2
g	52	108	508	6	11	0	0	11	5	2
g	53	133	508	6	12	0	-1	11	6	2
g	54	158	508	6	12	0	-1	11	6	2
g	55	184	508	5	11	1	0	11	5	2
g	56	208	508	6	12	0	-1	11	6	2
g	57	233	508	6	12	0	-1	11	6	2
g	58	258	512	3	7	0	0	7	3	2
g	59	283	512	3	8	0	-1	7	2	2
g	60	308	511	7	7	0	1	8	6	2
g	61	333	512	7	4	0	3	7	6	2
g	62	358	511	7	7	0	1	8	6	2
g	63	384	508	5	11	1	0	11	5	2
g	64	408	510	11	11	0	-2	9	11	2
g	65	432	508	6	11	-1	0	11	5	2
g	66	458	508	7	11	0	0	11	6	2
g	67	483	508	7	12	0	-1	11	6	2
g	68	508	508	7	11	0	0	11	7	2
g	69	533	508	7	11	0	0	11	6	2
g	70	558	508	7	11	0	0	11	6	2
g	71	583	508	7	12	0	-1	11	6	2
g	72	608	508	7	11	0	0	11	7	2
g	73	633	508	3	11	0	0	11	3	2
g	74	658	508	6	12	0	-1	11	6	2
g	75	8	533	7	11	0	0	11	6	2
g	76	33	533	6	11	0	0	11	6	2
g	77	58	533	8	11	0	0	11	7	2
g	78	83	533	7	11	0	0	11	7	2
g	79	108	533	7	12	0	-1	11	6	2
g	80	133	533	7	11	0	0	11	6	2
g	81	158	533	7	13	0	-2	11	6	2
g	82	183	533	7	11	0	0	11	6	2
g	83	208	533	6	12	0	-1	11	6	2
g	84	234	533	6	11	1	0	11	6	2
g	85	259	533	6	12	1	-1	11	7	2
g	86	284	533	6	11	1	0	11	6	2
g	87	309	533	9	11	1	0	11	9	2
g	88	333	533	7	11	0	0	11	6	2
g	89	359	533	6	11	1	0	11	6	2
g	90	383	533	6	11	0	0	11	6	2
g	91	407	532	5	14	-1	-2	12	4	2
g	92	435	533	2	11	2	0	11	4	2
g	93	459	532	4	14	1	-2	12	4	2
g	94	483	533	6	7	0	4	11	6	2
g	95	508	543	5	1	0	0	1	5	2
g	96	534	533	2	3	1	8	11	2	2
g	97	558	536	6	9	0	-1	8	6	2
g	98	583	533	6	12	0	-1	11	6	2
g	99	608	536	6	9	0	-1	8	6	2
g	100	633	533	6	12	0	-1	11	6	2
g	101	658	536	6	9	0	-1	8	6	2
g	102	9	558	4	11	1	0	11	4	2
g	103	33	561	6	11	0	-3	8	6	2
g	104	58	558	6	11	0	0	11	6	2
g	105	83	558	3	11	0	0	11	3	2
g	106	107	558	4	15	-1	-4	11	3	2
g	107	133	558	6	11	0	0	11	6	2
g	108	158	558	3	11	0	0	11	2	2
g	109	183	561	9	8	0	0	8	9	2
g	110	208	561	6	8	0	0	8	6	2
g	111	233	561	6	9	0	-1	8	6	2
g	112	258	561	6	11	0	-3	8	6	2
g	113	283	561	6	11	0	-3	8	6	2
g	114	308	561	5	8	0	0	8	4	2
g	115	333	561	5	9	0	-1	8	5	2
g	116	359	559	3	10	1	0	10	4	2
g	117	383	561	6	9	0	-1	8	6	2
g	118	409	561	5	8	1	0	8	5	2
g	119	434	561	7	8	1	0	8	8	2
g	120	458	561	6	8	0	0	8	5	2
g	121	482	561	7	11	-1	-3	8	5	2
g	122	508	561	6	8	0	0	8	5	2
g	123	533	557	5	14	0	-2	12	3	2
g	124	558	557	3	14	0	-2	12	2	2
g	125	582	557	5	14	-1	-2	12	3	2
g	126	608	563	7	3	0	3	6	6	2
g	160	633	569	0	0	0	0	0	3	2
g	161	659	558	3	11	1	0	11	3	2
g	162	8	583	6	11	0	0	11	6	2
g	163	34	583	7	11	1	0	11	7	2
g	164	58	586	8	7	0	1	8	7	2
g	165	84	583	6	11	1	0	11	8	2
g	166	108	582	3	14	0	-2	12	2	2
g	167	133	583	6	15	0	-4	11	5	2
g	168	159	583	4	2	1	9	11	4	2
g	169	184	583	11	12	1	-1	11	13	2
g	170	208	583	5	7	0	4	11	4	2
g	171	234	587	6	6	1	1	7	7	2
g	172	258	588	7	4	0	2	6	6	2
g	174	284	583	6	6	1	5	11	6	2
g	175	311	584	4	1	3	9	10	8	2
g	176	334	581	5	6	1	7	13	5	2
g	177	358	586	7	8	0	0	8	6	2
g	178	383	580	5	8	0	6	14	3	2
g	179	409	580	4	8	1	6	14	4	2
g	180	434	583	2	3	1	8	11	2	2
g	181	458	586	6	11	0	-3	8	6	2
g	182	484	583	6	14	1	-3	11	6	2
g	183	508	589	3	2	0	3	5	3	2
g	184	532	594	3	3	-1	-3	0	1	2
g	185	559	580	2	8	1	6	14	2	2
g	186	583	583	5	7	0	4	11	4	2
g	187	609	587	5	6	1	1	7	7	2
g	188	633	583	9	11	0	0	11	9	2
g	189	658	583	10	11	0	0	11	9	2
g	190	8	608	10	11	0	0	11	10	2
g	191	33	611	5	12	0	-4	8	5	2
g	192	57	605	6	14	-1	0	14	5	2
g	193	82	605	6	14	-1	0	14	5	2
g	194	107	605	7	14	-1	0	14	5	2
g	195	132	605	7	14	-1	0	14	5	2
g	196	157	605	7	14	-1	0	14	5	2
g	197	182	604	7	15	-1	0	15	5	2
g	198	207	608	11	11	-1	0	11	10	2
g	199	233	608	7	14	0	-3	11	6	2
g	200	258	605	7	14	0	0	14	6	2
g	201	283	605	7	14	0	0	14	6	2
g	202	308	605	7	14	0	0	14	6	2
g	203	333	605	7	14	0	0	14	6	2
g	204	358	605	3	14	0	0	14	3	2
g	205	383	605	4	14	0	0	14	3	2
g	206	408	605	4	14	0	0	14	3	2
g	207	433	605	5	14	0	0	14	3	2
g	208	459	608	7	11	1	0	11	7	2
g	209	483	605	7	14	0	0	14	7	2
g	210	508	605	7	15	0	-1	14	6	2
g	211	533	605	7	15	0	-1	14	6	2
g	212	558	605	7	15	0	-1	14	6	2
g	213	583	605	7	15	0	-1	14	6	2
g	214	608	605	7	15	0	-1	14	6	2
g	215	633	612	6	5	0	2	7	5	2
g	216	658	608	7	12	0	-1	11	7	2
g	217	9	630	6	15	1	-1	14	7	2
g	218	34	630	6	15	1	-1	14	7	2
g	219	59	630	6	15	1	-1	14	7	2
g	220	84	630	6	15	1	-1	14	7	2
g	221	109	630	6	14	1	0	14	6	2
g	222	133	633	7	11	0	0	11	6	2
g	223	158	633	6	11	0	0	11	6	2
g	224	183	633	6	12	0	-1	11	6	2
g	225	208	633	6	12	0	-1	11	6	2
g	226	233	633	6	12	0	-1	11	6	2
g	227	258	633	6	12	0	-1	11	6	2
g	228	283	633	6	12	0	-1	11	6	2
g	229	308	632	6	13	0	-1	12	6	2
g	230	333	636	9	9	0	-1	8	9	2
g	231	358	636	6	11	0	-3	8	6	2
g	232	383	633	6	12	0	-1	11	6	2
g	233	408	633	6	12	0	-1	11	6	2
g	234	433	633	6	12	0	-1	11	6	2
g	235	458	633	6	12	0	-1	11	6	2
g	236	483	633	3	11	0	0	11	2	2
g	237	508	633	4	11	0	0	11	2	2
g	238	533	633	4	11	0	0	11	2	2
g	239	558	633	4	11	0	0	11	2	2
g	240	583	633	7	12	0	-1	11	6	2
g	241	608	633	6	11	0	0	11	6	2
g	242	633	633	6	12	0	-1	11	6	2
g	243	658	633	6	12	0	-1	11	6	2
g	244	8	658	6	12	0	-1	11	6	2
g	245	33	658	6	12	0	-1	11	6	2
g	246	58	658	6	12	0	-1	11	6	2
g	247	83	661	7	6	0	2	8	6	2
g	248	108	660	6	10	0	-1	9	6	2
g	249	133	658	6	12	0	-1	11	6	2
g	250	158	658	6	12	0	-1	11	6	2
g	251	183	658	6	12	0	-1	11	6	2
g	252	208	658	6	12	0	-1	11	6	2
g	253	232	658	7	14	-1	-3	11	5	2
g	254	258	658	6	14	0	-3	11	6	2
g	255	282	658	7	14	-1	-3	11	5	2
g	256	307	656	7	13	-1	0	13	5	2
g	257	333	659	6	11	0	-1	10	6	2
g	258	357	656	7	13	-1	0	13	5	2
g	259	383	659	6	11	0	-1	10	6	2
g	260	407	658	6	14	-1	-3	11	5	2
g	261	434	661	5	11	1	-3	8	6	2
g	262	458	655	7	15	0	-1	14	6	2
g	263	483	658	6	12	0	-1	11	6	2
g	264	508	655	7	15	0	-1	14	6	2
g	265	533	658	6	12	0	-1	11	6	2
g	266	558	655	7	15	0	-1	14	6	2
g	267	583	658	6	12	0	-1	11	6	2
g	268	608	655	7	15	0	-1	14	6	2
g	269	633	658	6	12	0	-1	11	6	2
g	270	658	655	7	14	0	0	14	7	2
g	271	8	683	9	12	0	-1	11	6	2
g	272	34	683	7	11	1	0	11	7	2
g	273	58	683	7	12	0	-1	11	6	2
g	274	83	681	7	13	0	0	13	6	2
g	275	108	684	6	11	0	-1	10	6	2
g	278	133	680	7	14	0	0	14	6	2
g	279	158	683	6	12	0	-1	11	6	2
g	280	183	683	7	14	0	-3	11	6	2
g	281	208	686	6	11	0	-3	8	6	2
g	282	233	680	7	14	0	0	14	6	2
g	283	258	683	6	12	0	-1	11	6	2
g	284	283	680	7	15	0	-1	14	6	2
g	285	308	683	6	14	0	-3	11	6	2
g	286	333	681	7	14	0	-1	13	6	2
g	287	358	684	6	13	0	-3	10	6	2
g	288	383	680	7	15	0	-1	14	6	2
g	289	408	683	6	14	0	-3	11	6	2
g	290	433	683	7	15	0	-4	11	6	2
g	291	458	683	6	14	0	-3	11	6	2
g	292	483	680	7	14	0	0	14	7	2
g	293	508	680	6	14	0	0	14	6	2
g	294	533	683	7	11	0	0	11	7	2
g	295	558	683	6	11	0	0	11	6	2
g	296	583	680	5	14	0	0	14	3	2
g	297	608	683	4	11	0	0	11	2	2
g	298	633	681	5	13	0	0	13	3	2
g	299	658	684	4	10	0	0	10	2	2
g	301	8	708	4	11	0	0	11	2	2
g	302	32	708	4	14	-1	-3	11	2	2
g	303	58	708	4	14	0	-3	11	3	2
g	304	83	705	4	14	0	0	14	3	2
g	305	108	711	2	8	0	0	8	2	2
g	307	133	708	6	15	0	-4	11	6	2
g	308	158	705	7	15	0	-1	14	6	2
g	309	182	708	5	15	-1	-4	11	3	2
g	310	208	708	7	14	0	-3	11	6	2
g	311	233	708	6	14	0	-3	11	6	2
g	313	258	705	6	14	0	0	14	6	2
g	314	283	705	4	14	0	0	14	2	2
g	315	308	708	6	14	0	-3	11	6	2
g	316	332	708	4	14	-1	-3	11	2	2
g	317	358	708	6	11	0	0	11	6	2
g	318	383	708	5	11	0	0	11	4	2
g	320	409	705	3	14	1	0	14	3	2
g	321	432	708	7	11	-1	0	11	6	2
g	322	458	708	4	11	0	0	11	3	2
g	323	483	705	7	14	0	0	14	7	2
g	324	508	708	6	11	0	0	11	6	2
g	325	533	708	7	14	0	-3	11	7	2
g	326	558	711	6	11	0	-3	8	6	2
g	327	583	705	7	14	0	0	14	7	2
g	328	608	708	6	11	0	0	11	6	2
g	330	633	708	7	14	0	-3	11	7	2
g	331	658	711	6	11	0	-3	8	6	2
g	332	8	731	7	14	0	-1	13	6	2
g	333	33	734	6	11	0	-1	10	6	2
g	335	58	733	6	12	0	-1	11	6	2
g	336	83	730	7	15	0	-1	14	6	2
g	337	108	733	6	12	0	-1	11	6	2
g	338	133	733	11	12	0	-1	11	10	2
g	339	158	736	9	9	0	-1	8	9	2
g	340	183	730	7	14	0	0	14	6	2
g	341	208	733	5	11	0	0	11	4	2
g	342	233	733	7	14	0	-3	11	6	2
g	343	257	736	6	11	-1	-3	8	4	2
g	344	283	730	7	14	0	0	14	6	2
g	345	308	733	5	11	0	0	11	4	2
g	346	333	730	6	15	0	-1	14	6	2
g	347	358	733	5	12	0	-1	11	5	2
g	348	383	730	6	15	0	-1	14	6	2
g	349	408	733	5	12	0	-1	11	5	2
g	350	433	733	6	14	0	-3	11	6	2
g	351	458	736	5	11	0	-3	8	5	2
g	352	483	730	6	15	0	-1	14	6	2
g	353	508	733	5	12	0	-1	11	5	2
g	354	534	733	6	14	1	-3	11	6	2
g	355	559	734	3	13	1	-3	10	4	2
g	356	584	730	6	14	1	0	14	6	2
g	357	609	733	4	11	1	0	11	4	2
g	358	634	733	6	11	1	0	11	6	2
g	359	658	734	4	10	0	0	10	4	2
g	360	9	755	6	15	1	-1	14	7	2
g	361	33	758	6	12	0	-1	11	6	2
g	362	59	756	6	14	1	-1	13	7	2
g	363	83	759	6	11	0	-1	10	6	2
g	364	109	755	6	15	1	-1	14	7	2
g	365	133	758	6	12	0	-1	11	6	2
g	366	159	754	6	16	1	-1	15	7	2
g	367	183	757	6	13	0	-1	12	6	2
g	368	209	755	6	15	1	-1	14	7	2
g	369	233	758	6	12	0	-1	11	6	2
g	370	259	758	6	14	1	-3	11	7	2
g	371	283	761	6	11	0	-3	8	6	2
g	372	309	755	9	14	1	0	14	8	2
g	373	334	758	7	11	1	0	11	8	2
g	374	359	755	6	14	1	0	14	6	2
g	375	382	758	7	14	-1	-3	11	5	2
g	376	409	755	6	14	1	0	14	6	2
g	377	433	755	6	14	0	0	14	6	2
g	378	458	758	6	11	0	0	11	5	2
g	379	483	755	6	14	0	0	14	6	2
g	380	508	758	6	11	0	0	11	5	2
g	381	533	755	6	14	0	0	14	6	2
g	382	558	758	6	11	0	0	11	5	2
g	399	583	758	8	12	0	-1	11	7	2
g	402	607	758	9	15	-1	-4	11	7	2
g	416	633	757	7	13	0	-1	12	6	2
g	417	658	760	6	10	0	-1	9	6	2
g	431	9	782	7	13	1	-1	12	7	2
g	432	33	785	7	10	0	-1	9	6	2
g	461	57	780	7	14	-1	0	14	5	2
g	462	83	783	6	12	0	-1	11	6	2
g	468	108	783	6	12	0	-1	11	6	2
g	485	133	786	7	11	0	-3	8	6	2
g	487	158	783	6	14	0	-3	11	6	2
g	489	183	780	6	14	0	0	14	6	2
g	495	208	783	6	15	0	-4	11	7	2
g	511	233	783	6	12	0	-1	11	6	2
g	536	258	783	6	15	0	-4	11	6	2
g	537	283	786	5	12	0	-4	8	5	2
g	538	308	783	7	15	0	-4	11	6	2
g	539	334	784	3	13	1	-3	10	4	2
g	543	358	780	6	14	0	0	14	6	2
g	552	383	783	7	14	0	-3	11	6	2
g	553	408	786	6	11	0	-3	8	6	2
g	567	432	786	4	12	-1	-4	8	3	2
g	601	458	786	6	9	0	-1	8	6	2
g	658	483	786	6	12	0	-4	8	7	2
g	699	509	783	1	4	1	7	11	1	2
g	700	533	783	3	4	0	7	11	1	2
g	710	559	783	3	3	1	8	11	3	2
g	711	584	783	4	3	1	8	11	4	2
g	713	608	783	4	1	0	10	11	3	2
g	728	634	784	4	2	1	8	10	4	2
g	729	659	783	2	2	1	9	11	2	2
g	730	9	807	4	4	1	8	12	4	2
g	731	32	819	2	3	-1	-3	0	1	2
g	732	59	808	4	2	1	9	11	4	2
g	733	84	808	4	3	1	8	11	4	2
g	768	107	808	2	3	-1	8	11	0	2
g	769	132	808	2	3	-1	8	11	0	2
g	770	155	808	4	3	-3	8	11	0	2
g	771	180	808	4	2	-3	9	11	0	2
g	772	206	809	3	1	-2	9	10	0	2
g	774	230	808	4	3	-3	8	11	0	2
g	775	257	808	2	2	-1	9	11	0	2
g	776	280	808	4	2	-3	9	11	0	2
g	777	303	808	3	3	-5	8	11	0	2
g	778	331	807	4	4	-2	8	12	0	2
g	779	355	808	4	3	-3	8	11	0	2
g	780	380	808	4	3	-3	8	11	0	2
g	786	406	808	3	3	-2	8	11	0	2
g	787	432	808	2	3	-1	8	11	0	2
g	795	456	810	3	2	-2	7	9	0	2
g	803	481	820	2	2	-2	-3	-1	0	2
g	806	505	820	3	2	-3	-3	-1	0	2
g	807	530	819	3	3	-3	-3	0	0	2
g	808	556	819	2	3	-2	-3	0	0	2
g	821	580	810	4	1	-3	8	9	0	2
g	822	603	810	6	2	-5	7	9	0	2
g	823	629	813	6	4	-4	2	6	0	2
g	824	652	807	8	13	-6	-1	12	0	2
g	916	7	833	8	11	-1	0	11	7	2
g	937	33	833	7	11	0	0	11	7	2
g	956	58	836	6	11	0	-3	8	6	2
g	960	84	836	7	8	1	0	8	7	2
g	7808	109	830	9	14	1	0	14	8	2
g	7809	134	833	7	11	1	0	11	8	2
g	7810	159	830	9	14	1	0	14	8	2
g	7811	184	833	7	11	1	0	11	8	2
g	7812	209	830	9	14	1	0	14	8	2
g	7813	234	833	7	11	1	0	11	8	2
g	7840	257	833	6	14	-1	-3	11	5	2
g	7841	283	836	6	11	0	-3	8	6	2
g	7842	307	830	7	14	-1	0	14	5	2
g	7843	333	833	6	12	0	-1	11	6	2
g	7844	357	829	8	15	-1	0	15	5	2
g	7845	383	832	7	13	0	-1	12	6	2
g	7846	407	828	8	16	-1	0	16	5	2
g	7847	433	831	6	14	0	-1	13	6	2
g	7848	457	828	8	16	-1	0	16	5	2
g	7849	483	831	7	14	0	-1	13	6	2
g	7850	507	829	8	15	-1	0	15	5	2
g	7851	533	832	6	13	0	-1	12	6	2
g	7852	557	830	7	17	-1	-3	14	5	2
g	7853	583	833	6	14	0	-3	11	6	2
g	7854	607	828	7	16	-1	0	16	5	2
g	7855	633	831	6	14	0	-1	13	6	2
g	7856	657	828	7	16	-1	0	16	5	2
g	7857	8	856	6	14	0	-1	13	6	2
g	7858	32	852	7	17	-1	0	17	5	2
g	7859	58	855	6	15	0	-1	14	6	2
g	7860	82	854	7	15	-1	0	15	5	2
g	7861	108	857	6	13	0	-1	12	6	2
g	7862	132	855	7	17	-1	-3	14	5	2
g	7863	158	858	6	14	0	-3	11	6	2
g	7864	183	858	7	14	0	-3	11	6	2
g	7865	208	861	6	11	0	-3	8	6	2
g	7866	233	855	7	14	0	0	14	6	2
g	7867	258	858	6	12	0	-1	11	6	2
g	7868	283	855	7	14	0	0	14	6	2
g	7869	308	858	6	12	0	-1	11	6	2
g	7870	333	854	8	15	0	0	15	6	2
g	7871	358	857	7	13	0	-1	12	6	2
g	7872	383	853	7	16	0	0	16	6	2
g	7873	408	856	6	14	0	-1	13	6	2
g	7874	433	853	8	16	0	0	16	6	2
g	7875	458	856	7	14	0	-1	13	6	2
g	7876	483	854	7	15	0	0	15	6	2
g	7877	508	857	6	13	0	-1	12	6	2
g	7878	533	855	7	17	0	-3	14	6	2
g	7879	558	858	6	14	0	-3	11	6	2
g	7880	583	855	4	14	0	0	14	3	2
g	7881	608	858	4	11	0	0	11	2	2
g	7882	633	858	3	14	0	-3	11	3	2
g	7883	658	858	3	14	0	-3	11	3	2
g	7884	8	883	7	14	0	-3	11	6	2
g	7885	33	886	6	11	0	-3	8	6	2
g	7886	58	880	7	15	0	-1	14	6	2
g	7887	83	883	6	12	0	-1	11	6	2
g	7888	108	879	8	16	0	-1	15	6	2
g	7889	133	882	7	13	0	-1	12	6	2
g	7890	158	878	7	17	0	-1	16	6	2
g	7891	183	881	6	14	0	-1	13	6	2
g	7892	208	878	8	17	0	-1	16	6	2
g	7893	233	881	7	14	0	-1	13	6	2
g	7894	258	879	7	16	0	-1	15	6	2
g	7895	283	882	6	13	0	-1	12	6	2
g	7896	308	880	7	17	0	-3	14	6	2
g	7897	333	883	6	14	0	-3	11	6	2
g	7898	358	880	7	15	0	-1	14	6	2
g	7899	383	883	6	12	0	-1	11	6	2
g	7900	408	880	7	15	0	-1	14	6	2
g	7901	433	883	6	12	0	-1	11	6	2
g	7902	458	880	7	15	0	-1	14	6	2
g	7903	483	883	6	12	0	-1	11	6	2
g	7904	508	880	7	15	0	-1	14	6	2
g	7905	533	883	6	12	0	-1	11	6	2
g	7906	558	882	7	15	0	-3	12	6	2
g	7907	583	885	6	12	0	-3	9	6	2
g	7908	609	883	6	14	1	-3	11	7	2
g	7909	633	886	6	11	0	-3	8	6	2
g	7910	659	880	6	15	1	-1	14	7	2
g	7911	8	908	6	12	0	-1	11	6	2
g	7912	34	905	7	15	1	-1	14	7	2
g	7913	58	908	7	12	0	-1	11	6	2
g	7914	84	905	7	15	1	-1	14	7	2
g	7915	108	908	7	12	0	-1	11	6	2
g	7916	134	905	7	15	1	-1	14	7	2
g	7917	158	908	7	12	0	-1	11	6	2
g	7918	184	905	7	15	1	-1	14	7	2
g	7919	208	908	7	12	0	-1	11	6	2
g	7920	234	907	7	15	1	-3	12	7	2
g	7921	258	910	7	12	0	-3	9	6	2
g	7922	284	905	6	14	1	0	14	6	2
g	7923	307	908	7	14	-1	-3	11	5	2
g	7924	334	908	6	14	1	-3	11	6	2
g	7925	357	911	7	11	-1	-3	8	5	2
g	7926	384	905	6	14	1	0	14	6	2
g	7927	407	908	7	14	-1	-3	11	5	2
g	7928	434	905	6	14	1	0	14	6	2
g	7929	457	908	7	14	-1	-3	11	5	2
g	8208	483	913	5	2	0	4	6	4	2
g	8211	508	914	6	1	0	4	5	5	2
g	8212	533	914	9	1	0	4	5	9	2
g	8216	558	908	3	4	0	7	11	1	2
g	8217	583	908	3	4	0	7	11	1	2
g	8218	608	916	2	5	0	-2	3	9	2
g	8220	633	908	4	4	0	7	11	3	2
g	8221	658	908	4	4	0	7	11	3	2
g	8222	7	942	4	3	-1	-1	2	3	2
g	8224	34	933	4	14	1	-3	11	5	2
g	8225	58	933	5	14	0	-3	11	5	2
g	8226	83	938	4	4	0	2	6	4	2
g	8230	108	942	8	2	0	0	2	8	2
g	8240	133	933	15	12	0	-1	11	15	2
g	8242	158	933	3	4	0	7	11	2	2
g	8243	184	933	4	4	1	7	11	4	2
g	8249	209	937	3	6	1	1	7	5	2
g	8250	234	937	3	6	1	1	7	5	2
g	8260	255	933	10	11	-3	0	11	3	2
g	8308	283	930	4	8	0	6	14	3	2
g	8309	309	930	4	8	1	6	14	3	2
g	8310	334	930	4	8	1	6	14	3	2
g	8311	359	930	4	8	1	6	14	3	2
g	8312	384	930	4	8	1	6	14	4	2
g	8313	409	930	4	8	1	6	14	3	2
g	8355	434	933	7	11	1	0	11	7	2
g	8364	459	933	6	12	1	-1	11	7	2
g	8378	484	933	7	11	1	0	11	8	2
g	8381	509	933	7	11	1	0	11	7	2
g	8467	534	933	5	12	1	-1	11	6	2
g	8482	559	933	7	6	1	5	11	7	2
g	8486	583	933	7	11	0	0	11	7	2
g	8494	609	933	11	12	1	-1	11	13	2
g	8539	633	933	10	12	0	-1	11	10	2
g	8540	658	933	11	12	0	-1	11	11	2
g	8541	8	958	10	12	0	-1	11	10	2
g	8542	33	958	10	12	0	-1	11	9	2
g	8706	58	958	8	12	0	-1	11	8	2
g	8710	82	958	8	11	-1	0	11	7	2
g	8719	108	957	7	15	0	-3	12	7	2
g	8721	133	958	8	14	0	-3	11	8	2
g	8722	158	963	7	2	0	4	6	6	2
g	8725	183	958	7	11	0	0	11	6	2
g	8729	208	962	4	4	0	3	7	4	2
g	8730	233	957	9	15	0	-3	12	9	2
g	8734	258	962	9	5	0	2	7	9	2
g	8747	282	958	7	15	-1	-4	11	5	2
g	8776	308	961	7	6	0	2	8	6	2
g	8800	333	960	7	8	0	1	9	6	2
g	8804	358	961	7	8	0	0	8	6	2
g	8805	383	961	7	8	0	0	8	6	2
g	9674	408	957	6	13	0	-1	12	6	2
g	10217	433	959	4	12	0	-2	10	5	2
g	64257	459	958	6	11	1	0	11	7	2
g	64258	484	958	6	11	1	0	11	6	2
