atlas	1024	1024	32	32	6.4	38.4
g	13	2	2	0	0	0	32	32	8.96
g	32	36	2	0	0	0	32	32	8.96
g	33	70	2	6	23	1.76	0.128	22.4	7.808
g	34	104	2	7	7	2.251	15.616	22.208	7.296
g	35	138	2	16	22	1.877	0.512	21.632	18.272
g	36	172	2	12	29	1.28	-2.848	25.44	12.928
g	37	206	2	19	23	3.808	-0.288	22.688	24.256
g	38	240	2	15	23	1.216	-0.288	22.656	16.832
g	39	274	2	3	7	2.272	15.776	22.336	3.68
g	40	308	2	7	28	0.288	-3.328	24.416	6.88
g	41	342	2	7	28	1.013	-3.328	24.416	6.88
g	42	376	2	11	12	2.112	12.608	23.872	11.2
g	43	410	2	12	13	1.525	4.16	16.224	13.696
g	44	444	2	4	8	0.299	-2.528	4.96	5.504
g	45	478	2	8	2	1.504	8.96	10.944	9.728
g	46	512	2	4	4	0.8	0.064	3.648	5.888
g	47	546	2	11	23	0.149	0	22.4	10.368
g	48	580	2	13	24	1.6	-0.32	22.72	13.792
g	49	614	2	7	23	2.176	0	22.4	7.936
g	50	648	2	12	23	0.629	0	22.656	12.48
g	51	682	2	12	23	1.173	-0.256	22.4	12.672
g	52	2	41	12	23	0.821	0	22.4	12.896
g	53	36	41	12	23	1.664	-0.256	22.4	12.704
g	54	70	41	12	23	1.76	-0.256	22.656	12.704
g	55	104	41	11	23	2.389	0	22.4	11.36
g	56	138	41	12	23	1.664	-0.256	22.72	13.12
g	57	172	41	12	23	1.184	-0.256	22.656	12.512
g	58	206	41	5	15	1.152	0.128	14.464	6.56
g	59	240	41	6	18	0.491	-2.4	14.88	5.984
g	60	274	41	13	14	1.333	1.979	15.68	13.696
g	61	308	41	13	9	1.184	6.368	14.72	13.696
g	62	342	41	13	14	0.619	1.984	15.685	13.696
g	63	376	41	10	23	2.197	0.064	22.688	11.456
g	64	410	41	22	23	1.632	-2.752	19.712	23.616
g	65	444	41	12	23	-0.203	0	22.4	12.704
g	66	478	41	13	23	1.621	0	22.4	13.92
g	67	512	41	13	23	1.664	-0.256	22.656	13.824
g	68	546	41	13	23	1.621	0	22.4	14.432
g	69	580	41	13	23	1.621	0	22.4	13.312
g	70	614	41	13	23	1.621	0	22.4	12.544
g	71	648	41	13	23	1.664	-0.256	22.656	13.984
g	72	682	41	13	23	1.621	0	22.4	14.656
g	73	2	80	5	23	1.621	0	22.4	6.656
g	74	36	80	13	23	0.64	-0.256	22.4	13.216
g	75	70	80	14	23	1.621	0	22.4	14.048
g	76	104	80	10	23	1.621	0	22.4	12.288
g	77	138	80	15	23	1.557	0	22.4	16.16
g	78	172	80	14	23	1.621	0	22.4	15.328
g	79	206	80	13	23	1.664	-0.256	22.656	14.144
g	80	240	80	13	23	1.589	0	22.432	13.728
g	81	274	80	12	27	1.696	-3.68	22.656	13.76
g	82	308	80	13	23	1.621	0	22.4	13.76
g	83	342	80	12	23	1.28	-0.256	22.656	12.928
g	84	376	80	12	23	2.955	0	22.4	13.12
g	85	410	80	13	23	2.08	-0.256	22.4	14.784
g	86	444	80	12	23	3.168	0	22.4	13.632
g	87	478	80	18	23	2.976	0	22.4	19.328
g	88	512	80	14	23	0.533	0	22.4	13.472
g	89	546	80	11	23	3.232	0.032	22.4	13.152
g	90	580	80	13	23	0.405	0	22.4	12.256
g	91	614	80	9	29	-0.277	-3.872	24.768	9.376
g	92	648	80	6	23	3.872	0	22.4	10.368
g	93	682	80	9	29	2.027	-3.872	24.768	9.376
g	94	2	119	11	13	1.653	9.824	22.4	12.288
g	95	36	119	11	2	0.075	0	1.824	11.68
g	96	70	119	4	5	3.008	18.304	22.4	5.6
g	97	104	119	12	17	1.44	-0.256	16.448	13.12
g	98	138	119	12	23	1.291	-0.256	22.4	13.12
g	99	172	119	11	17	1.472	-0.256	16.448	12.48
g	100	206	119	12	23	1.44	-0.256	22.4	13.12
g	101	240	119	11	17	1.472	-0.256	16.448	12.64
g	102	274	119	8	23	1.952	0	22.624	8.608
g	103	308	119	12	24	1.472	-6.603	16.448	12.832
g	104	342	119	11	23	1.291	0	22.4	13.152
g	105	376	119	6	23	1.525	0	22.72	6.432
g	106	410	119	10	30	-2.357	-6.656	22.72	6.208
g	107	444	119	12	23	1.291	0	22.4	12.576
g	108	478	119	5	23	1.099	0	22.4	5.632
g	109	512	119	18	17	1.291	0	16.416	20.096
g	110	546	119	11	17	1.291	0	16.416	13.152
g	111	580	119	11	17	1.472	-0.256	16.448	12.864
g	112	614	119	12	23	0.683	-6.208	16.448	13.28
g	113	648	119	12	23	1.44	-6.208	16.448	13.28
g	114	682	119	9	17	1.291	0	16.352	9.088
g	115	2	158	11	17	1.12	-0.16	16.352	11.616
g	116	36	158	7	21	1.973	0	20.224	8.288
g	117	70	158	12	17	1.6	-0.224	16.192	13.152
g	118	104	158	11	17	2.112	0	16.192	11.744
g	119	138	158	16	17	2.08	0	16.192	17.216
g	120	172	158	13	17	0.08	0	16.192	11.648
g	121	206	158	13	23	-0.213	-6.4	16.192	11.424
g	122	240	158	12	17	0.405	0	16.192	11.2
g	123	274	158	9	29	1.387	-3.872	24.768	8.48
g	124	308	158	6	27	0.203	-2.56	24.32	4.448
g	125	342	158	9	29	-0.277	-3.872	24.768	8.48
g	126	376	158	13	4	1.461	7.424	11.36	14.304
g	160	410	158	0	0	0	32	32	6.208
g	161	444	158	6	23	2.261	0.384	22.656	7.808
g	162	478	158	11	22	1.792	0.032	21.92	12.48
g	163	512	158	14	23	2.475	0	22.656	15.616
g	164	546	158	16	15	0.64	2.283	17.013	15.872
g	165	580	158	14	23	2.528	0.032	22.4	16.256
g	166	614	158	6	27	0.203	-2.56	24.32	4.448
g	167	648	158	12	30	0.576	-6.592	22.656	12.032
g	168	682	158	9	4	2.592	19.136	22.72	9.504
g	169	2	197	23	23	2.368	-0.256	22.656	25.92
g	170	36	197	9	15	1.12	8.64	22.656	8.544
g	171	70	197	11	12	2.688	3.424	14.56	14.656
g	172	104	197	12	6	1.536	5.664	11.008	13.696
g	174	138	197	13	13	2.048	10.368	22.848	13.6
g	175	172	197	7	2	6.165	19.04	20.704	15.232
g	176	206	197	10	11	2.592	15.68	25.856	11.136
g	177	240	197	14	17	0.512	0.896	17.248	13.696
g	178	274	197	8	14	1.803	14.144	27.744	7.584
g	179	308	197	8	14	2.272	13.984	27.584	8.16
g	180	342	197	5	5	2.485	18.304	22.4	5.6
g	181	376	197	13	23	0.512	-6.4	16.192	13.344
g	182	410	197	13	29	2.176	-6.4	22.4	14.592
g	183	444	197	4	4	1.76	7.104	10.688	6.08
g	184	478	197	4	6	-1.2	-5.92	0	3.744
g	185	512	197	4	14	3.115	14.144	27.584	4.512
g	186	546	197	9	15	1.227	8.64	22.656	8.704
g	187	580	197	11	12	2.224	3.424	14.56	14.656
g	188	614	197	19	23	1.451	0	22.4	20.576
g	189	648	197	19	23	1.451	0	22.4	20.64
g	190	682	197	21	23	1.632	0	22.4	22.72
g	191	2	236	10	23	0.128	-6.688	15.936	11.456
g	192	36	236	12	29	-0.203	0	28.608	12.704
g	193	70	236	12	29	-0.203	0	28.608	12.704
g	194	104	236	13	29	-0.203	0	28.608	12.704
g	195	138	236	14	29	-0.203	0	28.608	12.704
g	196	172	236	14	29	-0.203	0	28.928	12.704
g	197	206	236	13	32	-0.203	0	31.648	12.704
g	198	240	236	23	23	-0.139	0	22.4	21.696
g	199	274	236	13	29	1.664	-5.888	22.656	13.824
g	200	308	236	13	29	1.621	0	28.608	13.312
g	201	342	236	13	29	1.621	0	28.608	13.312
g	202	376	236	13	29	1.621	0	28.608	13.312
g	203	410	236	13	29	1.621	0	28.928	13.312
g	204	444	236	5	29	1.621	0	28.608	6.656
g	205	478	236	8	29	1.621	0	28.608	6.656
g	206	512	236	8	29	1.621	0	28.608	6.656
g	207	546	236	9	29	1.621	0	28.928	6.656
g	208	580	236	13	23	2.965	0	22.4	15.776
g	209	614	236	14	29	1.621	0	28.832	15.328
g	210	648	236	13	29	1.664	-0.256	28.576	14.144
g	211	682	236	13	29	1.664	-0.256	28.576	14.144
g	212	2	275	13	29	1.664	-0.256	28.576	14.144
g	213	36	275	13	29	1.664	-0.256	28.576	14.144
g	214	70	275	13	30	1.664	-0.256	28.896	14.144
g	215	104	275	11	10	1.248	5.184	14.72	11.488
g	216	138	275	14	25	0.832	-1.104	23.552	16.256
g	217	172	275	13	29	2.08	-0.256	28.608	14.784
g	218	206	275	13	29	2.08	-0.256	28.608	14.784
g	219	240	275	13	29	2.08	-0.256	28.608	14.784
g	220	274	275	13	30	2.08	-0.256	28.928	14.784
g	221	308	275	11	29	3.232	0.032	28.608	13.152
g	222	342	275	12	23	1.589	0	22.4	13.728
g	223	376	275	12	23	1.291	0	22.688	13.344
g	224	410	275	12	23	1.44	-0.256	22.4	12.768
g	225	444	275	12	23	1.44	-0.256	22.4	12.768
g	226	478	275	12	23	1.44	-0.256	22.4	12.768
g	227	512	275	12	23	1.44	-0.256	22.4	12.768
g	228	546	275	12	23	1.44	-0.256	22.72	12.768
g	229	580	275	12	26	1.44	-0.256	25.44	12.768
g	230	614	275	19	17	1.088	-0.256	16.448	20.256
g	231	648	275	11	23	1.44	-5.888	16.448	12.48
g	232	682	275	11	23	1.472	-0.256	22.4	12.672
g	233	2	314	11	23	1.472	-0.256	22.4	12.672
g	234	36	314	11	23	1.472	-0.256	22.4	12.672
g	235	70	314	11	23	1.472	-0.256	22.72	12.672
g	236	104	314	5	23	0.928	0	22.4	5.248
g	237	138	314	7	23	0.928	0	22.4	5.248
g	238	172	314	7	23	0.816	0	22.4	5.248
g	239	206	314	9	23	0.48	0	22.72	5.248
g	240	240	314	13	23	1.472	-0.256	22.4	13.408
g	241	274	314	12	23	1.291	0	22.4	13.152
g	242	308	314	11	23	1.472	-0.256	22.4	12.864
g	243	342	314	11	23	1.472	-0.256	22.4	12.864
g	244	376	314	11	23	1.472	-0.256	22.4	12.864
g	245	410	314	12	23	1.472	-0.256	22.4	12.864
g	246	444	314	12	23	1.472	-0.256	22.72	12.864
g	247	478	314	12	14	1.568	3.936	16.96	13.696
g	248	512	314	12	20	1.099	-1.611	17.92	13.344
g	249	546	314	12	23	1.6	-0.224	22.4	13.152
g	250	580	314	12	23	1.6	-0.224	22.4	13.152
g	251	614	314	12	23	1.6	-0.224	22.4	13.152
g	252	648	314	12	23	1.6	-0.224	22.72	13.152
g	253	682	314	13	29	-0.213	-6.4	22.4	11.392
g	254	2	353	12	29	0.309	-6.4	22.4	12.96
g	255	36	353	13	30	-0.213	-6.4	22.72	11.392
g	256	70	353	13	27	-0.203	0	26.912	12.704
g	257	104	353	12	21	1.44	-0.256	20.704	12.768
g	258	138	353	13	28	-0.203	0	27.424	12.704
g	259	172	353	12	22	1.44	-0.256	21.216	12.768
g	260	206	353	12	29	-0.203	-5.92	22.4	12.704
g	261	240	353	12	23	1.792	-5.92	16.448	13.632
g	262	274	353	13	29	1.664	-0.256	28.608	13.824
g	263	308	353	11	23	1.472	-0.256	22.4	12.48
g	264	342	353	13	29	1.664	-0.256	28.608	13.824
g	265	376	353	11	23	1.472	-0.256	22.4	12.48
g	266	410	353	13	30	1.664	-0.256	28.928	13.824
g	267	444	353	11	23	1.472	-0.256	22.72	12.48
g	268	478	353	13	29	1.664	-0.256	28.608	13.824
g	269	512	353	11	23	1.472	-0.256	22.4	12.48
g	270	546	353	13	29	1.621	0	28.544	14.432
g	271	580	353	18	23	1.44	-0.256	22.4	13.12
g	272	614	353	13	23	2.965	0	22.4	15.776
g	273	648	353	14	23	1.44	-0.256	22.4	13.12
g	274	682	353	13	27	1.621	0	26.912	13.312
g	275	2	392	11	22	1.472	-0.256	21.536	12.672
g	278	36	392	13	29	1.621	0	28.928	13.312
g	279	70	392	11	23	1.472	-0.256	22.72	12.672
g	280	104	392	13	29	1.621	-5.696	22.4	13.312
g	281	138	392	11	23	1.44	-5.696	16.448	12.672
g	282	172	392	13	29	1.621	0	28.608	13.312
g	283	206	392	11	23	1.472	-0.256	22.336	12.672
g	284	240	392	13	29	1.664	-0.256	28.608	13.984
g	285	274	392	12	30	1.472	-6.603	22.4	12.832
g	286	308	392	13	28	1.664	-0.256	27.424	13.984
g	287	342	392	12	28	1.472	-6.603	21.216	12.832
g	288	376	392	13	30	1.664	-0.256	28.928	13.984
g	289	410	392	12	30	1.472	-6.603	22.72	12.832
g	290	444	392	13	29	1.664	-6.336	22.656	13.984
g	291	478	392	12	29	1.472	-6.603	22.272	12.832
g	292	512	392	13	29	1.621	0	28.64	14.656
g	293	546	392	12	28	1.291	0	27.904	13.152
g	294	580	392	14	23	1.621	0	22.4	14.656
g	295	614	392	11	23	1.291	0	22.4	13.152
g	296	648	392	9	29	1.621	0	28.608	6.656
g	297	682	392	9	23	0.821	0	22.4	5.248
g	298	2	431	8	27	1.621	0	26.912	6.656
g	299	36	431	7	21	0.928	0	20.704	5.248
g	301	70	431	8	22	0.928	0	21.92	5.248
g	302	104	431	7	29	-0.224	-5.92	22.4	5.792
g	303	138	431	7	29	0.608	-5.92	22.72	6.976
g	304	172	431	7	29	1.621	0	28.928	6.656
g	305	206	431	5	17	0.928	0	16.192	5.248
g	307	240	431	12	30	1.525	-6.656	22.72	12.672
g	308	274	431	16	29	0.64	-0.256	28.64	13.216
g	309	308	431	11	30	-2.357	-6.656	22.4	6.176
g	310	342	431	14	29	1.621	-6.08	22.4	14.048
g	311	376	431	12	29	1.291	-6.08	22.4	12.576
g	313	410	431	10	29	1.621	0	28.608	12.288
g	314	444	431	8	29	1.099	0	28.608	5.632
g	315	478	431	10	29	1.621	-6.08	22.4	12.288
g	316	512	431	8	29	-1.803	-6.08	22.4	5.632
g	317	546	431	11	23	1.621	0	22.4	12.32
g	318	580	431	11	23	1.099	0	22.4	10.272
g	320	614	431	7	29	1.739	0	28.928	6.912
g	321	648	431	13	23	-0.128	0	22.4	13.12
g	322	682	431	9	23	1.152	0	22.4	9.056
g	323	2	470	14	29	1.621	0	28.832	15.328
g	324	36	470	11	23	1.291	0	22.4	13.152
g	325	70	470	14	29	1.621	-6.08	22.4	15.328
g	326	104	470	11	23	1.291	-6.08	16.416	13.152
g	327	138	470	14	29	1.621	0	28.832	15.328
g	328	172	470	12	23	1.291	0	22.4	13.152
g	330	206	470	14	28	1.621	-4.992	22.4	15.328
g	331	240	470	11	22	1.291	-5.312	16.416	13.152
g	332	274	470	13	28	1.664	-0.256	26.88	14.144
g	333	308	470	11	21	1.472	-0.256	20.704	12.864
g	335	342	470	11	23	1.472	-0.256	21.92	12.864
g	336	376	470	14	29	1.664	-0.256	28.576	14.144
g	337	410	470	12	23	1.472	-0.256	22.4	12.864
g	338	444	470	21	23	1.664	-0.256	22.656	21.312
g	339	478	470	19	17	1.472	-0.256	16.448	20.416
g	340	512	470	13	29	1.621	0	28.608	13.76
g	341	546	470	9	23	1.291	0	22.4	9.088
g	342	580	470	13	29	1.621	-6.08	22.4	13.76
g	343	614	470	12	23	-1.643	-6.08	16.352	9.088
g	344	648	470	13	29	1.621	0	28.608	13.76
g	345	682	470	10	23	1.291	0	22.4	9.088
g	346	2	509	12	29	1.28	-0.256	28.608	12.928
g	347	36	509	11	23	1.12	-0.16	22.4	11.616
g	348	70	509	12	29	1.28	-0.256	28.608	12.928
g	349	104	509	11	23	1.12	-0.16	22.4	11.616
g	350	138	509	12	29	1.28	-5.888	22.656	12.928
g	351	172	509	11	23	1.12	-5.824	16.352	11.616
g	352	206	509	12	29	1.28	-0.256	28.608	12.928
g	353	240	509	11	23	1.12	-0.16	22.4	11.616
g	354	274	509	12	29	2.955	-5.92	22.4	13.12
g	355	308	509	7	26	1.973	-5.312	20.224	8.288
g	356	342	509	12	29	2.955	0	28.544	13.12
g	357	376	509	10	23	1.973	0	22.4	8.288
g	358	410	509	12	23	2.955	0	22.4	13.12
g	359	444	509	8	21	1.451	0	20.224	8.288
g	360	478	509	13	29	2.08	-0.256	28.608	14.784
g	361	512	509	12	23	1.6	-0.224	22.4	13.152
g	362	546	509	13	28	2.08	-0.256	26.912	14.784
g	363	580	509	12	21	1.6	-0.224	20.704	13.152
g	364	614	509	13	29	2.08	-0.256	28.128	14.784
g	365	648	509	12	23	1.6	-0.224	21.92	13.152
g	366	682	509	13	32	2.08	-0.256	31.648	14.784
g	367	2	548	12	26	1.6	-0.224	25.44	13.152
g	368	36	548	14	29	2.08	-0.256	28.608	14.784
g	369	70	548	12	23	1.6	-0.224	22.4	13.152
g	370	104	548	13	29	2.08	-5.696	22.4	14.784
g	371	138	548	12	23	1.6	-5.92	16.192	13.152
g	372	172	548	18	29	2.976	0	28.608	19.232
g	373	206	548	16	23	2.08	0	22.4	17.216
g	374	240	548	11	29	3.232	0.032	28.608	13.152
g	375	274	548	13	29	-0.213	-6.4	22.4	11.392
g	376	308	548	11	29	3.232	0.032	28.928	13.152
g	377	342	548	13	29	0.405	0	28.608	12.256
g	378	376	548	12	23	0.405	0	22.4	11.2
g	379	410	548	13	29	0.405	0	28.928	12.256
g	380	444	548	12	23	0.405	0	22.72	11.2
g	381	478	548	13	29	0.405	0	28.608	12.256
g	382	512	548	12	23	0.405	0	22.4	11.2
g	399	546	548	15	24	1.632	-0.352	22.656	16.096
g	402	580	548	17	30	-0.533	-6.688	22.688	14.496
g	416	614	548	13	26	1.664	-0.256	24.96	14.144
g	417	648	548	12	19	1.472	-0.256	18.72	12.864
g	431	682	548	16	26	2.08	-0.256	24.96	14.784
g	432	2	587	14	19	1.6	-0.224	18.72	13.152
g	461	36	587	13	29	-0.203	0	28.544	12.704
g	462	70	587	12	23	1.44	-0.256	22.336	12.768
g	468	104	587	12	23	1.6	-0.224	22.336	13.152
g	485	138	587	12	24	1.472	-6.603	16.448	13.056
g	487	172	587	12	29	1.472	-6.603	22.336	12.832
g	489	206	587	12	29	1.291	0	28.544	12.576
g	495	240	587	13	29	0.267	-6.656	22.336	13.632
g	511	274	587	12	25	1.099	-1.611	22.4	12.864
g	536	308	587	12	29	1.28	-6.336	22.656	12.928
g	537	342	587	11	23	1.12	-6.24	16.352	11.616
g	538	376	587	13	29	1.653	-6.176	22.4	13.12
g	539	410	587	7	26	1.973	-5.76	20.224	8.288
g	543	444	587	12	29	1.291	0	28.544	13.152
g	552	478	587	13	29	1.621	-5.632	22.4	13.312
g	553	512	587	11	23	1.472	-5.632	16.448	12.672
g	567	546	587	8	23	-2.357	-6.656	16.192	6.176
g	601	580	587	11	17	1.28	-0.256	16.448	12.672
g	658	614	587	13	23	0.267	-6.656	16.192	13.632
g	699	648	587	3	7	2.208	15.84	22.4	3.808
g	700	682	587	5	7	1.365	15.84	22.4	3.808
g	710	2	626	7	4	2.48	18.496	22.4	7.2
g	711	36	626	7	4	2.976	18.496	22.4	8.576
g	713	70	626	7	2	1.952	20.736	22.4	6.304
g	728	104	626	7	4	2.581	17.856	21.216	7.872
g	729	138	626	4	4	2.624	19.136	22.72	4.832
g	730	172	626	7	7	2.72	18.528	25.44	7.968
g	731	206	626	4	6	-1.056	-5.92	0	3.744
g	732	240	626	9	3	2.613	19.456	22.4	9.632
g	733	274	626	9	5	2.512	18.56	22.656	9.44
g	768	308	626	4	5	-2.016	18.304	22.4	0
g	769	342	626	5	5	-2.539	18.304	22.4	0
g	770	376	626	7	4	-6.064	18.496	22.4	0
g	771	410	626	9	3	-6.315	19.456	22.4	0
g	772	444	626	7	2	-4.469	19.872	21.536	0
g	774	478	626	7	4	-5.195	18.56	21.92	0
g	775	512	626	4	4	-1.696	19.136	22.72	0
g	776	546	626	9	4	-6.208	19.136	22.72	0
g	777	580	626	6	7	-10.496	17.397	23.424	0
g	778	614	626	7	7	-4.32	18.528	25.44	0
g	779	648	626	9	5	-6.832	18.304	22.4	0
g	780	682	626	7	4	-5.6	18.496	22.4	0
g	786	2	665	5	5	-3.157	18.304	22.4	0
g	787	36	665	5	5	-2.539	18.304	22.4	0
g	795	70	665	4	4	-2.688	14.976	18.72	0
g	803	104	665	4	4	-4.704	-6.112	-2.72	0
g	806	138	665	5	5	-6.315	-6.08	-1.984	0
g	807	172	665	4	6	-4.944	-5.92	0	0
g	808	206	665	4	6	-4.8	-5.92	0	0
g	821	240	665	9	2	-6.752	18.144	19.68	0
g	822	274	665	14	2	-11.733	16.512	18.144	0
g	823	308	665	13	10	-9.856	4.416	13.984	0
g	824	342	665	15	26	-12.427	-1.248	23.84	0
g	916	376	665	16	23	-0.256	0	22.4	15.488
g	937	410	665	14	23	1.099	0	22.656	14.944
g	956	444	665	13	23	0.512	-6.4	16.192	13.344
g	960	478	665	15	17	2.133	0	16.192	15.776
g	7808	512	665	18	29	2.976	0	28.608	19.232
g	7809	546	665	16	23	2.08	0	22.4	17.216
g	7810	580	665	18	29	2.976	0	28.608	19.232
g	7811	614	665	16	23	2.08	0	22.4	17.216
g	7812	648	665	18	29	2.976	0	28.928	19.232
g	7813	682	665	16	23	2.08	0	22.72	17.216
g	7840	2	704	12	29	-0.203	-6.112	22.4	12.704
g	7841	36	704	12	23	1.44	-6.112	16.448	12.768
g	7842	70	704	13	30	-0.203	0	29.632	12.704
g	7843	104	704	12	24	1.44	-0.256	23.424	12.768
g	7844	138	704	18	32	-0.203	0	31.104	12.704
g	7845	172	704	15	26	1.44	-0.256	24.896	12.768
g	7846	206	704	15	33	-0.203	0	32.448	12.704
g	7847	240	704	13	27	1.44	-0.256	26.24	12.768
g	7848	274	704	17	34	-0.203	0	33.408	12.704
g	7849	308	704	14	28	1.44	-0.256	27.2	12.768
g	7850	342	704	14	33	-0.203	0	32.544	12.704
g	7851	376	704	12	27	1.44	-0.256	26.336	12.768
g	7852	410	704	13	35	-0.203	-6.112	28.608	12.704
g	7853	444	704	12	29	1.44	-6.112	22.4	12.768
g	7854	478	704	13	34	-0.203	0	33.696	12.704
g	7855	512	704	12	28	1.44	-0.256	27.488	12.768
g	7856	546	704	13	34	-0.203	0	33.696	12.704
g	7857	580	704	12	28	1.44	-0.256	27.488	12.768
g	7858	614	704	13	35	-0.203	0	34.368	12.704
g	7859	648	704	12	29	1.44	-0.256	28.16	12.768
g	7860	682	704	14	33	-0.203	0	32.448	12.704
g	7861	2	743	12	27	1.44	-0.256	26.24	12.768
g	7862	36	743	13	35	-0.203	-6.112	28.128	12.704
g	7863	70	743	12	29	1.44	-6.112	21.92	12.768
g	7864	104	743	13	29	1.621	-6.112	22.4	13.312
g	7865	138	743	11	23	1.472	-6.112	16.448	12.672
g	7866	172	743	13	30	1.621	0	29.632	13.312
g	7867	206	743	11	24	1.472	-0.256	23.424	12.672
g	7868	240	743	13	29	1.621	0	28.608	13.312
g	7869	274	743	12	23	1.472	-0.256	22.4	12.672
g	7870	308	743	17	32	1.621	0	31.104	13.312
g	7871	342	743	15	26	1.472	-0.256	24.896	12.672
g	7872	376	743	14	33	1.621	0	32.448	13.312
g	7873	410	743	13	27	1.472	-0.256	26.24	12.672
g	7874	444	743	16	34	1.621	0	33.408	13.312
g	7875	478	743	14	28	1.472	-0.256	27.2	12.672
g	7876	512	743	13	33	1.621	0	32.544	13.312
g	7877	546	743	12	27	1.472	-0.256	26.336	12.672
g	7878	580	743	13	35	1.621	-6.112	28.608	13.312
g	7879	614	743	11	29	1.472	-6.112	22.4	12.672
g	7880	648	743	8	30	1.621	0	29.632	6.656
g	7881	682	743	7	24	0.928	0	23.424	5.248
g	7882	2	782	7	29	0.512	-6.112	22.4	6.656
g	7883	36	782	7	29	0.416	-6.112	22.72	6.432
g	7884	70	782	13	29	1.664	-6.112	22.656	14.144
g	7885	104	782	11	23	1.472	-6.112	16.448	12.864
g	7886	138	782	13	30	1.664	-0.256	29.6	14.144
g	7887	172	782	11	24	1.472	-0.256	23.424	12.864
g	7888	206	782	16	32	1.664	-0.256	31.072	14.144
g	7889	240	782	15	26	1.472	-0.256	24.896	12.864
g	7890	274	782	14	33	1.664	-0.256	32.416	14.144
g	7891	308	782	13	27	1.472	-0.256	26.24	12.864
g	7892	342	782	16	34	1.664	-0.256	33.376	14.144
g	7893	376	782	14	28	1.472	-0.256	27.2	12.864
g	7894	410	782	13	33	1.664	-0.256	32.512	14.144
g	7895	444	782	12	27	1.472	-0.256	26.336	12.864
g	7896	478	782	13	35	1.664	-6.112	28.576	14.144
g	7897	512	782	11	29	1.472	-6.112	22.4	12.864
g	7898	546	782	13	29	1.664	-0.256	28.576	14.144
g	7899	580	782	12	23	1.472	-0.256	22.4	12.864
g	7900	614	782	13	29	1.664	-0.256	28.576	14.144
g	7901	648	782	12	23	1.472	-0.256	22.4	12.864
g	7902	682	782	13	30	1.664	-0.256	29.6	14.144
g	7903	2	821	12	24	1.472	-0.256	23.424	12.864
g	7904	36	821	13	29	1.664	-0.256	28.576	14.144
g	7905	70	821	12	23	1.472	-0.256	22.528	12.864
g	7906	104	821	13	32	1.664	-6.112	24.96	14.144
g	7907	138	821	12	25	1.472	-6.112	18.72	12.864
g	7908	172	821	13	29	2.08	-6.112	22.4	14.784
g	7909	206	821	12	23	1.6	-6.112	16.192	13.152
g	7910	240	821	13	30	2.08	-0.256	29.632	14.784
g	7911	274	821	12	24	1.6	-0.224	23.424	13.152
g	7912	308	821	16	29	2.08	-0.256	28.608	14.784
g	7913	342	821	14	23	1.6	-0.224	22.4	13.152
g	7914	376	821	16	29	2.08	-0.256	28.608	14.784
g	7915	410	821	14	23	1.6	-0.224	22.4	13.152
g	7916	444	821	16	30	2.08	-0.256	29.632	14.784
g	7917	478	821	14	24	1.6	-0.224	23.424	13.152
g	7918	512	821	16	29	2.08	-0.256	28.608	14.784
g	7919	546	821	14	23	1.6	-0.224	22.4	13.152
g	7920	580	821	16	32	2.08	-6.112	24.96	14.784
g	7921	614	821	14	25	1.6	-6.112	18.72	13.152
g	7922	648	821	11	29	3.232	0.032	28.608	13.152
g	7923	682	821	13	29	-0.213	-6.4	22.4	11.392
g	7924	2	860	11	29	3.232	-6.112	22.4	13.152
g	7925	36	860	13	23	-0.213	-6.4	16.192	11.392
g	7926	70	860	11	30	3.232	0.032	29.632	13.152
g	7927	104	860	13	30	-0.213	-6.4	23.424	11.392
g	7928	138	860	11	29	3.232	0.032	28.608	13.152
g	7929	172	860	13	29	-0.213	-6.4	22.4	11.392
g	8208	206	860	8	2	1.504	8.96	10.944	9.728
g	8211	240	860	10	2	1.365	8.064	10.048	11.552
g	8212	274	860	17	2	1.365	8.064	10.048	18.4
g	8216	308	860	5	7	1.397	15.84	22.4	3.808
g	8217	342	860	5	7	1.365	15.84	22.4	3.808
g	8218	376	860	4	8	0.299	-2.528	4.96	18.624
g	8220	410	860	9	7	1.397	15.84	22.4	7.776
g	8221	444	860	9	7	1.365	15.84	22.4	7.776
g	8222	478	860	9	7	-0.875	-2.464	4.096	7.392
g	8224	512	860	9	29	1.984	-6.4	22.4	10.464
g	8225	546	860	11	29	0.533	-6.4	22.4	10.464
g	8226	580	860	8	8	1.376	4.832	12.224	9.152
g	8230	614	860	18	4	0.8	0.064	3.648	19.392
g	8240	648	860	30	23	1.728	-0.256	22.656	31.296
g	8242	682	860	5	7	1.365	15.52	22.4	7.2
g	8243	2	899	9	7	2.005	15.52	22.4	9.152
g	8249	36	899	7	12	2.24	3.424	14.56	9.6
g	8250	70	899	7	12	2.224	3.424	14.56	10.144
g	8260	104	899	18	23	-4.565	0	22.4	7.008
g	8308	138	899	8	14	1.952	14.144	27.584	7.744
g	8309	172	899	8	14	2.112	13.92	27.52	7.392
g	8310	206	899	7	14	2.464	13.92	27.68	7.744
g	8311	240	899	7	14	2.699	14.144	27.584	6.848
g	8312	274	899	8	14	2.4	13.92	27.712	7.936
g	8313	308	899	7	14	2.304	13.92	27.68	7.744
g	8355	342	899	15	23	2.187	0	22.4	14.688
g	8364	376	899	13	23	2.176	-0.256	22.656	15.072
g	8378	410	899	14	23	2.432	-0.021	22.4	17.408
g	8381	444	899	14	23	2.325	0	22.432	15.84
g	8467	478	899	11	23	2.176	-0.256	22.656	13.12
g	8482	512	899	15	12	2.528	11.168	22.4	15.968
g	8486	546	899	14	23	1.099	0	22.656	14.944
g	8494	580	899	23	23	2.368	-0.256	22.656	26.112
g	8539	614	899	20	23	1.451	-0.224	22.4	21.184
g	8540	648	899	22	23	1.632	-0.224	22.4	23.36
g	8541	682	899	21	23	1.472	-0.224	22.4	21.92
g	8542	2	938	20	23	1.099	-0.224	22.4	20.832
g	8706	36	938	14	23	1.696	-0.256	22.624	16.544
g	8710	70	938	16	23	-0.256	0	22.4	15.488
g	8719	104	938	15	32	0.843	-6.4	25.6	14.688
g	8721	138	938	16	30	0.843	-6.368	23.328	15.84
g	8722	172	938	12	2	1.536	9.248	11.008	13.696
g	8725	206	938	14	23	0.187	0	22.4	13.76
g	8729	240	938	8	8	1.568	6.24	13.632	9.152
g	8730	274	938	20	32	0.8	-6.4	25.28	20.16
g	8734	308	938	18	11	1.6	5.152	15.296	19.808
g	8747	342	938	12	30	-0.555	-6.624	22.624	10.016
g	8776	376	938	14	11	1.141	4.896	15.552	14.304
g	8800	410	938	13	15	1.184	3.232	17.824	13.696
g	8804	444	938	14	17	0.512	0.896	17.376	13.696
g	8805	478	938	13	17	0.512	0.896	17.381	13.696
g	9674	512	938	11	26	1.76	-1.472	23.872	12.512
g	10217	546	938	7	24	1.301	-2.976	20.96	10.016
g	64257	580	938	14	23	1.952	0	22.72	15.04
g	64258	614	938	13	23	1.952	0	22.624	14.208
