atlas	1024	2048	24	24	4.8	28.8
g	13	12	28	0	0	0	0	0	7	0
g	32	50	28	0	0	0	0	0	7	0
g	33	89	11	3	17	1	0	17	6	0
g	34	126	11	4	6	0	11	17	4	0
g	35	165	11	12	17	1	0	17	14	0
g	36	203	8	8	23	1	-3	20	10	0
g	37	242	10	15	19	2	-1	18	19	0
g	38	279	11	10	18	1	-1	17	12	0
g	39	316	11	2	5	0	12	17	2	0
g	40	353	9	4	22	-1	-3	19	4	0
g	41	393	9	4	22	1	-3	19	4	0
g	42	430	10	8	9	0	9	18	9	0
g	43	468	15	10	10	0	3	13	11	0
g	44	507	24	2	6	1	-2	4	4	0
g	45	544	19	7	2	0	7	9	7	0
g	46	583	25	3	3	1	0	3	4	0
g	47	620	11	6	17	0	0	17	7	0
g	48	659	10	8	19	1	-1	18	11	0
g	49	696	11	5	17	0	0	17	6	0
g	50	13	47	8	17	1	0	17	9	0
g	51	51	47	7	18	1	-1	17	9	0
g	52	88	47	9	17	0	0	17	9	0
g	53	127	47	8	18	1	-1	17	9	0
g	54	165	47	8	18	1	-1	17	9	0
g	55	202	47	8	17	0	0	17	8	0
g	56	241	47	8	18	1	-1	17	10	0
g	57	278	47	8	18	0	-1	17	9	0
g	58	317	53	3	11	1	0	11	4	0
g	59	355	53	2	13	1	-2	11	4	0
g	60	392	52	10	11	0	1	12	11	0
g	61	430	52	10	7	0	5	12	11	0
g	62	468	52	10	11	0	1	12	11	0
g	63	506	46	8	18	0	0	18	8	0
g	64	545	49	16	18	1	-3	15	18	0
g	65	582	47	9	17	0	0	17	9	0
g	66	622	47	8	17	2	0	17	10	0
g	67	659	47	8	18	1	-1	17	10	0
g	68	698	47	8	17	2	0	17	11	0
g	69	14	83	8	17	2	0	17	10	0
g	70	52	83	7	17	2	0	17	9	0
g	71	89	83	8	18	1	-1	17	11	0
g	72	128	83	8	17	2	0	17	11	0
g	73	166	83	1	17	2	0	17	5	0
g	74	202	83	8	18	0	-1	17	10	0
g	75	242	83	8	17	2	0	17	10	0
g	76	280	83	7	17	2	0	17	9	0
g	77	318	83	9	17	2	0	17	12	0
g	78	356	83	8	17	2	0	17	12	0
g	79	393	83	9	18	1	-1	17	11	0
g	80	432	83	8	17	2	0	17	10	0
g	81	469	83	8	20	1	-3	17	10	0
g	82	508	83	8	17	2	0	17	10	0
g	83	545	83	8	18	1	-1	17	10	0
g	84	582	83	9	17	0	0	17	10	0
g	85	621	83	9	18	1	-1	17	11	0
g	86	659	83	8	17	1	0	17	10	0
g	87	696	83	14	17	0	0	17	14	0
g	88	13	119	8	17	1	0	17	10	0
g	89	51	119	8	17	1	0	17	9	0
g	90	88	119	9	17	0	0	17	9	0
g	91	126	117	5	22	0	-3	19	7	0
g	92	165	119	6	17	1	0	17	7	0
g	93	204	117	5	22	2	-3	19	7	0
g	94	240	119	9	10	0	7	17	9	0
g	95	278	135	8	1	0	0	1	8	0
g	96	316	119	4	4	0	13	17	4	0
g	97	355	123	7	14	1	-1	13	9	0
g	98	393	119	8	18	1	-1	17	10	0
g	99	431	123	8	14	1	-1	13	9	0
g	100	469	119	8	18	1	-1	17	10	0
g	101	507	123	8	14	1	-1	13	9	0
g	102	544	118	6	18	0	0	18	6	0
g	103	583	123	8	18	1	-5	13	10	0
g	104	621	119	8	17	1	0	17	10	0
g	105	659	119	3	17	1	0	17	5	0
g	106	695	119	5	23	-1	-6	17	5	0
g	107	13	155	8	17	1	0	17	9	0
g	108	51	155	2	17	1	0	17	4	0
g	109	89	159	13	13	1	0	13	15	0
g	110	127	159	8	13	1	0	13	10	0
g	111	165	159	8	14	1	-1	13	10	0
g	112	203	159	8	18	1	-5	13	10	0
g	113	241	159	8	18	1	-5	13	10	0
g	114	279	159	6	13	1	0	13	7	0
g	115	317	159	7	14	1	-1	13	8	0
g	116	354	156	6	16	0	0	16	6	0
g	117	393	159	8	14	1	-1	13	10	0
g	118	430	159	8	13	0	0	13	8	0
g	119	468	159	12	13	0	0	13	12	0
g	120	506	159	8	13	0	0	13	8	0
g	121	544	159	8	18	0	-5	13	8	0
g	122	583	159	7	13	1	0	13	8	0
g	123	620	153	5	22	0	-3	19	6	0
g	124	659	153	1	21	1	-2	19	3	0
g	125	696	153	5	22	0	-3	19	6	0
g	126	12	199	10	3	0	6	9	11	0
g	160	50	208	0	0	0	0	0	5	0
g	161	89	191	3	17	1	0	17	6	0
g	162	127	191	8	17	1	0	17	9	0
g	163	166	191	9	17	2	0	17	12	0
g	164	202	195	11	11	0	2	13	11	0
g	165	242	191	9	17	2	0	17	12	0
g	166	279	189	1	21	1	-2	19	3	0
g	167	317	191	7	22	1	-5	17	9	0
g	168	354	191	6	3	0	14	17	6	0
g	169	393	191	19	18	1	-1	17	21	0
g	170	430	191	6	11	0	6	17	6	0
g	171	470	197	8	9	2	2	11	12	0
g	172	506	199	10	5	0	4	9	11	0
g	174	544	190	10	10	0	8	18	11	0
g	175	586	192	6	2	4	14	16	14	0
g	176	620	188	8	8	0	12	20	9	0
g	177	658	195	10	13	0	0	13	11	0
g	178	696	186	6	12	0	10	22	6	0
g	179	12	222	5	12	0	10	22	6	0
g	180	50	227	4	4	0	13	17	4	0
g	181	89	231	8	18	1	-5	13	10	0
g	182	126	227	9	22	0	-5	17	11	0
g	183	165	236	3	3	1	5	8	4	0
g	184	202	244	3	5	0	-5	0	2	0
g	185	240	222	3	12	0	10	22	3	0
g	186	278	227	6	11	0	6	17	7	0
g	187	318	233	8	9	2	2	11	12	0
g	188	354	227	15	17	0	0	17	15	0
g	189	392	227	16	17	0	0	17	16	0
g	190	430	227	17	17	0	0	17	17	0
g	191	468	232	8	18	0	-6	12	8	0
g	192	506	222	9	22	0	0	22	9	0
g	193	544	222	9	22	0	0	22	9	0
g	194	582	222	9	22	0	0	22	9	0
g	195	620	222	9	22	0	0	22	9	0
g	196	658	222	9	22	0	0	22	9	0
g	197	696	220	9	24	0	0	24	9	0
g	198	12	263	15	17	0	0	17	16	0
g	199	51	263	8	22	1	-5	17	10	0
g	200	90	258	8	22	2	0	22	10	0
g	201	128	258	8	22	2	0	22	10	0
g	202	166	258	8	22	2	0	22	10	0
g	203	204	258	8	22	2	0	22	10	0
g	204	240	258	3	22	0	0	22	5	0
g	205	279	258	3	22	1	0	22	5	0
g	206	316	258	5	22	0	0	22	5	0
g	207	353	258	7	22	-1	0	22	5	0
g	208	394	263	9	17	2	0	17	12	0
g	209	432	258	8	22	2	0	22	12	0
g	210	469	258	9	23	1	-1	22	11	0
g	211	507	258	9	23	1	-1	22	11	0
g	212	545	258	9	23	1	-1	22	11	0
g	213	583	258	9	23	1	-1	22	11	0
g	214	621	258	9	23	1	-1	22	11	0
g	215	658	269	8	7	0	4	11	8	0
g	216	697	262	9	19	1	-1	18	11	0
g	217	13	294	9	23	1	-1	22	11	0
g	218	51	294	9	23	1	-1	22	11	0
g	219	89	294	9	23	1	-1	22	11	0
g	220	127	294	9	23	1	-1	22	11	0
g	221	165	294	8	22	1	0	22	9	0
g	222	204	299	8	17	2	0	17	10	0
g	223	241	298	8	18	1	0	18	10	0
g	224	279	299	7	18	1	-1	17	9	0
g	225	317	299	7	18	1	-1	17	9	0
g	226	355	299	7	18	1	-1	17	9	0
g	227	393	299	7	18	1	-1	17	9	0
g	228	431	299	7	18	1	-1	17	9	0
g	229	469	297	7	20	1	-1	19	9	0
g	230	507	303	13	14	1	-1	13	15	0
g	231	545	303	8	18	1	-5	13	9	0
g	232	583	299	8	18	1	-1	17	9	0
g	233	621	299	8	18	1	-1	17	9	0
g	234	659	299	8	18	1	-1	17	9	0
g	235	697	299	8	18	1	-1	17	9	0
g	236	11	335	4	17	-1	0	17	4	0
g	237	51	335	3	17	1	0	17	4	0
g	238	87	335	6	17	-1	0	17	4	0
g	239	125	335	6	17	-1	0	17	4	0
g	240	165	335	8	18	1	-1	17	10	0
g	241	203	335	8	17	1	0	17	10	0
g	242	241	335	8	18	1	-1	17	10	0
g	243	279	335	8	18	1	-1	17	10	0
g	244	317	335	8	18	1	-1	17	10	0
g	245	355	335	8	18	1	-1	17	10	0
g	246	393	335	8	18	1	-1	17	10	0
g	247	430	339	10	10	0	3	13	11	0
g	248	469	338	8	16	1	-2	14	10	0
g	249	507	335	8	18	1	-1	17	10	0
g	250	545	335	8	18	1	-1	17	10	0
g	251	583	335	8	18	1	-1	17	10	0
g	252	621	335	8	18	1	-1	17	10	0
g	253	658	335	8	22	0	-5	17	8	0
g	254	697	335	8	22	1	-5	17	10	0
g	255	12	371	8	22	0	-5	17	8	0
g	256	50	368	9	20	0	0	20	9	0
g	257	89	372	7	17	1	-1	16	9	0
g	258	126	367	9	21	0	0	21	9	0
g	259	165	372	7	17	1	-1	16	9	0
g	260	202	371	10	22	0	-5	17	9	0
g	261	241	375	8	18	1	-5	13	9	0
g	262	279	366	8	23	1	-1	22	10	0
g	263	317	371	8	18	1	-1	17	9	0
g	264	355	366	8	23	1	-1	22	10	0
g	265	393	371	8	18	1	-1	17	9	0
g	266	431	366	8	23	1	-1	22	10	0
g	267	469	371	8	18	1	-1	17	9	0
g	268	507	366	8	23	1	-1	22	10	0
g	269	545	371	8	18	1	-1	17	9	0
g	270	584	366	8	22	2	0	22	11	0
g	271	621	371	12	18	1	-1	17	10	0
g	272	660	371	9	17	2	0	17	12	0
g	273	697	371	9	18	1	-1	17	10	0
g	274	14	404	8	20	2	0	20	10	0
g	275	51	408	8	17	1	-1	16	9	0
g	278	90	402	8	22	2	0	22	10	0
g	279	127	407	8	18	1	-1	17	9	0
g	280	166	407	8	22	2	-5	17	10	0
g	281	203	411	8	18	1	-5	13	9	0
g	282	242	402	8	22	2	0	22	10	0
g	283	279	407	8	18	1	-1	17	9	0
g	284	317	402	8	23	1	-1	22	11	0
g	285	355	407	8	22	1	-5	17	10	0
g	286	393	403	8	22	1	-1	21	11	0
g	287	431	408	8	21	1	-5	16	10	0
g	288	469	402	8	23	1	-1	22	11	0
g	289	507	407	8	22	1	-5	17	10	0
g	290	545	407	8	22	1	-5	17	11	0
g	291	583	407	8	22	1	-5	17	10	0
g	292	622	402	8	22	2	0	22	11	0
g	293	659	403	8	21	1	0	21	10	0
g	294	696	407	11	17	0	0	17	11	0
g	295	12	443	9	17	0	0	17	10	0
g	296	49	438	7	22	-1	0	22	5	0
g	297	87	443	6	17	-1	0	17	4	0
g	298	126	440	5	20	0	0	20	5	0
g	299	163	444	6	16	-1	0	16	4	0
g	301	201	443	6	17	-1	0	17	4	0
g	302	240	443	3	22	0	-5	17	4	0
g	303	279	443	3	22	1	-5	17	5	0
g	304	317	438	3	22	1	0	22	5	0
g	305	355	447	2	13	1	0	13	4	0
g	307	393	443	8	23	1	-6	17	10	0
g	308	430	438	10	23	0	-1	22	10	0
g	309	467	443	6	23	-1	-6	17	4	0
g	310	508	443	8	22	2	-5	17	10	0
g	311	545	443	8	22	1	-5	17	9	0
g	313	583	438	8	22	1	0	22	9	0
g	314	621	438	3	22	1	0	22	4	0
g	315	660	443	7	22	2	-5	17	9	0
g	316	695	443	4	22	-1	-5	17	4	0
g	317	14	479	7	17	2	0	17	9	0
g	318	51	479	5	17	1	0	17	7	0
g	320	89	474	3	22	1	0	22	5	0
g	321	125	479	10	17	-1	0	17	9	0
g	322	164	479	6	17	0	0	17	6	0
g	323	204	474	8	22	2	0	22	12	0
g	324	241	479	8	17	1	0	17	10	0
g	325	280	479	8	22	2	-5	17	12	0
g	326	317	483	8	18	1	-5	13	10	0
g	327	356	474	8	22	2	0	22	12	0
g	328	393	479	8	17	1	0	17	10	0
g	330	432	479	8	21	2	-4	17	12	0
g	331	469	483	8	17	1	-4	13	10	0
g	332	507	476	9	21	1	-1	20	11	0
g	333	545	480	8	17	1	-1	16	10	0
g	335	583	479	8	18	1	-1	17	10	0
g	336	621	474	9	23	1	-1	22	11	0
g	337	659	479	8	18	1	-1	17	10	0
g	338	697	479	15	18	1	-1	17	16	0
g	339	13	519	14	14	1	-1	13	15	0
g	340	52	510	8	22	2	0	22	10	0
g	341	89	515	6	17	1	0	17	7	0
g	342	128	515	8	22	2	-5	17	10	0
g	343	164	519	7	18	0	-5	13	7	0
g	344	204	510	8	22	2	0	22	10	0
g	345	241	515	6	17	1	0	17	7	0
g	346	279	510	8	23	1	-1	22	10	0
g	347	317	515	7	18	1	-1	17	8	0
g	348	355	510	8	23	1	-1	22	10	0
g	349	393	515	7	18	1	-1	17	8	0
g	350	431	515	8	22	1	-5	17	10	0
g	351	469	519	7	18	1	-5	13	8	0
g	352	507	510	8	23	1	-1	22	10	0
g	353	545	515	7	18	1	-1	17	8	0
g	354	582	515	9	22	0	-5	17	10	0
g	355	620	516	6	20	0	-4	16	6	0
g	356	658	510	9	22	0	0	22	10	0
g	357	696	515	6	17	0	0	17	6	0
g	358	12	551	9	17	0	0	17	10	0
g	359	50	552	6	16	0	0	16	6	0
g	360	89	546	9	23	1	-1	22	11	0
g	361	127	551	8	18	1	-1	17	10	0
g	362	165	548	9	21	1	-1	20	11	0
g	363	203	552	8	17	1	-1	16	10	0
g	364	241	546	9	23	1	-1	22	11	0
g	365	279	551	8	18	1	-1	17	10	0
g	366	317	544	9	25	1	-1	24	11	0
g	367	355	549	8	20	1	-1	19	10	0
g	368	393	546	9	23	1	-1	22	11	0
g	369	431	551	8	18	1	-1	17	10	0
g	370	469	551	9	22	1	-5	17	11	0
g	371	507	555	8	18	1	-5	13	10	0
g	372	544	546	14	22	0	0	22	14	0
g	373	582	551	12	17	0	0	17	12	0
g	374	621	546	8	22	1	0	22	9	0
g	375	658	551	8	22	0	-5	17	8	0
g	376	697	546	8	22	1	0	22	9	0
g	377	12	582	9	22	0	0	22	9	0
g	378	51	587	7	17	1	0	17	8	0
g	379	88	582	9	22	0	0	22	9	0
g	380	127	587	7	17	1	0	17	8	0
g	381	164	582	9	22	0	0	22	9	0
g	382	203	587	7	17	1	0	17	8	0
g	399	241	587	10	18	1	-1	17	12	0
g	402	278	586	11	24	0	-6	18	11	0
g	416	317	585	9	20	1	-1	19	11	0
g	417	355	590	8	15	1	-1	14	10	0
g	431	393	585	11	20	1	-1	19	11	0
g	432	431	590	9	15	1	-1	14	10	0
g	461	468	582	9	22	0	0	22	9	0
g	462	507	587	7	18	1	-1	17	9	0
g	468	545	587	8	18	1	-1	17	10	0
g	485	583	591	9	18	1	-5	13	10	0
g	487	621	587	8	22	1	-5	17	10	0
g	489	659	582	8	22	1	0	22	9	0
g	495	697	587	9	23	1	-6	17	11	0
g	511	13	623	8	19	1	-2	17	10	0
g	536	51	623	8	22	1	-5	17	10	0
g	537	89	627	7	18	1	-5	13	8	0
g	538	126	623	9	22	0	-5	17	10	0
g	539	164	624	6	21	0	-5	16	6	0
g	543	203	618	8	22	1	0	22	10	0
g	552	242	623	8	22	2	-5	17	10	0
g	553	279	627	8	18	1	-5	13	9	0
g	567	315	627	4	19	-1	-6	13	4	0
g	601	355	627	7	14	1	-1	13	9	0
g	658	393	627	9	19	1	-6	13	11	0
g	699	430	623	2	5	0	12	17	2	0
g	700	468	623	2	5	0	12	17	2	0
g	710	506	623	6	4	0	13	17	5	0
g	711	544	623	6	4	0	13	17	6	0
g	713	582	623	5	1	0	16	17	5	0
g	728	620	624	6	3	0	13	16	6	0
g	729	658	623	3	3	0	14	17	3	0
g	730	696	621	6	5	0	14	19	6	0
g	731	11	676	4	5	-1	-5	0	2	0
g	732	50	659	7	3	0	14	17	7	0
g	733	88	659	6	4	0	13	17	6	0
g	768	123	659	3	4	-3	13	17	0	0
g	769	161	659	3	4	-3	13	17	0	0
g	770	196	659	6	4	-6	13	17	0	0
g	771	234	659	6	3	-6	14	17	0	0
g	772	273	660	5	1	-5	15	16	0	0
g	774	310	659	6	3	-6	14	17	0	0
g	775	351	659	3	3	-3	14	17	0	0
g	776	386	659	6	3	-6	14	17	0	0
g	777	420	658	5	5	-10	13	18	0	0
g	778	463	657	6	5	-5	14	19	0	0
g	779	500	659	6	4	-6	13	17	0	0
g	780	538	659	6	4	-6	13	17	0	0
g	786	578	659	4	4	-4	13	17	0	0
g	787	617	659	3	4	-3	13	17	0	0
g	795	655	662	3	3	-3	11	14	0	0
g	803	693	677	3	3	-3	-4	-1	0	0
g	806	8	713	4	4	-4	-5	-1	0	0
g	807	47	712	3	5	-3	-5	0	0	0
g	808	85	712	3	5	-3	-5	0	0	0
g	821	119	697	7	2	-7	13	15	0	0
g	822	154	698	10	2	-10	12	14	0	0
g	823	195	702	9	7	-7	3	10	0	0
g	824	232	694	8	19	-8	-1	18	0	0
g	916	278	695	12	17	0	0	17	11	0
g	937	317	695	9	17	1	0	17	11	0
g	956	355	699	8	18	1	-5	13	10	0
g	960	392	699	11	13	0	0	13	12	0
g	7808	430	690	14	22	0	0	22	14	0
g	7809	468	695	12	17	0	0	17	12	0
g	7810	506	690	14	22	0	0	22	14	0
g	7811	544	695	12	17	0	0	17	12	0
g	7812	582	690	14	22	0	0	22	14	0
g	7813	620	695	12	17	0	0	17	12	0
g	7840	658	695	9	21	0	-4	17	9	0
g	7841	697	699	7	17	1	-4	13	9	0
g	7842	12	725	9	23	0	0	23	9	0
g	7843	51	730	7	19	1	-1	18	9	0
g	7844	88	724	9	24	0	0	24	9	0
g	7845	127	729	9	20	1	-1	19	9	0
g	7846	164	723	9	25	0	0	25	9	0
g	7847	203	728	8	21	1	-1	20	9	0
g	7848	240	723	9	25	0	0	25	9	0
g	7849	279	727	9	22	1	-1	21	9	0
g	7850	316	724	9	24	0	0	24	9	0
g	7851	355	728	7	21	1	-1	20	9	0
g	7852	392	726	9	26	0	-4	22	9	0
g	7853	431	731	7	21	1	-4	17	9	0
g	7854	468	722	9	26	0	0	26	9	0
g	7855	507	727	7	22	1	-1	21	9	0
g	7856	544	722	9	26	0	0	26	9	0
g	7857	583	727	7	22	1	-1	21	9	0
g	7858	620	722	9	26	0	0	26	9	0
g	7859	659	726	7	23	1	-1	22	9	0
g	7860	696	724	9	24	0	0	24	9	0
g	7861	13	764	7	21	1	-1	20	9	0
g	7862	50	762	9	26	0	-4	22	9	0
g	7863	89	767	7	21	1	-4	17	9	0
g	7864	128	767	8	21	2	-4	17	10	0
g	7865	165	771	8	17	1	-4	13	9	0
g	7866	204	761	8	23	2	0	23	10	0
g	7867	241	766	8	19	1	-1	18	9	0
g	7868	280	762	8	22	2	0	22	10	0
g	7869	317	767	8	18	1	-1	17	9	0
g	7870	356	760	9	24	2	0	24	10	0
g	7871	393	765	9	20	1	-1	19	9	0
g	7872	432	759	8	25	2	0	25	10	0
g	7873	469	764	8	21	1	-1	20	9	0
g	7874	508	759	8	25	2	0	25	10	0
g	7875	545	763	9	22	1	-1	21	9	0
g	7876	584	760	8	24	2	0	24	10	0
g	7877	621	764	8	21	1	-1	20	9	0
g	7878	660	762	8	26	2	-4	22	10	0
g	7879	697	767	8	21	1	-4	17	9	0
g	7880	12	797	5	23	0	0	23	5	0
g	7881	50	802	4	18	0	0	18	4	0
g	7882	89	803	3	21	1	-4	17	5	0
g	7883	127	803	3	21	1	-4	17	5	0
g	7884	165	803	9	21	1	-4	17	11	0
g	7885	203	807	8	17	1	-4	13	10	0
g	7886	241	797	9	24	1	-1	23	11	0
g	7887	279	802	8	19	1	-1	18	10	0
g	7888	317	796	9	25	1	-1	24	11	0
g	7889	355	801	9	20	1	-1	19	10	0
g	7890	393	795	9	26	1	-1	25	11	0
g	7891	431	800	8	21	1	-1	20	10	0
g	7892	469	795	9	26	1	-1	25	11	0
g	7893	507	799	9	22	1	-1	21	10	0
g	7894	545	796	9	25	1	-1	24	11	0
g	7895	583	800	8	21	1	-1	20	10	0
g	7896	621	798	9	26	1	-4	22	11	0
g	7897	659	803	8	21	1	-4	17	10	0
g	7898	697	798	9	23	1	-1	22	11	0
g	7899	13	839	8	18	1	-1	17	10	0
g	7900	51	834	9	23	1	-1	22	11	0
g	7901	89	839	8	18	1	-1	17	10	0
g	7902	127	833	9	24	1	-1	23	11	0
g	7903	165	838	8	19	1	-1	18	10	0
g	7904	203	834	9	23	1	-1	22	11	0
g	7905	241	839	8	18	1	-1	17	10	0
g	7906	279	837	9	23	1	-4	19	11	0
g	7907	317	842	8	18	1	-4	14	10	0
g	7908	355	839	9	21	1	-4	17	11	0
g	7909	393	843	8	17	1	-4	13	10	0
g	7910	431	833	9	24	1	-1	23	11	0
g	7911	469	838	8	19	1	-1	18	10	0
g	7912	507	834	11	23	1	-1	22	11	0
g	7913	545	839	9	18	1	-1	17	10	0
g	7914	583	834	11	23	1	-1	22	11	0
g	7915	621	839	9	18	1	-1	17	10	0
g	7916	659	833	11	24	1	-1	23	11	0
g	7917	697	838	9	19	1	-1	18	10	0
g	7918	13	870	11	23	1	-1	22	11	0
g	7919	51	875	9	18	1	-1	17	10	0
g	7920	89	873	11	23	1	-4	19	11	0
g	7921	127	878	9	18	1	-4	14	10	0
g	7922	165	870	8	22	1	0	22	9	0
g	7923	202	875	8	22	0	-5	17	8	0
g	7924	241	875	8	21	1	-4	17	9	0
g	7925	278	879	8	18	0	-5	13	8	0
g	7926	317	869	8	23	1	0	23	9	0
g	7927	354	874	8	23	0	-5	18	8	0
g	7928	393	870	8	22	1	0	22	9	0
g	7929	430	875	8	22	0	-5	17	8	0
g	8208	468	883	7	2	0	7	9	7	0
g	8211	506	884	8	2	0	6	8	9	0
g	8212	544	884	14	2	0	6	8	14	0
g	8216	582	875	2	5	0	12	17	2	0
g	8217	620	875	2	5	0	12	17	2	0
g	8218	659	888	2	6	1	-2	4	14	0
g	8220	696	875	5	5	0	12	17	5	0
g	8221	12	911	5	5	0	12	17	5	0
g	8222	50	924	5	6	0	-2	4	4	0
g	8224	88	911	7	22	0	-5	17	8	0
g	8225	126	911	7	22	0	-5	17	8	0
g	8226	164	919	7	6	0	3	9	7	0
g	8230	203	925	12	3	1	0	3	14	0
g	8240	240	911	24	18	0	-1	17	24	0
g	8242	278	911	2	6	0	11	17	2	0
g	8243	316	911	6	6	0	11	17	6	0
g	8249	355	917	5	9	1	2	11	8	0
g	8250	394	917	4	9	2	2	11	8	0
g	8260	427	911	12	17	-3	0	17	5	0
g	8308	468	906	6	12	0	10	22	5	0
g	8309	506	907	5	11	0	10	21	5	0
g	8310	544	906	6	12	0	10	22	6	0
g	8311	582	906	5	12	0	10	22	5	0
g	8312	620	906	6	12	0	10	22	6	0
g	8313	658	906	5	12	0	10	22	6	0
g	8355	698	911	9	17	2	0	17	11	0
g	8364	13	947	9	18	1	-1	17	11	0
g	8378	51	947	11	17	1	0	17	13	0
g	8381	90	947	10	17	2	0	17	12	0
g	8467	127	946	8	19	1	-1	18	10	0
g	8482	164	947	11	9	0	8	17	12	0
g	8486	203	947	9	17	1	0	17	11	0
g	8494	241	947	19	18	1	-1	17	21	0
g	8539	278	947	16	18	0	-1	17	16	0
g	8540	316	947	17	18	0	-1	17	18	0
g	8541	354	947	16	18	0	-1	17	16	0
g	8542	392	947	15	18	0	-1	17	16	0
g	8706	431	947	11	18	1	-1	17	13	0
g	8710	468	947	12	17	0	0	17	11	0
g	8719	508	944	8	25	2	-5	20	11	0
g	8721	546	947	10	22	2	-5	17	12	0
g	8722	582	955	10	2	0	7	9	11	0
g	8725	620	947	9	17	0	0	17	10	0
g	8729	658	953	7	6	0	5	11	7	0
g	8730	696	945	13	24	0	-5	19	14	0
g	8734	12	988	15	8	0	4	12	15	0
g	8747	50	982	7	24	0	-6	18	7	0
g	8776	88	988	10	8	0	4	12	11	0
g	8800	126	986	10	12	0	2	14	11	0
g	8804	164	987	10	13	0	0	13	11	0
g	8805	202	987	10	13	0	0	13	11	0
g	9674	240	982	9	19	0	-1	18	9	0
g	10217	280	984	5	19	2	-3	16	8	0
g	64257	316	982	10	18	0	0	18	11	0
g	64258	354	982	9	18	0	0	18	10	0
g	13	392	1000	0	0	0	0	0	7	2
g	32	430	1000	0	0	0	0	0	7	2
g	33	469	983	4	17	1	0	17	5	2
g	34	507	983	4	6	1	11	17	4	2
g	35	545	983	12	17	1	0	17	13	2
g	36	583	980	9	23	1	-3	20	9	2
g	37	623	982	14	19	3	-1	18	18	2
g	38	659	983	10	18	1	-1	17	12	2
g	39	697	983	2	5	1	12	17	2	2
g	40	12	1017	5	22	0	-3	19	4	2
g	41	50	1017	5	22	0	-3	19	4	2
g	42	89	1018	9	9	1	9	18	8	2
g	43	127	1023	9	10	1	3	13	10	2
g	44	164	1032	3	6	0	-2	4	4	2
g	45	203	1027	6	2	1	7	9	7	2
g	46	240	1033	3	3	0	0	3	4	2
g	47	278	1019	7	17	0	0	17	7	2
g	48	317	1018	9	19	1	-1	18	10	2
g	49	355	1019	5	17	1	0	17	6	2
g	50	392	1019	9	17	0	0	17	9	2
g	51	431	1019	9	18	1	-1	17	9	2
g	52	468	1019	9	17	0	0	17	9	2
g	53	507	1019	9	18	1	-1	17	9	2
g	54	545	1019	9	18	1	-1	17	9	2
g	55	584	1019	8	17	2	0	17	8	2
g	56	621	1019	9	18	1	-1	17	10	2
g	57	659	1019	8	18	1	-1	17	9	2
g	58	696	1025	4	11	0	0	11	4	2
g	59	12	1061	4	13	0	-2	11	4	2
g	60	51	1060	10	11	1	1	12	10	2
g	61	89	1060	10	7	1	5	12	10	2
g	62	126	1060	10	11	0	1	12	10	2
g	63	165	1054	8	18	1	0	18	8	2
g	64	203	1057	16	18	1	-3	15	18	2
g	65	239	1055	9	17	-1	0	17	9	2
g	66	279	1055	10	17	1	0	17	10	2
g	67	317	1055	9	18	1	-1	17	10	2
g	68	355	1055	10	17	1	0	17	11	2
g	69	393	1055	10	17	1	0	17	10	2
g	70	431	1055	10	17	1	0	17	9	2
g	71	469	1055	9	18	1	-1	17	10	2
g	72	507	1055	10	17	1	0	17	11	2
g	73	545	1055	4	17	1	0	17	5	2
g	74	582	1055	10	18	0	-1	17	10	2
g	75	621	1055	10	17	1	0	17	10	2
g	76	659	1055	8	17	1	0	17	9	2
g	77	697	1055	11	17	1	0	17	12	2
g	78	13	1091	10	17	1	0	17	11	2
g	79	51	1091	9	18	1	-1	17	10	2
g	80	89	1091	10	17	1	0	17	10	2
g	81	127	1091	9	20	1	-3	17	10	2
g	82	165	1091	10	17	1	0	17	10	2
g	83	203	1091	9	18	1	-1	17	9	2
g	84	242	1091	8	17	2	0	17	9	2
g	85	279	1091	10	18	1	-1	17	11	2
g	86	318	1091	9	17	2	0	17	10	2
g	87	356	1091	13	17	2	0	17	14	2
g	88	392	1091	11	17	0	0	17	10	2
g	89	432	1091	8	17	2	0	17	9	2
g	90	468	1091	10	17	0	0	17	9	2
g	91	505	1089	7	22	-1	-3	19	6	2
g	92	547	1091	3	17	3	0	17	7	2
g	93	583	1089	7	22	1	-3	19	6	2
g	94	621	1091	8	10	1	7	17	9	2
g	95	658	1107	8	1	0	0	1	8	2
g	96	698	1091	3	4	2	13	17	4	2
g	97	13	1131	8	14	1	-1	13	10	2
g	98	51	1127	8	18	1	-1	17	10	2
g	99	89	1131	8	14	1	-1	13	9	2
g	100	127	1127	9	18	1	-1	17	10	2
g	101	165	1131	8	14	1	-1	13	9	2
g	102	203	1126	6	18	1	0	18	6	2
g	103	241	1131	8	18	1	-5	13	9	2
g	104	279	1127	8	17	1	0	17	10	2
g	105	317	1127	4	17	1	0	17	5	2
g	106	352	1127	7	23	-2	-6	17	4	2
g	107	393	1127	8	17	1	0	17	9	2
g	108	431	1127	3	17	1	0	17	4	2
g	109	469	1131	13	13	1	0	13	15	2
g	110	507	1131	8	13	1	0	13	10	2
g	111	545	1131	8	14	1	-1	13	9	2
g	112	582	1131	9	18	0	-5	13	10	2
g	113	621	1131	8	18	1	-5	13	10	2
g	114	659	1131	7	13	1	0	13	6	2
g	115	697	1131	7	14	1	-1	13	8	2
g	116	13	1164	6	16	1	0	16	6	2
g	117	51	1167	8	14	1	-1	13	10	2
g	118	89	1167	8	13	1	0	13	8	2
g	119	127	1167	12	13	1	0	13	12	2
g	120	164	1167	9	13	0	0	13	8	2
g	121	201	1167	10	18	-1	-5	13	8	2
g	122	240	1167	9	13	0	0	13	8	2
g	123	279	1161	6	22	1	-3	19	5	2
g	124	316	1161	4	21	0	-2	19	3	2
g	125	353	1161	7	22	-1	-3	19	5	2
g	126	393	1171	9	3	1	6	9	10	2
g	160	430	1180	0	0	0	0	0	5	2
g	161	470	1163	4	17	2	0	17	5	2
g	162	507	1163	8	17	1	0	17	9	2
g	163	546	1163	10	17	2	0	17	12	2
g	164	582	1167	12	11	0	2	13	11	2
g	165	622	1163	10	17	2	0	17	12	2
g	166	658	1161	4	21	0	-2	19	3	2
g	167	696	1163	9	22	0	-5	17	8	2
g	168	14	1199	6	3	2	14	17	6	2
g	169	52	1199	18	18	2	-1	17	20	2
g	170	88	1199	7	11	0	6	17	6	2
g	171	128	1205	8	9	2	2	11	11	2
g	172	165	1207	9	5	1	4	9	10	2
g	174	203	1198	10	10	1	8	18	10	2
g	175	245	1200	6	2	5	14	16	14	2
g	176	280	1196	8	8	2	12	20	8	2
g	177	316	1203	11	13	0	0	13	10	2
g	178	355	1194	6	12	1	10	22	5	2
g	179	393	1194	6	12	1	10	22	6	2
g	180	431	1199	4	4	1	13	17	4	2
g	181	468	1203	9	18	0	-5	13	10	2
g	182	507	1199	9	22	1	-5	17	10	2
g	183	545	1208	3	3	1	5	8	4	2
g	184	581	1216	3	5	-1	-5	0	2	2
g	185	622	1194	3	12	2	10	22	3	2
g	186	659	1199	6	11	1	6	17	6	2
g	187	698	1205	8	9	2	2	11	11	2
g	188	13	1235	14	17	1	0	17	15	2
g	189	51	1235	14	17	1	0	17	15	2
g	190	89	1235	15	17	1	0	17	16	2
g	191	126	1240	7	18	0	-6	12	8	2
g	192	163	1230	9	22	-1	0	22	9	2
g	193	201	1230	9	22	-1	0	22	9	2
g	194	239	1230	10	22	-1	0	22	9	2
g	195	277	1230	11	22	-1	0	22	9	2
g	196	315	1230	10	22	-1	0	22	9	2
g	197	353	1228	10	24	-1	0	24	9	2
g	198	391	1235	17	17	-1	0	17	16	2
g	199	431	1235	9	22	1	-5	17	10	2
g	200	469	1230	10	22	1	0	22	10	2
g	201	507	1230	10	22	1	0	22	10	2
g	202	545	1230	10	22	1	0	22	10	2
g	203	583	1230	10	22	1	0	22	10	2
g	204	621	1230	4	22	1	0	22	5	2
g	205	659	1230	6	22	1	0	22	5	2
g	206	697	1230	6	22	1	0	22	5	2
g	207	13	1266	7	22	1	0	22	5	2
g	208	52	1271	10	17	2	0	17	12	2
g	209	89	1266	10	22	1	0	22	11	2
g	210	127	1266	9	23	1	-1	22	10	2
g	211	165	1266	9	23	1	-1	22	10	2
g	212	203	1266	9	23	1	-1	22	10	2
g	213	241	1266	10	23	1	-1	22	10	2
g	214	279	1266	9	23	1	-1	22	10	2
g	215	317	1277	8	7	1	4	11	8	2
g	216	355	1270	10	19	1	-1	18	11	2
g	217	393	1266	10	23	1	-1	22	11	2
g	218	431	1266	10	23	1	-1	22	11	2
g	219	469	1266	10	23	1	-1	22	11	2
g	220	507	1266	10	23	1	-1	22	11	2
g	221	546	1266	8	22	2	0	22	9	2
g	222	583	1271	9	17	1	0	17	10	2
g	223	621	1270	9	18	1	0	18	10	2
g	224	659	1271	8	18	1	-1	17	9	2
g	225	697	1271	8	18	1	-1	17	9	2
g	226	13	1307	8	18	1	-1	17	9	2
g	227	51	1307	9	18	1	-1	17	9	2
g	228	89	1307	8	18	1	-1	17	9	2
g	229	127	1305	8	20	1	-1	19	9	2
g	230	165	1311	14	14	1	-1	13	15	2
g	231	203	1311	8	18	1	-5	13	9	2
g	232	241	1307	8	18	1	-1	17	9	2
g	233	279	1307	8	18	1	-1	17	9	2
g	234	317	1307	8	18	1	-1	17	9	2
g	235	355	1307	8	18	1	-1	17	9	2
g	236	393	1307	3	17	1	0	17	4	2
g	237	431	1307	4	17	1	0	17	4	2
g	238	468	1307	6	17	0	0	17	4	2
g	239	506	1307	6	17	0	0	17	4	2
g	240	545	1307	9	18	1	-1	17	10	2
g	241	583	1307	8	17	1	0	17	10	2
g	242	621	1307	8	18	1	-1	17	9	2
g	243	659	1307	8	18	1	-1	17	9	2
g	244	697	1307	8	18	1	-1	17	9	2
g	245	13	1343	9	18	1	-1	17	9	2
g	246	51	1343	8	18	1	-1	17	9	2
g	247	89	1347	10	10	1	3	13	10	2
g	248	127	1346	8	16	1	-2	14	9	2
g	249	165	1343	8	18	1	-1	17	10	2
g	250	203	1343	8	18	1	-1	17	10	2
g	251	241	1343	8	18	1	-1	17	10	2
g	252	279	1343	8	18	1	-1	17	10	2
g	253	315	1343	10	22	-1	-5	17	8	2
g	254	354	1343	9	22	0	-5	17	9	2
g	255	391	1343	10	22	-1	-5	17	8	2
g	256	429	1340	10	20	-1	0	20	9	2
g	257	469	1344	8	17	1	-1	16	9	2
g	258	505	1339	10	21	-1	0	21	9	2
g	259	545	1344	8	17	1	-1	16	9	2
g	260	581	1343	9	22	-1	-5	17	9	2
g	261	621	1347	9	18	1	-5	13	10	2
g	262	659	1338	9	23	1	-1	22	10	2
g	263	697	1343	8	18	1	-1	17	9	2
g	264	13	1374	9	23	1	-1	22	10	2
g	265	51	1379	8	18	1	-1	17	9	2
g	266	89	1374	9	23	1	-1	22	10	2
g	267	127	1379	8	18	1	-1	17	9	2
g	268	165	1374	9	23	1	-1	22	10	2
g	269	203	1379	8	18	1	-1	17	9	2
g	270	241	1374	10	22	1	0	22	11	2
g	271	279	1379	13	18	1	-1	17	10	2
g	272	318	1379	10	17	2	0	17	12	2
g	273	355	1379	10	18	1	-1	17	10	2
g	274	393	1376	10	20	1	0	20	10	2
g	275	431	1380	8	17	1	-1	16	9	2
g	278	469	1374	10	22	1	0	22	10	2
g	279	507	1379	8	18	1	-1	17	9	2
g	280	545	1379	10	22	1	-5	17	10	2
g	281	583	1383	8	18	1	-5	13	9	2
g	282	621	1374	10	22	1	0	22	10	2
g	283	659	1379	8	18	1	-1	17	9	2
g	284	697	1374	9	23	1	-1	22	10	2
g	285	13	1415	8	22	1	-5	17	9	2
g	286	51	1411	9	22	1	-1	21	10	2
g	287	89	1416	8	21	1	-5	16	9	2
g	288	127	1410	9	23	1	-1	22	10	2
g	289	165	1415	8	22	1	-5	17	9	2
g	290	203	1415	9	22	1	-5	17	10	2
g	291	241	1415	8	22	1	-5	17	9	2
g	292	279	1410	10	22	1	0	22	11	2
g	293	317	1411	8	21	1	0	21	10	2
g	294	355	1415	11	17	1	0	17	11	2
g	295	393	1415	8	17	1	0	17	10	2
g	296	431	1410	7	22	1	0	22	5	2
g	297	468	1415	7	17	0	0	17	4	2
g	298	507	1412	6	20	1	0	20	5	2
g	299	544	1416	6	16	0	0	16	4	2
g	301	583	1415	5	17	1	0	17	4	2
g	302	619	1415	5	22	-1	-5	17	4	2
g	303	658	1415	6	22	0	-5	17	5	2
g	304	697	1410	5	22	1	0	22	5	2
g	305	13	1455	3	13	1	0	13	4	2
g	307	51	1451	9	23	1	-6	17	9	2
g	308	88	1446	12	23	0	-1	22	10	2
g	309	124	1451	8	23	-2	-6	17	4	2
g	310	165	1451	10	22	1	-5	17	10	2
g	311	203	1451	8	22	1	-5	17	9	2
g	313	241	1446	8	22	1	0	22	9	2
g	314	279	1446	5	22	1	0	22	4	2
g	315	317	1451	8	22	1	-5	17	9	2
g	316	352	1451	6	22	-2	-5	17	4	2
g	317	393	1451	8	17	1	0	17	9	2
g	318	431	1451	7	17	1	0	17	7	2
g	320	469	1446	5	22	1	0	22	5	2
g	321	505	1451	10	17	-1	0	17	9	2
g	322	544	1451	6	17	0	0	17	5	2
g	323	583	1446	10	22	1	0	22	11	2
g	324	621	1451	8	17	1	0	17	10	2
g	325	659	1451	10	22	1	-5	17	11	2
g	326	697	1455	8	18	1	-5	13	10	2
g	327	13	1482	10	22	1	0	22	11	2
g	328	51	1487	8	17	1	0	17	10	2
g	330	89	1487	10	21	1	-4	17	11	2
g	331	127	1491	8	17	1	-4	13	10	2
g	332	165	1484	9	21	1	-1	20	10	2
g	333	203	1488	8	17	1	-1	16	9	2
g	335	241	1487	8	18	1	-1	17	9	2
g	336	279	1482	10	23	1	-1	22	10	2
g	337	317	1487	9	18	1	-1	17	9	2
g	338	355	1487	16	18	1	-1	17	16	2
g	339	393	1491	14	14	1	-1	13	15	2
g	340	431	1482	10	22	1	0	22	10	2
g	341	469	1487	7	17	1	0	17	6	2
g	342	507	1487	10	22	1	-5	17	10	2
g	343	543	1491	9	18	-1	-5	13	6	2
g	344	583	1482	10	22	1	0	22	10	2
g	345	621	1487	7	17	1	0	17	6	2
g	346	659	1482	9	23	1	-1	22	9	2
g	347	697	1487	7	18	1	-1	17	8	2
g	348	13	1518	9	23	1	-1	22	9	2
g	349	51	1523	7	18	1	-1	17	8	2
g	350	89	1523	9	22	1	-5	17	9	2
g	351	127	1527	7	18	1	-5	13	8	2
g	352	165	1518	9	23	1	-1	22	9	2
g	353	203	1523	7	18	1	-1	17	8	2
g	354	242	1523	8	22	2	-5	17	9	2
g	355	279	1524	6	20	1	-4	16	6	2
g	356	318	1518	8	22	2	0	22	9	2
g	357	355	1523	7	17	1	0	17	6	2
g	358	394	1523	8	17	2	0	17	9	2
g	359	431	1524	6	16	1	0	16	6	2
g	360	469	1518	10	23	1	-1	22	11	2
g	361	507	1523	9	18	1	-1	17	10	2
g	362	545	1520	10	21	1	-1	20	11	2
g	363	583	1524	8	17	1	-1	16	10	2
g	364	621	1518	10	23	1	-1	22	11	2
g	365	659	1523	8	18	1	-1	17	10	2
g	366	697	1516	10	25	1	-1	24	11	2
g	367	13	1557	8	20	1	-1	19	10	2
g	368	51	1554	10	23	1	-1	22	11	2
g	369	89	1559	9	18	1	-1	17	10	2
g	370	127	1559	10	22	1	-5	17	11	2
g	371	165	1563	8	18	1	-5	13	10	2
g	372	204	1554	13	22	2	0	22	14	2
g	373	241	1559	12	17	1	0	17	12	2
g	374	280	1554	8	22	2	0	22	9	2
g	375	315	1559	10	22	-1	-5	17	8	2
g	376	356	1554	8	22	2	0	22	9	2
g	377	392	1554	10	22	0	0	22	9	2
g	378	430	1559	9	17	0	0	17	8	2
g	379	468	1554	10	22	0	0	22	9	2
g	380	506	1559	9	17	0	0	17	8	2
g	381	544	1554	10	22	0	0	22	9	2
g	382	582	1559	9	17	0	0	17	8	2
g	399	621	1559	11	18	1	-1	17	12	2
g	402	657	1558	13	24	-1	-6	18	11	2
g	416	697	1557	10	20	1	-1	19	10	2
g	417	13	1598	9	15	1	-1	14	9	2
g	431	51	1593	12	20	1	-1	19	11	2
g	432	89	1598	10	15	1	-1	14	10	2
g	461	125	1590	10	22	-1	0	22	9	2
g	462	165	1595	8	18	1	-1	17	9	2
g	468	203	1595	8	18	1	-1	17	10	2
g	485	241	1599	9	18	1	-5	13	9	2
g	487	279	1595	8	22	1	-5	17	9	2
g	489	317	1590	8	22	1	0	22	9	2
g	495	354	1595	10	23	0	-6	17	11	2
g	511	393	1595	8	19	1	-2	17	9	2
g	536	431	1595	9	22	1	-5	17	9	2
g	537	469	1599	7	18	1	-5	13	8	2
g	538	507	1595	9	22	1	-5	17	9	2
g	539	545	1596	6	21	1	-5	16	6	2
g	543	583	1590	9	22	1	0	22	10	2
g	552	621	1595	10	22	1	-5	17	10	2
g	553	659	1599	8	18	1	-5	13	9	2
g	567	694	1599	6	19	-2	-6	13	4	2
g	601	13	1635	8	14	1	-1	13	9	2
g	658	50	1635	10	19	0	-6	13	11	2
g	699	89	1631	2	5	1	12	17	2	2
g	700	127	1631	3	5	1	12	17	2	2
g	710	165	1631	6	4	1	13	17	4	2
g	711	204	1631	5	4	2	13	17	6	2
g	713	241	1631	6	1	1	16	17	4	2
g	728	280	1632	5	3	2	13	16	6	2
g	729	318	1631	3	3	2	14	17	3	2
g	730	356	1629	5	5	2	14	19	6	2
g	731	391	1648	3	5	-1	-5	0	2	2
g	732	432	1631	6	3	2	14	17	7	2
g	733	469	1631	6	4	1	13	17	6	2
g	768	505	1631	3	4	-1	13	17	0	2
g	769	542	1631	4	4	-2	13	17	0	2
g	770	578	1631	5	4	-4	13	17	0	2
g	771	615	1631	7	3	-5	14	17	0	2
g	772	654	1632	6	1	-4	15	16	0	2
g	774	692	1631	5	3	-4	14	17	0	2
g	775	11	1667	3	3	-1	14	17	0	2
g	776	46	1667	6	3	-4	14	17	0	2
g	777	80	1666	4	5	-8	13	18	0	2
g	778	123	1665	5	5	-3	14	19	0	2
g	779	159	1667	6	4	-5	13	17	0	2
g	780	198	1667	5	4	-4	13	17	0	2
g	786	238	1667	3	4	-2	13	17	0	2
g	787	276	1667	4	4	-2	13	17	0	2
g	795	314	1670	3	3	-2	11	14	0	2
g	803	351	1685	3	3	-3	-4	-1	0	2
g	806	388	1685	3	4	-4	-5	-1	0	2
g	807	426	1684	4	5	-4	-5	0	0	2
g	808	464	1684	3	5	-4	-5	0	0	2
g	821	501	1669	7	2	-5	13	15	0	2
g	822	536	1670	10	2	-8	12	14	0	2
g	823	575	1674	10	7	-7	3	10	0	2
g	824	611	1666	11	19	-9	-1	18	0	2
g	916	657	1667	12	17	-1	0	17	11	2
g	937	697	1667	10	17	1	0	17	11	2
g	956	12	1707	9	18	0	-5	13	10	2
g	960	51	1707	11	13	1	0	13	11	2
g	7808	90	1698	13	22	2	0	22	14	2
g	7809	127	1703	12	17	1	0	17	12	2
g	7810	166	1698	13	22	2	0	22	14	2
g	7811	203	1703	12	17	1	0	17	12	2
g	7812	242	1698	13	22	2	0	22	14	2
g	7813	279	1703	12	17	1	0	17	12	2
g	7840	315	1703	9	21	-1	-4	17	9	2
g	7841	355	1707	8	17	1	-4	13	9	2
g	7842	391	1697	10	23	-1	0	23	9	2
g	7843	431	1702	8	19	1	-1	18	9	2
g	7844	467	1696	13	24	-1	0	24	9	2
g	7845	507	1701	10	20	1	-1	19	9	2
g	7846	543	1695	11	25	-1	0	25	9	2
g	7847	583	1700	9	21	1	-1	20	9	2
g	7848	619	1695	12	25	-1	0	25	9	2
g	7849	659	1699	10	22	1	-1	21	9	2
g	7850	695	1696	11	24	-1	0	24	9	2
g	7851	13	1736	9	21	1	-1	20	9	2
g	7852	49	1734	10	26	-1	-4	22	9	2
g	7853	89	1739	8	21	1	-4	17	9	2
g	7854	125	1730	10	26	-1	0	26	9	2
g	7855	165	1735	8	22	1	-1	21	9	2
g	7856	201	1730	10	26	-1	0	26	9	2
g	7857	241	1735	8	22	1	-1	21	9	2
g	7858	277	1730	10	26	-1	0	26	9	2
g	7859	317	1734	8	23	1	-1	22	9	2
g	7860	353	1732	11	24	-1	0	24	9	2
g	7861	393	1736	9	21	1	-1	20	9	2
g	7862	429	1734	10	26	-1	-4	22	9	2
g	7863	469	1739	8	21	1	-4	17	9	2
g	7864	507	1739	10	21	1	-4	17	10	2
g	7865	545	1743	8	17	1	-4	13	9	2
g	7866	583	1733	10	23	1	0	23	10	2
g	7867	621	1738	8	19	1	-1	18	9	2
g	7868	659	1734	10	22	1	0	22	10	2
g	7869	697	1739	9	18	1	-1	17	9	2
g	7870	13	1768	12	24	1	0	24	10	2
g	7871	51	1773	10	20	1	-1	19	9	2
g	7872	89	1767	10	25	1	0	25	10	2
g	7873	127	1772	9	21	1	-1	20	9	2
g	7874	165	1767	12	25	1	0	25	10	2
g	7875	203	1771	10	22	1	-1	21	9	2
g	7876	241	1768	10	24	1	0	24	10	2
g	7877	279	1772	9	21	1	-1	20	9	2
g	7878	317	1770	10	26	1	-4	22	10	2
g	7879	355	1775	8	21	1	-4	17	9	2
g	7880	393	1769	6	23	1	0	23	5	2
g	7881	431	1774	5	18	1	0	18	4	2
g	7882	468	1775	5	21	0	-4	17	5	2
g	7883	506	1775	5	21	0	-4	17	5	2
g	7884	545	1775	9	21	1	-4	17	10	2
g	7885	583	1779	8	17	1	-4	13	9	2
g	7886	621	1769	9	24	1	-1	23	10	2
g	7887	659	1774	8	19	1	-1	18	9	2
g	7888	697	1768	11	25	1	-1	24	10	2
g	7889	13	1809	10	20	1	-1	19	9	2
g	7890	51	1803	10	26	1	-1	25	10	2
g	7891	89	1808	9	21	1	-1	20	9	2
g	7892	127	1803	11	26	1	-1	25	10	2
g	7893	165	1807	10	22	1	-1	21	9	2
g	7894	203	1804	10	25	1	-1	24	10	2
g	7895	241	1808	9	21	1	-1	20	9	2
g	7896	279	1806	9	26	1	-4	22	10	2
g	7897	317	1811	8	21	1	-4	17	9	2
g	7898	355	1806	10	23	1	-1	22	10	2
g	7899	393	1811	9	18	1	-1	17	9	2
g	7900	431	1806	10	23	1	-1	22	10	2
g	7901	469	1811	9	18	1	-1	17	9	2
g	7902	507	1805	10	24	1	-1	23	10	2
g	7903	545	1810	9	19	1	-1	18	9	2
g	7904	583	1806	10	23	1	-1	22	10	2
g	7905	621	1811	9	18	1	-1	17	9	2
g	7906	659	1809	10	23	1	-4	19	10	2
g	7907	697	1814	9	18	1	-4	14	9	2
g	7908	13	1847	10	21	1	-4	17	11	2
g	7909	51	1851	8	17	1	-4	13	10	2
g	7910	89	1841	10	24	1	-1	23	11	2
g	7911	127	1846	8	19	1	-1	18	10	2
g	7912	165	1842	12	23	1	-1	22	11	2
g	7913	203	1847	10	18	1	-1	17	10	2
g	7914	241	1842	12	23	1	-1	22	11	2
g	7915	279	1847	10	18	1	-1	17	10	2
g	7916	317	1841	12	24	1	-1	23	11	2
g	7917	355	1846	10	19	1	-1	18	10	2
g	7918	393	1842	12	23	1	-1	22	11	2
g	7919	431	1847	10	18	1	-1	17	10	2
g	7920	469	1845	12	23	1	-4	19	11	2
g	7921	507	1850	10	18	1	-4	14	10	2
g	7922	546	1842	8	22	2	0	22	9	2
g	7923	581	1847	10	22	-1	-5	17	8	2
g	7924	622	1847	8	21	2	-4	17	9	2
g	7925	657	1851	10	18	-1	-5	13	8	2
g	7926	698	1841	8	23	2	0	23	9	2
g	7927	11	1882	10	23	-1	-5	18	8	2
g	7928	52	1878	8	22	2	0	22	9	2
g	7929	87	1883	10	22	-1	-5	17	8	2
g	8208	127	1891	6	2	1	7	9	7	2
g	8211	165	1892	8	2	1	6	8	9	2
g	8212	203	1892	13	2	1	6	8	14	2
g	8216	241	1883	3	5	1	12	17	2	2
g	8217	279	1883	3	5	1	12	17	2	2
g	8218	316	1896	3	6	0	-2	4	14	2
g	8220	355	1883	5	5	1	12	17	4	2
g	8221	393	1883	5	5	1	12	17	4	2
g	8222	429	1896	6	6	-1	-2	4	4	2
g	8224	469	1883	7	22	1	-5	17	7	2
g	8225	506	1883	8	22	0	-5	17	7	2
g	8226	545	1891	6	6	1	3	9	7	2
g	8230	582	1897	13	3	0	0	3	13	2
g	8240	621	1883	22	18	1	-1	17	23	2
g	8242	659	1883	3	6	1	11	17	2	2
g	8243	697	1883	6	6	1	11	17	6	2
g	8249	14	1925	5	9	2	2	11	7	2
g	8250	52	1925	5	9	2	2	11	8	2
g	8260	84	1919	14	17	-4	0	17	5	2
g	8308	127	1914	6	12	1	10	22	5	2
g	8309	165	1915	6	11	1	10	21	5	2
g	8310	204	1914	5	12	2	10	22	6	2
g	8311	242	1914	5	12	2	10	22	5	2
g	8312	280	1914	5	12	2	10	22	6	2
g	8313	317	1914	6	12	1	10	22	6	2
g	8355	356	1919	11	17	2	0	17	11	2
g	8364	393	1919	10	18	1	-1	17	11	2
g	8378	432	1919	10	17	2	0	17	13	2
g	8381	470	1919	10	17	2	0	17	12	2
g	8467	507	1918	9	19	1	-1	18	10	2
g	8482	545	1919	12	9	1	8	17	12	2
g	8486	583	1919	10	17	1	0	17	11	2
g	8494	622	1919	18	18	2	-1	17	20	2
g	8539	659	1919	15	18	1	-1	17	16	2
g	8540	697	1919	16	18	1	-1	17	17	2
g	8541	13	1955	15	18	1	-1	17	16	2
g	8542	50	1955	15	18	0	-1	17	15	2
g	8706	89	1955	11	18	1	-1	17	13	2
g	8710	125	1955	12	17	-1	0	17	11	2
g	8719	164	1952	11	25	0	-5	20	11	2
g	8721	202	1955	13	22	0	-5	17	12	2
g	8722	241	1963	9	2	1	7	9	10	2
g	8725	278	1955	10	17	0	0	17	10	2
g	8729	317	1961	6	6	1	5	11	7	2
g	8730	354	1953	15	24	0	-5	19	14	2
g	8734	393	1960	14	8	1	4	12	15	2
g	8747	429	1954	10	24	-1	-6	18	7	2
g	8776	469	1960	10	8	1	4	12	10	2
g	8800	507	1958	10	12	1	2	14	10	2
g	8804	544	1959	11	13	0	0	13	10	2
g	8805	582	1959	10	13	0	0	13	10	2
g	9674	621	1954	8	19	1	-1	18	9	2
g	10217	659	1956	6	19	1	-3	16	8	2
g	64257	697	1954	10	18	1	0	18	11	2
g	64258	13	1990	10	18	1	0	18	10	2
