atlas	512	1024	18	18	3.6	21.6
g	13	2	2	0	0	0	18	18	5.04
g	32	24	2	0	0	0	18	18	5.04
g	33	46	2	3	13	1.152	0.036	12.6	4.842
g	34	68	2	5	4	0.324	8.586	12.546	5.508
g	35	90	2	10	12	0.756	0.414	12.132	10.908
g	36	112	2	7	16	0.576	-1.458	14.184	7.812
g	37	134	2	12	13	0.972	-0.162	12.762	13.896
g	38	156	2	10	13	0.576	-0.162	12.744	10.458
g	39	178	2	3	4	0.324	8.64	12.582	2.736
g	40	200	2	4	16	0	-1.728	13.68	5.022
g	41	222	2	4	16	1.11	-1.728	13.68	5.022
g	42	244	2	6	7	0.354	7.11	13.428	6.498
g	43	266	2	7	7	0.486	2.178	9.126	7.902
g	44	288	2	3	5	0.582	-1.638	2.826	3.582
g	45	2	27	5	2	0.486	4.518	6.318	5.85
g	46	24	27	3	3	0.63	-0.036	2.52	3.798
g	47	46	27	6	13	0.354	0	12.6	6.948
g	48	68	27	7	13	0.684	-0.198	12.798	8.1
g	49	90	27	4	13	0.18	0	12.6	4.932
g	50	112	27	7	13	0.522	0	12.744	7.65
g	51	134	27	7	13	0.504	-0.144	12.6	7.668
g	52	156	27	8	13	0.306	0	12.6	8.262
g	53	178	27	7	13	0.702	-0.144	12.6	7.704
g	54	200	27	7	13	0.702	-0.144	12.744	7.722
g	55	222	27	7	13	0.288	0	12.6	7.056
g	56	244	27	7	13	0.684	-0.144	12.816	7.812
g	57	266	27	7	13	0.396	-0.144	12.744	7.614
g	58	288	27	3	9	1.026	0.036	8.55	4.536
g	59	2	52	3	11	0.63	-1.602	8.622	3.924
g	60	24	52	7	9	0.486	1.023	9.198	7.902
g	61	46	52	7	6	0.486	3.258	8.28	7.902
g	62	68	52	7	9	0.486	1.026	9.201	7.902
g	63	90	52	7	13	0.378	-0.018	12.78	7.434
g	64	112	52	13	13	0.684	-1.404	11.538	13.662
g	65	134	52	8	13	0.216	0	12.6	8.208
g	66	156	52	7	13	0.972	0	12.6	8.316
g	67	178	52	7	13	0.756	-0.144	12.744	8.226
g	68	200	52	7	13	0.972	0	12.6	8.496
g	69	222	52	7	13	0.972	0	12.6	7.83
g	70	244	52	7	13	0.972	0	12.6	7.47
g	71	266	52	7	13	0.756	-0.144	12.744	8.316
g	72	288	52	7	13	0.972	0	12.6	8.586
g	73	2	77	3	13	0.972	0	12.6	4.032
g	74	24	77	7	13	0.306	-0.144	12.6	7.974
g	75	46	77	8	13	0.972	0	12.6	8.586
g	76	68	77	7	13	0.972	0	12.6	7.47
g	77	90	77	8	13	0.918	0	12.6	9.684
g	78	112	77	8	13	0.972	0	12.6	9.126
g	79	134	77	7	13	0.756	-0.144	12.744	8.406
g	80	156	77	7	13	0.954	0	12.618	8.226
g	81	178	77	7	15	0.756	-1.872	12.744	8.19
g	82	200	77	7	13	0.972	0	12.6	8.298
g	83	222	77	7	13	0.576	-0.144	12.744	7.812
g	84	244	77	8	13	0.504	0	12.6	8.136
g	85	266	77	7	13	0.9	-0.144	12.6	8.604
g	86	288	77	8	13	0.486	0	12.6	8.478
g	87	2	102	12	13	0.414	0	12.6	11.97
g	88	24	102	8	13	0.534	0	12.6	8.28
g	89	46	102	8	13	0.522	0.018	12.6	8.208
g	90	68	102	7	13	0.45	0	12.6	7.308
g	91	90	102	4	17	0.486	-2.484	14.238	5.94
g	92	112	102	6	13	0.81	0	12.6	6.948
g	93	134	102	4	17	1.674	-2.484	14.238	5.94
g	94	156	102	7	8	0.534	5.418	12.6	7.434
g	95	178	102	7	2	0.306	0	1.602	7.29
g	96	200	102	3	3	0.432	10.35	12.6	3.708
g	97	222	102	7	10	0.522	-0.144	9.342	7.812
g	98	244	102	7	13	0.828	-0.144	12.6	7.866
g	99	266	102	7	10	0.684	-0.144	9.342	7.596
g	100	288	102	7	13	0.684	-0.144	12.6	7.866
g	101	2	127	7	10	0.684	-0.144	9.342	7.668
g	102	24	127	5	13	0.396	0	12.684	5.238
g	103	46	127	7	14	0.684	-3.708	9.342	7.758
g	104	68	127	7	13	0.828	0	12.6	7.902
g	105	90	127	3	14	0.648	0	13.014	3.87
g	106	112	127	4	17	-0.846	-3.702	13.014	3.798
g	107	134	127	7	13	0.828	0	12.6	7.794
g	108	156	127	3	13	0.756	0	12.6	3.582
g	109	178	127	11	10	0.828	0	9.342	11.97
g	110	200	127	7	10	0.828	0	9.342	7.902
g	111	222	127	7	10	0.684	-0.144	9.342	7.776
g	112	244	127	7	13	0.9	-3.402	9.342	7.938
g	113	266	127	7	13	0.684	-3.402	9.342	7.938
g	114	288	127	5	10	0.828	0.018	9.306	5.634
g	115	2	152	7	10	0.54	-0.108	9.306	7.164
g	116	24	152	5	12	0.306	0	11.484	5.076
g	117	46	152	7	10	0.756	-0.126	9.198	7.884
g	118	68	152	7	10	0.342	0	9.216	7.47
g	119	90	152	11	10	0.342	0	9.216	10.656
g	120	112	152	7	10	0.321	0	9.198	7.506
g	121	134	152	7	13	0.288	-3.582	9.216	7.254
g	122	156	152	6	10	0.432	0	9.198	6.624
g	123	178	152	5	17	0.486	-2.484	14.238	5.742
g	124	200	152	3	16	0.486	-1.44	13.68	3.078
g	125	222	152	5	17	0.486	-2.484	14.238	5.742
g	126	244	152	8	3	0.504	3.834	6.696	8.64
g	160	266	152	0	0	0	18	18	3.6
g	161	288	152	3	13	1.152	0.18	12.744	4.842
g	162	2	177	7	13	0.684	0.018	12.42	7.596
g	163	24	177	8	13	0.972	0	12.744	9.216
g	164	46	177	10	9	0.324	0.972	9.9	9.846
g	165	68	177	8	13	1.134	0.018	12.6	9.504
g	166	90	177	3	16	0.486	-1.44	13.68	3.078
g	167	112	177	7	17	0.612	-3.672	12.744	7.542
g	168	134	177	6	3	0.306	10.458	13.014	6.228
g	169	156	177	14	13	0.756	-0.144	12.744	14.526
g	170	178	177	5	9	0.288	4.572	12.744	5.148
g	171	200	177	7	7	0.936	1.926	8.19	8.334
g	172	222	177	7	4	0.486	3.024	6.408	7.902
g	174	244	177	8	8	0.306	5.634	12.798	7.83
g	175	266	177	4	2	1.584	10.548	11.988	7.038
g	176	288	177	6	6	0.306	8.604	14.544	6.462
g	177	2	202	7	10	0.486	0.324	10.224	7.902
g	178	24	202	5	8	0.288	7.65	15.3	4.644
g	179	46	202	5	8	0.486	7.56	15.21	4.95
g	180	68	202	3	3	0.396	10.35	12.6	3.708
g	181	90	202	7	13	0.828	-3.6	9.198	7.974
g	182	112	202	8	17	0.45	-3.6	12.6	8.964
g	183	134	202	3	3	0.666	3.87	6.426	3.87
g	184	156	202	3	4	0.096	-3.402	0	2.52
g	185	178	202	3	8	0.288	7.65	15.21	2.754
g	186	200	202	5	9	0.342	4.59	12.744	5.22
g	187	222	202	7	7	1.062	1.926	8.19	8.334
g	188	244	202	13	13	0.288	0	12.6	12.546
g	189	266	202	12	13	0.288	0	12.6	12.276
g	190	288	202	14	13	0.486	0	12.6	13.878
g	191	2	227	7	13	0.396	-3.78	9.018	7.434
g	192	24	227	8	17	0.216	0	16.002	8.208
g	193	46	227	8	17	0.216	0	16.002	8.208
g	194	68	227	8	17	0.216	0	16.002	8.208
g	195	90	227	8	17	0.216	0	16.128	8.208
g	196	112	227	8	17	0.216	0	16.416	8.208
g	197	134	227	8	18	0.216	0	17.892	8.208
g	198	156	227	13	13	0.282	0	12.6	13.23
g	199	178	227	7	17	0.756	-3.33	12.744	8.226
g	200	200	227	7	17	0.972	0	16.002	7.83
g	201	222	227	7	17	0.972	0	16.002	7.83
g	202	244	227	7	17	0.972	0	16.002	7.83
g	203	266	227	7	17	0.972	0	16.416	7.83
g	204	288	227	4	17	-0.18	0	16.002	4.032
g	205	2	252	3	17	0.972	0	16.002	4.032
g	206	24	252	5	17	-0.399	0	16.002	4.032
g	207	46	252	6	17	-0.81	0	16.416	4.032
g	208	68	252	8	13	0.972	0	12.6	9.126
g	209	90	252	8	17	0.972	0	16.2	9.126
g	210	112	252	7	17	0.756	-0.144	15.984	8.406
g	211	134	252	7	17	0.756	-0.144	15.984	8.406
g	212	156	252	7	17	0.756	-0.144	15.984	8.406
g	213	178	252	7	17	0.756	-0.144	16.11	8.406
g	214	200	252	7	17	0.756	-0.144	16.398	8.406
g	215	222	252	6	6	0.54	2.646	8.532	7.002
g	216	244	252	8	15	0.534	-0.816	13.398	10.746
g	217	266	252	7	17	0.9	-0.144	16.002	8.604
g	218	288	252	7	17	0.9	-0.144	16.002	8.604
g	219	2	277	7	17	0.9	-0.144	16.002	8.604
g	220	24	277	7	17	0.9	-0.144	16.416	8.604
g	221	46	277	8	16	0.522	0.018	16.002	8.208
g	222	68	277	7	13	0.954	0	12.6	8.226
g	223	90	277	7	13	0.828	0	12.744	8.1
g	224	112	277	7	13	0.522	-0.144	12.6	7.794
g	225	134	277	7	13	0.522	-0.144	12.6	7.794
g	226	156	277	7	13	0.522	-0.144	12.6	7.794
g	227	178	277	7	13	0.522	-0.144	12.726	7.794
g	228	200	277	7	14	0.522	-0.144	13.014	7.794
g	229	222	277	7	15	0.522	-0.144	14.49	7.794
g	230	244	277	12	10	0.522	-0.144	9.342	12.132
g	231	266	277	7	13	0.684	-3.33	9.342	7.596
g	232	288	277	7	13	0.684	-0.144	12.6	7.668
g	233	2	302	7	13	0.684	-0.144	12.6	7.668
g	234	24	302	7	13	0.684	-0.144	12.6	7.668
g	235	46	302	7	14	0.684	-0.144	13.014	7.668
g	236	68	302	4	13	-0.558	0	12.6	3.276
g	237	90	302	3	13	0.594	0	12.6	3.276
g	238	112	302	5	13	-0.777	0	12.6	3.276
g	239	134	302	6	14	-1.188	0	13.014	3.276
g	240	156	302	7	13	0.684	-0.144	12.6	7.974
g	241	178	302	7	13	0.828	0	12.726	7.902
g	242	200	302	7	13	0.684	-0.144	12.6	7.776
g	243	222	302	7	13	0.684	-0.144	12.6	7.776
g	244	244	302	7	13	0.684	-0.144	12.6	7.776
g	245	266	302	7	13	0.684	-0.144	12.726	7.776
g	246	288	302	7	14	0.684	-0.144	13.014	7.776
g	247	2	327	7	9	0.486	1.692	9.756	7.902
g	248	24	327	7	12	0.738	-0.927	10.11	8.316
g	249	46	327	7	13	0.756	-0.126	12.6	7.902
g	250	68	327	7	13	0.756	-0.126	12.6	7.902
g	251	90	327	7	13	0.756	-0.126	12.6	7.902
g	252	112	327	7	14	0.756	-0.126	13.014	7.902
g	253	134	327	7	17	0.288	-3.582	12.6	7.254
g	254	156	327	7	17	0.756	-3.6	12.6	7.794
g	255	178	327	7	17	0.288	-3.582	13.014	7.254
g	256	200	327	8	16	0.216	0	15.39	8.208
g	257	222	327	7	13	0.522	-0.144	11.988	7.794
g	258	244	327	8	16	0.216	0	15.39	8.208
g	259	266	327	7	13	0.522	-0.144	11.988	7.794
g	260	288	327	8	17	0.216	-3.402	12.6	8.208
g	261	2	352	7	13	0.522	-3.402	9.342	7.794
g	262	24	352	7	17	0.756	-0.144	16.002	8.226
g	263	46	352	7	13	0.684	-0.144	12.6	7.596
g	264	68	352	7	17	0.756	-0.144	16.002	8.226
g	265	90	352	7	13	0.684	-0.144	12.6	7.596
g	266	112	352	7	17	0.756	-0.144	16.416	8.226
g	267	134	352	7	14	0.684	-0.144	13.014	7.596
g	268	156	352	7	17	0.756	-0.144	16.002	8.226
g	269	178	352	7	13	0.684	-0.144	12.6	7.596
g	270	200	352	7	16	0.972	0	15.966	8.496
g	271	222	352	11	13	0.684	-0.144	12.6	7.866
g	272	244	352	8	13	0.972	0	12.6	9.126
g	273	266	352	8	13	0.684	-0.144	12.6	7.866
g	274	288	352	7	16	0.972	0	15.39	7.83
g	275	2	377	7	13	0.684	-0.144	12.294	7.668
g	278	24	377	7	17	0.972	0	16.416	7.83
g	279	46	377	7	14	0.684	-0.144	13.014	7.668
g	280	68	377	7	16	0.972	-3.258	12.6	7.83
g	281	90	377	7	13	0.684	-3.258	9.342	7.668
g	282	112	377	7	17	0.972	0	16.002	7.83
g	283	134	377	7	13	0.684	-0.144	12.582	7.668
g	284	156	377	7	17	0.756	-0.144	16.002	8.298
g	285	178	377	7	17	0.684	-3.708	12.6	7.758
g	286	200	377	7	16	0.756	-0.144	15.39	8.298
g	287	222	377	7	16	0.684	-3.708	11.988	7.758
g	288	244	377	7	17	0.756	-0.144	16.416	8.298
g	289	266	377	7	17	0.684	-3.708	13.014	7.758
g	290	288	377	7	17	0.756	-3.366	12.744	8.298
g	291	2	402	7	17	0.684	-3.708	12.438	7.758
g	292	24	402	7	17	0.972	0	16.02	8.586
g	293	46	402	7	16	0.828	0	15.75	7.902
g	294	68	402	9	13	0.126	0	12.6	8.586
g	295	90	402	8	13	-0.072	0	12.6	7.902
g	296	112	402	6	17	-0.264	0	16.128	4.032
g	297	134	402	6	13	-0.642	0	12.726	3.276
g	298	156	402	4	16	0.036	0	15.39	4.032
g	299	178	402	4	12	-0.342	0	11.988	3.276
g	301	200	402	5	13	-0.396	0	12.312	3.276
g	302	222	402	3	17	0.576	-3.402	12.6	3.726
g	303	244	402	3	17	0.828	-3.402	13.014	4.05
g	304	266	402	3	17	0.756	0	16.416	4.032
g	305	288	402	3	10	0.594	0	9.198	3.276
g	307	2	427	7	17	0.648	-3.702	13.014	7.614
g	308	24	427	8	17	0.306	-0.144	16.02	7.974
g	309	46	427	6	17	-0.846	-3.702	12.6	3.816
g	310	68	427	8	16	0.972	-3.222	12.6	8.586
g	311	90	427	7	16	0.828	-3.222	12.6	7.794
g	313	112	427	7	17	0.972	0	16.002	7.47
g	314	134	427	3	17	0.756	0	16.002	3.582
g	315	156	427	7	16	0.972	-3.222	12.6	7.47
g	316	178	427	4	16	-0.468	-3.222	12.6	3.582
g	317	200	427	7	13	0.972	0	12.6	7.506
g	318	222	427	6	13	0.756	0	12.618	6.822
g	320	244	427	3	17	0.774	0	16.416	4.068
g	321	266	427	9	13	-0.234	0	12.6	8.406
g	322	288	427	6	13	0.306	0	12.6	6.354
g	323	2	452	8	17	0.972	0	16.074	9.126
g	324	24	452	7	13	0.828	0	12.6	7.902
g	325	46	452	8	16	0.972	-3.222	12.6	9.126
g	326	68	452	7	13	0.828	-3.222	9.342	7.902
g	327	90	452	8	17	0.972	0	16.074	9.126
g	328	112	452	7	13	0.828	0	12.6	7.902
g	330	134	452	8	16	0.972	-3.198	12.6	9.126
g	331	156	452	7	13	0.828	-3.222	9.342	7.902
g	332	178	452	7	16	0.756	-0.144	15.372	8.406
g	333	200	452	7	13	0.684	-0.144	11.988	7.776
g	335	222	452	7	13	0.684	-0.144	12.312	7.776
g	336	244	452	7	17	0.756	-0.144	15.984	8.406
g	337	266	452	7	13	0.684	-0.144	12.6	7.776
g	338	288	452	12	13	0.756	-0.144	12.744	12.42
g	339	2	477	11	10	0.684	-0.144	9.342	12.222
g	340	24	477	7	17	0.972	0	16.002	8.298
g	341	46	477	5	13	0.828	0.018	12.6	5.634
g	342	68	477	7	16	0.972	-3.222	12.6	8.298
g	343	90	477	6	13	-0.414	-3.222	9.306	5.634
g	344	112	477	7	17	0.972	0	16.002	8.298
g	345	134	477	5	13	0.828	0.018	12.6	5.634
g	346	156	477	7	17	0.576	-0.144	16.002	7.812
g	347	178	477	7	13	0.54	-0.108	12.6	7.182
g	348	200	477	7	17	0.576	-0.144	16.002	7.812
g	349	222	477	7	13	0.54	-0.108	12.6	7.182
g	350	244	477	7	17	0.576	-3.33	12.744	7.812
g	351	266	477	7	13	0.54	-3.294	9.306	7.182
g	352	288	477	7	17	0.576	-0.144	16.002	7.812
g	353	2	502	7	13	0.54	-0.108	12.6	7.182
g	354	24	502	8	17	0.504	-3.402	12.6	8.136
g	355	46	502	5	15	0.306	-3.06	11.484	5.076
g	356	68	502	8	16	0.504	0	15.966	8.136
g	357	90	502	7	13	0.306	0	12.618	5.076
g	358	112	502	8	13	0.504	0	12.6	8.136
g	359	134	502	5	12	0.306	0	11.484	5.076
g	360	156	502	7	17	0.9	-0.144	16.128	8.604
g	361	178	502	7	13	0.756	-0.126	12.726	7.902
g	362	200	502	7	16	0.9	-0.144	15.39	8.604
g	363	222	502	7	13	0.756	-0.126	11.988	7.902
g	364	244	502	7	16	0.9	-0.144	15.714	8.604
g	365	266	502	7	13	0.756	-0.126	12.312	7.902
g	366	288	502	7	19	0.9	-0.144	17.892	8.604
g	367	2	527	7	15	0.756	-0.126	14.49	7.902
g	368	24	527	7	17	0.9	-0.144	16.002	8.604
g	369	46	527	7	13	0.756	-0.126	12.6	7.902
g	370	68	527	7	16	0.9	-3.258	12.6	8.604
g	371	90	527	7	13	0.756	-3.402	9.198	7.902
g	372	112	527	12	17	0.414	0	16.002	11.844
g	373	134	527	11	13	0.342	0	12.6	10.656
g	374	156	527	8	16	0.522	0.018	16.002	8.208
g	375	178	527	7	17	0.288	-3.582	12.6	7.254
g	376	200	527	8	17	0.522	0.018	16.416	8.208
g	377	222	527	7	17	0.45	0	16.002	7.308
g	378	244	527	6	13	0.432	0	12.6	6.624
g	379	266	527	7	17	0.45	0	16.416	7.308
g	380	288	527	6	14	0.432	0	13.014	6.624
g	381	2	552	7	17	0.45	0	16.002	7.308
g	382	24	552	6	13	0.432	0	12.6	6.624
g	399	46	552	9	13	0.684	-0.198	12.744	9.612
g	402	68	552	8	17	0.396	-3.726	12.726	8.55
g	416	90	552	7	15	0.756	-0.144	14.094	8.406
g	417	112	552	7	11	0.684	-0.144	10.692	7.776
g	431	134	552	9	15	0.9	-0.144	14.094	8.604
g	432	156	552	8	11	0.756	-0.126	10.692	7.902
g	461	178	552	8	16	0.216	0	15.966	8.208
g	462	200	552	7	13	0.522	-0.144	12.582	7.794
g	468	222	552	7	13	0.756	-0.126	12.582	7.902
g	485	244	552	8	14	0.684	-3.708	9.342	7.956
g	487	266	552	7	17	0.684	-3.708	12.582	7.758
g	489	288	552	7	16	0.828	0	15.966	7.794
g	495	2	577	7	17	0.684	-3.636	12.582	7.632
g	511	24	577	7	14	0.738	-0.927	12.6	7.776
g	536	46	577	7	17	0.576	-3.366	12.744	7.812
g	537	68	577	7	13	0.54	-3.33	9.306	7.182
g	538	90	577	8	16	0.504	-3.258	12.6	8.136
g	539	112	577	5	15	0.306	-3.096	11.484	5.076
g	543	134	577	7	16	0.828	0	15.966	7.902
g	552	156	577	7	16	0.972	-3.186	12.6	7.83
g	553	178	577	7	13	0.684	-3.186	9.342	7.668
g	567	200	577	4	13	-0.846	-3.702	9.198	3.816
g	601	222	577	7	10	0.612	-0.144	9.342	7.668
g	658	244	577	7	13	0.684	-3.636	9.198	7.632
g	699	266	577	3	4	0.072	8.676	12.6	2.97
g	700	288	577	3	4	0.018	8.676	12.6	2.97
g	710	2	602	5	3	0.375	10.35	12.6	4.986
g	711	24	602	5	3	0.432	10.35	12.6	5.616
g	713	46	602	4	2	0	11.16	12.6	3.852
g	728	68	602	5	3	0.324	9.936	11.988	4.734
g	729	90	602	3	3	0.306	10.458	13.014	3.15
g	730	112	602	5	5	0.306	10.224	14.49	4.824
g	731	134	602	3	4	-0.018	-3.402	0	2.52
g	732	156	602	6	3	0.33	10.692	12.726	5.76
g	733	178	602	6	3	0.396	10.494	12.744	6.3
g	768	200	602	3	3	-3.078	10.35	12.6	0
g	769	222	602	3	3	-3.114	10.35	12.6	0
g	770	244	602	5	3	-5.205	10.35	12.6	0
g	771	266	602	6	3	-5.142	10.692	12.726	0
g	772	288	602	4	2	-3.852	10.854	12.294	0
g	774	2	627	5	3	-4.41	10.26	12.312	0
g	775	24	627	3	3	-2.664	10.458	13.014	0
g	776	46	627	6	3	-5.634	10.458	13.014	0
g	777	68	627	4	4	-7.362	9.84	13.428	0
g	778	90	627	5	5	-3.978	10.224	14.49	0
g	779	112	627	6	3	-5.763	10.35	12.6	0
g	780	134	627	5	3	-5.184	10.35	12.6	0
g	786	156	627	3	3	-3.282	10.35	12.6	0
g	787	178	627	3	3	-3.114	10.35	12.6	0
g	795	200	627	3	3	-2.358	8.244	10.692	0
g	803	222	627	3	3	-2.61	-4.014	-1.584	0
g	806	244	627	3	3	-3.51	-3.222	-0.972	0
g	807	266	627	3	4	-2.424	-3.402	0	0
g	808	288	627	3	4	-2.538	-3.402	0	0
g	821	2	652	6	2	-5.148	10.08	11.358	0
g	822	24	652	9	2	-8.352	9.216	10.638	0
g	823	46	652	8	7	-6.714	2.322	8.892	0
g	824	68	652	8	15	-7.314	-0.738	13.41	0
g	916	90	652	10	13	0.198	0	12.6	9.45
g	937	112	652	8	13	0.756	0	12.744	8.838
g	956	134	652	7	13	0.828	-3.6	9.198	7.974
g	960	156	652	9	10	0.486	-0.018	9.198	9.486
g	7808	178	652	12	17	0.414	0	16.002	11.844
g	7809	200	652	11	13	0.342	0	12.6	10.656
g	7810	222	652	12	17	0.414	0	16.002	11.844
g	7811	244	652	11	13	0.342	0	12.6	10.656
g	7812	266	652	12	17	0.414	0	16.416	11.844
g	7813	288	652	11	14	0.342	0	13.014	10.656
g	7840	2	677	8	17	0.216	-4.014	12.6	8.208
g	7841	24	677	7	14	0.522	-4.014	9.342	7.794
g	7842	46	677	8	17	0.216	0	16.83	8.208
g	7843	68	677	7	14	0.522	-0.144	13.428	7.794
g	7844	90	677	10	18	0.216	0	17.442	8.208
g	7845	112	677	9	15	0.522	-0.144	14.04	7.794
g	7846	134	677	8	19	0.216	0	18.162	8.208
g	7847	156	677	7	15	0.522	-0.144	14.76	7.794
g	7848	178	677	9	19	0.216	0	18.846	8.208
g	7849	200	677	8	16	0.522	-0.144	15.444	7.794
g	7850	222	677	8	19	0.216	0	18.648	8.208
g	7851	244	677	7	16	0.522	-0.144	15.246	7.794
g	7852	266	677	8	21	0.216	-4.014	16.002	8.208
g	7853	288	677	7	17	0.522	-4.014	12.6	7.794
g	7854	2	702	8	19	0.216	0	18.882	8.208
g	7855	24	702	7	16	0.522	-0.144	15.48	7.794
g	7856	46	702	8	19	0.216	0	18.882	8.208
g	7857	68	702	7	16	0.522	-0.144	15.48	7.794
g	7858	90	702	8	20	0.216	0	19.296	8.208
g	7859	112	702	7	17	0.522	-0.144	15.894	7.794
g	7860	134	702	8	19	0.216	0	18.576	8.208
g	7861	156	702	7	16	0.522	-0.144	15.174	7.794
g	7862	178	702	8	20	0.216	-4.014	15.714	8.208
g	7863	200	702	7	17	0.522	-4.014	12.312	7.794
g	7864	222	702	7	17	0.972	-4.014	12.6	7.83
g	7865	244	702	7	14	0.684	-4.014	9.342	7.668
g	7866	266	702	7	17	0.972	0	16.83	7.83
g	7867	288	702	7	14	0.684	-0.144	13.428	7.668
g	7868	2	727	7	17	0.972	0	16.128	7.83
g	7869	24	727	7	13	0.684	-0.144	12.726	7.668
g	7870	46	727	9	18	0.972	0	17.442	7.83
g	7871	68	727	9	15	0.684	-0.144	14.04	7.668
g	7872	90	727	7	19	0.972	0	18.162	7.83
g	7873	112	727	7	15	0.684	-0.144	14.76	7.668
g	7874	134	727	8	19	0.972	0	18.846	7.83
g	7875	156	727	8	16	0.684	-0.144	15.444	7.668
g	7876	178	727	7	19	0.972	0	18.648	7.83
g	7877	200	727	7	16	0.684	-0.144	15.246	7.668
g	7878	222	727	7	21	0.972	-4.014	16.002	7.83
g	7879	244	727	7	17	0.684	-4.014	12.6	7.668
g	7880	266	727	4	17	0.288	0	16.83	4.032
g	7881	288	727	4	14	-0.09	0	13.428	3.276
g	7882	2	752	3	17	0.81	-4.014	12.6	4.032
g	7883	24	752	3	18	0.648	-4.014	13.014	3.87
g	7884	46	752	7	17	0.756	-4.014	12.744	8.406
g	7885	68	752	7	14	0.684	-4.014	9.342	7.776
g	7886	90	752	7	17	0.756	-0.144	16.812	8.406
g	7887	112	752	7	14	0.684	-0.144	13.428	7.776
g	7888	134	752	9	18	0.756	-0.144	17.424	8.406
g	7889	156	752	9	15	0.684	-0.144	14.04	7.776
g	7890	178	752	7	19	0.756	-0.144	18.144	8.406
g	7891	200	752	7	15	0.684	-0.144	14.76	7.776
g	7892	222	752	8	19	0.756	-0.144	18.828	8.406
g	7893	244	752	8	16	0.684	-0.144	15.444	7.776
g	7894	266	752	7	19	0.756	-0.144	18.63	8.406
g	7895	288	752	7	16	0.684	-0.144	15.246	7.776
g	7896	2	777	7	20	0.756	-4.014	15.984	8.406
g	7897	24	777	7	17	0.684	-4.014	12.6	7.776
g	7898	46	777	7	17	0.756	-0.144	15.984	8.406
g	7899	68	777	7	13	0.684	-0.144	12.6	7.776
g	7900	90	777	7	17	0.756	-0.144	15.984	8.406
g	7901	112	777	7	13	0.684	-0.144	12.6	7.776
g	7902	134	777	7	17	0.756	-0.144	16.812	8.406
g	7903	156	777	7	14	0.684	-0.144	13.428	7.776
g	7904	178	777	7	17	0.756	-0.144	16.11	8.406
g	7905	200	777	7	13	0.684	-0.144	12.852	7.776
g	7906	222	777	7	19	0.756	-4.014	14.094	8.406
g	7907	244	777	7	15	0.684	-4.014	10.692	7.776
g	7908	266	777	7	17	0.9	-4.014	12.6	8.604
g	7909	288	777	7	14	0.756	-4.014	9.198	7.902
g	7910	2	802	7	17	0.9	-0.144	16.83	8.604
g	7911	24	802	7	14	0.756	-0.126	13.428	7.902
g	7912	46	802	9	17	0.9	-0.144	16.002	8.604
g	7913	68	802	8	13	0.756	-0.126	12.6	7.902
g	7914	90	802	9	17	0.9	-0.144	16.002	8.604
g	7915	112	802	8	13	0.756	-0.126	12.6	7.902
g	7916	134	802	9	17	0.9	-0.144	16.83	8.604
g	7917	156	802	8	14	0.756	-0.126	13.428	7.902
g	7918	178	802	9	17	0.9	-0.144	16.128	8.604
g	7919	200	802	8	13	0.756	-0.126	12.726	7.902
g	7920	222	802	9	19	0.9	-4.014	14.094	8.604
g	7921	244	802	8	15	0.756	-4.014	10.692	7.902
g	7922	266	802	8	16	0.522	0.018	16.002	8.208
g	7923	288	802	7	17	0.288	-3.582	12.6	7.254
g	7924	2	827	8	17	0.522	-4.014	12.6	8.208
g	7925	24	827	8	14	0.288	-4.014	9.216	7.254
g	7926	46	827	8	17	0.522	0.018	16.83	8.208
g	7927	68	827	7	18	0.288	-3.582	13.428	7.254
g	7928	90	827	8	17	0.522	0.018	16.128	8.208
g	7929	112	827	7	17	0.288	-3.582	12.726	7.254
g	8208	134	827	5	2	0.486	4.518	6.318	5.85
g	8211	156	827	6	2	0.486	4.212	6.012	6.786
g	8212	178	827	10	2	0.486	4.212	6.012	10.674
g	8216	200	827	3	4	0.066	8.676	12.6	2.97
g	8217	222	827	3	4	0.018	8.676	12.6	2.97
g	8218	244	827	3	5	0.582	-1.638	2.826	10.8
g	8220	266	827	6	4	0.066	8.676	12.6	5.688
g	8221	288	827	6	4	0.018	8.676	12.6	5.688
g	8222	2	852	6	4	0.018	-1.62	2.304	5.562
g	8224	24	852	6	17	0.486	-3.6	12.6	6.408
g	8225	46	852	6	17	0.486	-3.6	12.6	6.408
g	8226	68	852	5	5	0.486	2.664	7.146	5.436
g	8230	90	852	11	3	0.63	-0.036	2.52	12.222
g	8240	112	852	18	13	0.378	-0.126	12.744	18.27
g	8242	134	852	3	5	0.018	8.478	12.6	6.732
g	8243	156	852	6	5	0.324	8.478	12.6	6.282
g	8249	178	852	4	7	0.792	1.926	8.19	5.364
g	8250	200	852	4	7	1.062	1.926	8.19	5.598
g	8260	222	852	10	13	-2.487	0	12.6	3.996
g	8308	244	852	5	8	0.162	7.668	15.228	5.004
g	8309	266	852	5	8	0.252	7.56	15.21	4.554
g	8310	288	852	5	8	0.384	7.56	15.3	4.698
g	8311	2	877	5	8	0.126	7.668	15.228	4.284
g	8312	24	877	4	8	0.378	7.56	15.336	4.734
g	8313	46	877	5	8	0.27	7.56	15.3	4.698
g	8355	68	877	8	13	0.972	0	12.6	8.55
g	8364	90	877	8	13	0.756	-0.144	12.744	8.91
g	8378	112	877	9	13	0.792	0	12.6	10.314
g	8381	134	877	8	13	0.972	0	12.618	9.396
g	8467	156	877	7	13	0.792	-0.144	12.726	7.722
g	8482	178	877	9	7	0.252	6.282	12.6	9.576
g	8486	200	877	8	13	0.756	0	12.744	8.838
g	8494	222	877	14	13	0.756	-0.144	12.744	14.76
g	8539	244	877	12	13	0.288	-0.108	12.6	12.42
g	8540	266	877	13	13	0.486	-0.108	12.6	13.752
g	8541	288	877	13	13	0.252	-0.108	12.6	13.122
g	8542	2	902	13	13	0.126	-0.108	12.6	12.546
g	8706	24	902	8	13	0.684	-0.144	12.708	9.468
g	8710	46	902	10	13	0.198	0	12.6	9.45
g	8719	68	902	7	18	0.972	-3.6	14.4	8.604
g	8721	90	902	8	18	0.972	-3.6	13.608	9.072
g	8722	112	902	7	2	0.486	4.824	6.408	7.902
g	8725	134	902	8	13	0.39	0	12.6	8.37
g	8729	156	902	5	5	0.486	3.186	7.668	5.436
g	8730	178	902	12	18	0.36	-3.6	14.274	12.6
g	8734	200	902	11	7	0.486	2.592	8.91	11.718
g	8747	222	902	6	17	0.396	-3.672	12.672	5.994
g	8776	244	902	8	7	0.504	2.358	9	8.64
g	8800	266	902	7	9	0.486	1.53	9.936	7.902
g	8804	288	902	7	11	0.486	0.306	10.548	7.902
g	8805	2	927	7	11	0.486	0.324	10.551	7.902
g	9674	24	927	7	15	0.522	-0.918	13.518	7.722
g	10217	46	927	4	14	1.008	-1.674	11.79	5.508
g	64257	68	927	9	14	0.396	0	13.014	9.072
g	64258	90	927	8	13	0.396	0	12.684	8.802
