atlas	1024	1024	32	32	6.4	38.4
g	13	2	2	0	0	0	32	32	8.96
g	32	36	2	0	0	0	32	32	8.96
g	33	70	2	3	23	2.4	0.16	22.4	7.52
g	34	104	2	4	7	0.864	15.936	22.144	5.44
g	35	138	2	14	22	2.176	0.352	21.632	18.336
g	36	172	2	10	29	1.536	-3.104	25.632	12.8
g	37	206	2	20	24	2.816	-0.32	22.72	25.28
g	38	240	2	13	23	1.536	-0.256	22.656	16.224
g	39	274	2	2	7	0.864	16.16	22.304	2.848
g	40	308	2	4	29	-0.16	-3.584	24.512	5.408
g	41	342	2	4	29	2.165	-3.584	24.512	5.408
g	42	376	2	10	12	0.917	12.576	23.904	11.52
g	43	410	2	12	12	1.184	4.416	16.256	14.208
g	44	444	2	3	8	1.355	-2.176	4.896	5.056
g	45	478	2	8	1	1.184	9.792	10.688	9.696
g	46	512	2	3	3	1.344	0.16	2.88	5.44
g	47	546	2	7	23	0.917	0	22.4	9.152
g	48	580	2	10	23	2.08	-0.288	22.688	14.048
g	49	614	2	5	23	0.384	0	22.4	7.648
g	50	648	2	10	23	1.504	0	22.656	12.16
g	51	682	2	10	23	1.408	-0.256	22.4	12.544
g	52	2	41	11	23	0.864	0	22.4	12
g	53	36	41	9	23	2.112	-0.256	22.4	12.512
g	54	70	41	10	23	2.112	-0.256	22.656	12.544
g	55	104	41	10	23	0.928	0	22.4	10.944
g	56	138	41	10	23	2.08	-0.256	22.656	13.184
g	57	172	41	10	23	1.184	-0.256	22.656	12.32
g	58	206	41	3	14	1.408	0.192	13.824	5.536
g	59	240	41	3	17	1.536	-1.984	14.496	5.44
g	60	274	41	12	13	1.184	2.165	15.008	14.208
g	61	308	41	12	8	1.184	6.912	14.72	14.208
g	62	342	41	12	13	1.184	2.176	15.019	14.208
g	63	376	41	9	23	1.088	0.16	22.688	10.56
g	64	410	41	21	22	1.952	-2.976	18.976	24.448
g	65	444	41	11	23	0.363	0	22.4	11.744
g	66	478	41	10	23	2.816	0	22.4	13.952
g	67	512	41	10	23	2.176	-0.256	22.656	13.92
g	68	546	41	10	23	2.816	0	22.4	14.688
g	69	580	41	10	23	2.816	0	22.4	13.568
g	70	614	41	10	23	2.816	0	22.4	12.608
g	71	648	41	10	23	2.176	-0.256	22.656	14.112
g	72	682	41	10	23	2.816	0	22.4	14.944
g	73	2	80	1	23	2.816	0	22.4	6.592
g	74	36	80	10	23	0.864	-0.256	22.4	13.12
g	75	70	80	11	23	2.816	0	22.4	13.728
g	76	104	80	10	23	2.816	0	22.4	12.096
g	77	138	80	11	23	2.816	0	22.4	16.16
g	78	172	80	10	23	2.816	0	22.4	15.392
g	79	206	80	10	23	2.176	-0.256	22.656	14.272
g	80	240	80	10	23	2.816	0	22.464	13.728
g	81	274	80	10	27	2.176	-4	22.656	13.856
g	82	308	80	10	23	2.816	0	22.4	13.664
g	83	342	80	10	23	1.536	-0.256	22.656	12.8
g	84	376	80	11	23	1.248	0	22.4	12.672
g	85	410	80	10	23	2.592	-0.256	22.4	15.168
g	86	444	80	11	23	1.376	0	22.4	13.152
g	87	478	80	17	23	1.088	0	22.4	18.72
g	88	512	80	11	23	1.429	0	22.4	13.12
g	89	546	80	10	23	1.408	0	22.4	12.64
g	90	580	80	10	23	1.312	0	22.4	12.32
g	91	614	80	5	28	0.768	-3.392	24.288	8.896
g	92	648	80	6	23	2.272	0	22.4	9.152
g	93	682	80	5	28	3.456	-3.392	24.288	8.896
g	94	2	119	10	13	1.248	10.016	22.4	12.192
g	95	36	119	10	1	0.864	0	0.896	11.2
g	96	70	119	4	5	1.024	18.208	22.4	5.024
g	97	104	119	9	17	1.6	-0.256	16.288	12.544
g	98	138	119	9	23	2.368	-0.256	22.4	13.12
g	99	172	119	9	17	1.952	-0.256	16.288	12.288
g	100	206	119	9	23	1.952	-0.256	22.4	13.12
g	101	240	119	9	17	1.952	-0.256	16.288	12.512
g	102	274	119	7	23	1.056	0	22.688	8.448
g	103	308	119	9	23	1.952	-6.4	16.288	12.704
g	104	342	119	9	23	2.368	0	22.4	13.152
g	105	376	119	3	23	1.856	0	22.336	6.432
g	106	410	119	5	30	-0.448	-6.752	22.336	6.08
g	107	444	119	9	23	2.368	0	22.4	12.128
g	108	478	119	1	23	2.176	0	22.4	5.28
g	109	512	119	16	17	2.368	0	16.256	20.224
g	110	546	119	9	17	2.368	0	16.256	13.152
g	111	580	119	9	17	1.952	-0.256	16.288	12.736
g	112	614	119	9	23	2.592	-6.368	16.288	13.312
g	113	648	119	9	23	1.952	-6.368	16.288	13.312
g	114	682	119	6	17	2.368	0	16.16	8.768
g	115	2	158	9	17	1.664	-0.128	16.16	11.264
g	116	36	158	6	21	1.088	0	20.064	8.096
g	117	70	158	9	17	2.176	-0.224	16.032	13.152
g	118	104	158	10	17	0.928	0	16.032	11.04
g	119	138	158	15	17	0.928	0	16.032	16.64
g	120	172	158	10	17	0.763	0	16.032	10.816
g	121	206	158	10	23	0.704	-6.4	16.032	10.72
g	122	240	158	9	17	1.344	0	16.032	11.296
g	123	274	158	6	28	0.768	-3.392	24.288	7.392
g	124	308	158	1	27	1.408	-2.56	24.32	3.808
g	125	342	158	6	28	0.768	-3.392	24.288	7.392
g	126	376	158	12	3	1.227	8	10.848	14.208
g	160	410	158	0	0	0	32	32	6.4
g	161	444	158	3	23	2.4	0.416	22.656	7.52
g	162	478	158	9	22	1.952	0	21.792	12.288
g	163	512	158	12	23	2.816	0	22.656	15.84
g	164	546	158	14	14	0.768	2.88	16.373	15.296
g	165	580	158	11	23	2.848	0	22.4	16.608
g	166	614	158	1	27	1.408	-2.56	24.32	3.808
g	167	648	158	9	30	1.568	-6.656	22.656	11.488
g	168	682	158	7	3	0.832	19.616	22.336	8.608
g	169	2	197	24	23	2.176	-0.256	22.656	27.52
g	170	36	197	7	14	0.8	9.28	22.656	8.512
g	171	70	197	10	12	2.88	3.424	14.56	15.36
g	172	104	197	12	5	1.184	5.92	10.688	14.208
g	174	138	197	13	13	0.864	10.688	22.912	14.08
g	175	172	197	7	1	6.176	19.296	20.128	18.624
g	176	206	197	10	10	0.864	16	25.856	11.456
g	177	240	197	12	16	1.184	1.216	16.416	14.208
g	178	274	197	6	14	0.832	14.624	28.224	7.424
g	179	308	197	6	14	0.704	14.464	28.064	8.064
g	180	342	197	4	5	1.013	18.208	22.4	5.024
g	181	376	197	9	23	2.368	-6.4	16.032	13.344
g	182	410	197	11	29	1.312	-6.4	22.4	14.208
g	183	444	197	3	3	1.504	7.296	10.016	5.728
g	184	478	197	4	6	0.032	-5.856	0	3.296
g	185	512	197	3	14	0.768	14.624	28.064	4.416
g	186	546	197	7	14	0.992	9.28	22.656	8.704
g	187	580	197	10	12	2.997	3.424	14.56	15.36
g	188	614	197	19	23	0.768	0	22.4	20.192
g	189	648	197	20	23	0.768	0	22.4	20.768
g	190	682	197	22	23	0.704	0	22.4	22.272
g	191	2	236	9	23	1.184	-6.688	15.84	10.56
g	192	36	236	11	29	0.363	0	28.768	11.744
g	193	70	236	11	29	0.363	0	28.768	11.744
g	194	104	236	11	29	0.363	0	28.768	11.744
g	195	138	236	11	29	0.363	0	28.544	11.744
g	196	172	236	11	29	0.363	0	28.704	11.744
g	197	206	236	11	32	0.363	0	31.52	11.744
g	198	240	236	20	23	0.437	0	22.4	21.312
g	199	274	236	10	29	2.176	-5.92	22.656	13.92
g	200	308	236	10	29	2.816	0	28.768	13.568
g	201	342	236	10	29	2.816	0	28.768	13.568
g	202	376	236	10	29	2.816	0	28.768	13.568
g	203	410	236	10	29	2.816	0	28.704	13.568
g	204	444	236	4	29	0.608	0	28.768	6.592
g	205	478	236	4	29	2.293	0	28.768	6.592
g	206	512	236	6	29	0.432	0	28.768	6.592
g	207	546	236	7	29	-0.192	0	28.704	6.592
g	208	580	236	12	23	2.816	0	22.4	16.32
g	209	614	236	10	29	2.816	0	28.864	15.392
g	210	648	236	10	29	2.176	-0.256	28.736	14.272
g	211	682	236	10	29	2.176	-0.256	28.736	14.272
g	212	2	275	10	29	2.176	-0.256	28.736	14.272
g	213	36	275	10	29	2.176	-0.256	28.512	14.272
g	214	70	275	10	29	2.176	-0.256	28.672	14.272
g	215	104	275	9	9	1.28	5.632	14.336	11.296
g	216	138	275	11	25	2.08	-0.843	23.211	14.624
g	217	172	275	10	30	2.592	-0.256	28.768	15.168
g	218	206	275	10	30	2.592	-0.256	28.768	15.168
g	219	240	275	10	30	2.592	-0.256	28.768	15.168
g	220	274	275	10	29	2.592	-0.256	28.704	15.168
g	221	308	275	10	29	1.408	0	28.768	12.64
g	222	342	275	10	23	2.816	0	22.4	13.728
g	223	376	275	9	23	2.368	0	22.688	13.184
g	224	410	275	9	23	1.6	-0.256	22.4	12.544
g	225	444	275	9	23	1.6	-0.256	22.4	12.544
g	226	478	275	9	23	1.6	-0.256	22.4	12.544
g	227	512	275	9	23	1.6	-0.256	22.176	12.544
g	228	546	275	9	23	1.6	-0.256	22.336	12.544
g	229	580	275	9	26	1.6	-0.256	25.152	12.544
g	230	614	275	17	17	1.6	-0.256	16.288	20.256
g	231	648	275	9	23	1.952	-5.92	16.288	12.288
g	232	682	275	9	23	1.952	-0.256	22.4	12.512
g	233	2	314	9	23	1.952	-0.256	22.4	12.512
g	234	36	314	9	23	1.952	-0.256	22.4	12.512
g	235	70	314	9	23	1.952	-0.256	22.336	12.512
g	236	104	314	4	23	-0.192	0	22.4	4.992
g	237	138	314	4	23	1.525	0	22.4	4.992
g	238	172	314	6	23	-0.368	0	22.4	4.992
g	239	206	314	7	23	-0.96	0	22.336	4.992
g	240	240	314	10	23	1.952	-0.256	22.4	13.504
g	241	274	314	9	23	2.368	0	22.176	13.152
g	242	308	314	9	23	1.952	-0.256	22.4	12.736
g	243	342	314	9	23	1.952	-0.256	22.4	12.736
g	244	376	314	9	23	1.952	-0.256	22.4	12.736
g	245	410	314	9	23	1.952	-0.256	22.176	12.736
g	246	444	314	9	23	1.952	-0.256	22.336	12.736
g	247	478	314	12	12	1.184	4.768	16.608	14.208
g	248	512	314	9	20	1.952	-1.52	17.771	12.832
g	249	546	314	9	23	2.176	-0.224	22.4	13.152
g	250	580	314	9	23	2.176	-0.224	22.4	13.152
g	251	614	314	9	23	2.176	-0.224	22.4	13.152
g	252	648	314	9	23	2.176	-0.224	22.336	13.152
g	253	682	314	10	29	0.704	-6.4	22.4	10.72
g	254	2	353	9	29	2.176	-6.4	22.4	12.896
g	255	36	353	10	29	0.704	-6.4	22.336	10.72
g	256	70	353	11	27	0.363	0	26.496	11.744
g	257	104	353	9	21	1.6	-0.256	20.128	12.544
g	258	138	353	11	28	0.363	0	27.52	11.744
g	259	172	353	9	22	1.6	-0.256	21.152	12.544
g	260	206	353	12	29	0.363	-5.856	22.4	11.744
g	261	240	353	10	23	1.6	-5.856	16.288	12.544
g	262	274	353	10	30	2.176	-0.256	28.768	13.92
g	263	308	353	9	23	1.952	-0.256	22.4	12.288
g	264	342	353	10	30	2.176	-0.256	28.768	13.92
g	265	376	353	9	23	1.952	-0.256	22.4	12.288
g	266	410	353	10	29	2.176	-0.256	28.704	13.92
g	267	444	353	9	23	1.952	-0.256	22.336	12.288
g	268	478	353	10	30	2.176	-0.256	28.768	13.92
g	269	512	353	9	23	1.952	-0.256	22.4	12.288
g	270	546	353	10	29	2.816	0	28.672	14.688
g	271	580	353	15	23	1.952	-0.256	22.4	13.12
g	272	614	353	12	23	2.816	0	22.4	16.32
g	273	648	353	11	23	1.952	-0.256	22.4	13.12
g	274	682	353	10	27	2.816	0	26.496	13.568
g	275	2	392	9	22	1.952	-0.256	21.216	12.512
g	278	36	392	10	29	2.816	0	28.704	13.568
g	279	70	392	9	23	1.952	-0.256	22.336	12.512
g	280	104	392	10	29	2.816	-5.696	22.4	13.568
g	281	138	392	9	22	1.952	-5.696	16.288	12.512
g	282	172	392	10	29	2.816	0	28.768	13.568
g	283	206	392	9	23	1.952	-0.256	22.304	12.512
g	284	240	392	10	30	2.176	-0.256	28.768	14.112
g	285	274	392	9	29	1.952	-6.4	22.4	12.704
g	286	308	392	10	28	2.176	-0.256	27.52	14.112
g	287	342	392	9	28	1.952	-6.4	21.152	12.704
g	288	376	392	10	29	2.176	-0.256	28.704	14.112
g	289	410	392	9	29	1.952	-6.4	22.336	12.704
g	290	444	392	10	30	2.176	-6.656	22.656	14.112
g	291	478	392	9	29	1.952	-6.4	22.4	12.704
g	292	512	392	10	29	2.816	0	28.8	14.944
g	293	546	392	9	28	2.368	0	27.808	13.152
g	294	580	392	13	23	1.28	0	22.4	14.944
g	295	614	392	11	23	0.512	0	22.4	13.152
g	296	648	392	8	29	-0.32	0	28.544	6.592
g	297	682	392	8	23	-1.088	0	22.176	4.992
g	298	2	431	7	27	0.192	0	26.496	6.592
g	299	36	431	7	21	-0.576	0	20.128	4.992
g	301	70	431	7	22	-0.544	0	21.984	4.992
g	302	104	431	4	29	0.672	-5.856	22.4	5.376
g	303	138	431	4	29	1.888	-5.856	22.336	7.168
g	304	172	431	3	29	1.92	0	28.704	6.592
g	305	206	431	1	17	2.016	0	16.032	4.992
g	307	240	431	9	30	1.856	-6.752	22.336	12.672
g	308	274	431	12	30	0.864	-0.256	28.8	13.12
g	309	308	431	7	30	-0.448	-6.752	22.4	5.952
g	310	342	431	11	29	2.816	-6.4	22.4	13.728
g	311	376	431	9	29	2.368	-6.4	22.4	12.128
g	313	410	431	10	29	2.229	0	28.768	12.096
g	314	444	431	4	29	1.653	0	28.768	5.28
g	315	478	431	10	29	2.816	-6.4	22.4	12.096
g	316	512	431	4	29	-0.075	-6.4	22.4	5.28
g	317	546	431	10	23	2.816	0	22.4	12.128
g	318	580	431	6	23	2.176	0	22.4	9.184
g	320	614	431	3	29	2.176	0	28.672	7.04
g	321	648	431	13	23	-0.416	0	22.4	12.256
g	322	682	431	7	23	0.768	0	22.4	7.552
g	323	2	470	10	30	2.816	0	29.088	15.392
g	324	36	470	9	23	2.368	0	22.4	13.152
g	325	70	470	10	29	2.816	-6.4	22.4	15.392
g	326	104	470	9	23	2.368	-6.4	16.256	13.152
g	327	138	470	10	30	2.816	0	29.088	15.392
g	328	172	470	9	23	2.368	0	22.4	13.152
g	330	206	470	10	27	2.816	-4.384	22.4	15.392
g	331	240	470	9	22	2.368	-4.896	16.256	13.152
g	332	274	470	10	27	2.176	-0.256	26.464	14.272
g	333	308	470	9	21	1.952	-0.256	20.128	12.736
g	335	342	470	9	23	1.952	-0.256	21.984	12.736
g	336	376	470	10	29	2.176	-0.256	28.736	14.272
g	337	410	470	9	23	1.952	-0.256	22.4	12.736
g	338	444	470	19	23	2.176	-0.256	22.656	21.888
g	339	478	470	17	17	1.952	-0.256	16.288	20.448
g	340	512	470	10	29	2.816	0	28.768	13.664
g	341	546	470	6	23	2.368	0	22.4	8.768
g	342	580	470	10	29	2.816	-6.4	22.4	13.664
g	343	614	470	9	23	0.181	-6.4	16.16	8.768
g	344	648	470	10	29	2.816	0	28.768	13.664
g	345	682	470	6	23	2.368	0	22.4	8.768
g	346	2	509	10	30	1.536	-0.256	28.768	12.8
g	347	36	509	9	23	1.664	-0.128	22.4	11.264
g	348	70	509	10	30	1.536	-0.256	28.768	12.8
g	349	104	509	9	23	1.664	-0.128	22.4	11.264
g	350	138	509	10	29	1.536	-5.92	22.656	12.8
g	351	172	509	9	22	1.664	-5.824	16.16	11.264
g	352	206	509	10	30	1.536	-0.256	28.768	12.8
g	353	240	509	9	23	1.664	-0.128	22.4	11.264
g	354	274	509	11	29	1.248	-5.856	22.4	12.672
g	355	308	509	6	26	1.088	-5.28	20.064	8.096
g	356	342	509	11	29	1.248	0	28.672	12.672
g	357	376	509	7	23	1.088	0	22.4	8.096
g	358	410	509	11	23	1.248	0	22.4	12.672
g	359	444	509	6	21	1.088	0	20.064	8.096
g	360	478	509	10	29	2.592	-0.256	28.544	15.168
g	361	512	509	9	23	2.176	-0.224	22.176	13.152
g	362	546	509	10	27	2.592	-0.256	26.496	15.168
g	363	580	509	9	21	2.176	-0.224	20.128	13.152
g	364	614	509	10	29	2.592	-0.256	28.352	15.168
g	365	648	509	9	23	2.176	-0.224	21.984	13.152
g	366	682	509	10	32	2.592	-0.256	31.52	15.168
g	367	2	548	9	26	2.176	-0.224	25.152	13.152
g	368	36	548	10	30	2.592	-0.256	28.768	15.168
g	369	70	548	9	23	2.176	-0.224	22.4	13.152
g	370	104	548	10	29	2.592	-5.696	22.4	15.168
g	371	138	548	10	22	2.176	-5.856	16.032	13.152
g	372	172	548	17	29	1.088	0	28.768	18.688
g	373	206	548	15	23	0.928	0	22.4	16.64
g	374	240	548	10	29	1.408	0	28.768	12.64
g	375	274	548	10	29	0.704	-6.4	22.4	10.72
g	376	308	548	10	29	1.408	0	28.704	12.64
g	377	342	548	10	29	1.312	0	28.768	12.32
g	378	376	548	9	23	1.344	0	22.4	11.296
g	379	410	548	10	29	1.312	0	28.704	12.32
g	380	444	548	9	23	1.344	0	22.336	11.296
g	381	478	548	10	29	1.312	0	28.768	12.32
g	382	512	548	9	23	1.344	0	22.4	11.296
g	399	546	548	13	24	1.952	-0.352	22.656	16.16
g	402	580	548	13	30	1.067	-6.688	22.688	14.656
g	416	614	548	10	26	2.176	-0.256	24.864	14.272
g	417	648	548	10	19	1.952	-0.256	18.496	12.736
g	431	682	548	13	26	2.592	-0.256	24.864	15.168
g	432	2	587	11	19	2.176	-0.224	18.496	13.152
g	461	36	587	11	29	0.363	0	28.672	11.744
g	462	70	587	9	23	1.6	-0.256	22.304	12.544
g	468	104	587	9	23	2.176	-0.224	22.304	13.152
g	485	138	587	11	23	1.952	-6.4	16.288	12.864
g	487	172	587	9	29	1.952	-6.4	22.304	12.704
g	489	206	587	9	29	2.368	0	28.672	12.128
g	495	240	587	11	30	1.984	-6.848	22.304	14.496
g	511	274	587	9	24	1.952	-1.52	22.4	12.736
g	536	308	587	10	30	1.536	-6.656	22.656	12.8
g	537	342	587	9	23	1.664	-6.528	16.16	11.264
g	538	376	587	11	29	1.248	-6.528	22.4	12.672
g	539	410	587	6	27	1.088	-5.984	20.064	8.096
g	543	444	587	9	29	2.368	0	28.672	13.152
g	552	478	587	10	29	2.816	-5.664	22.4	13.568
g	553	512	587	9	22	1.952	-5.664	16.288	12.512
g	567	546	587	4	23	-0.448	-6.752	16.032	5.952
g	601	580	587	9	17	1.728	-0.256	16.288	12.512
g	658	614	587	11	23	1.984	-6.848	16.032	14.496
g	699	648	587	3	7	0.096	16.256	22.4	2.72
g	700	682	587	3	7	0.075	16.256	22.4	2.72
g	710	2	626	6	4	1.04	18.592	22.4	6.08
g	711	36	626	6	4	1.056	18.592	22.4	7.808
g	713	70	626	7	1	0	21.568	22.4	6.176
g	728	104	626	7	4	0.896	18.016	21.152	7.872
g	729	138	626	3	3	0.864	19.616	22.336	4.448
g	730	172	626	7	7	0.864	18.816	25.152	7.872
g	731	206	626	4	6	-0.032	-5.856	0	3.296
g	732	240	626	8	3	0.928	19.872	22.176	9.664
g	733	274	626	7	5	1.013	18.464	22.656	8.416
g	768	308	626	4	5	-3.168	18.208	22.4	0
g	769	342	626	4	5	-3.179	18.208	22.4	0
g	770	376	626	6	4	-6.768	18.592	22.4	0
g	771	410	626	8	3	-7.872	19.872	22.176	0
g	772	444	626	7	1	-6.176	20.384	21.216	0
g	774	478	626	7	4	-6.976	18.816	21.984	0
g	775	512	626	3	3	-2.816	19.616	22.336	0
g	776	546	626	7	3	-6.912	19.616	22.336	0
g	777	580	626	6	6	-12.683	17.344	23.008	0
g	778	614	626	7	7	-6.112	18.816	25.152	0
g	779	648	626	7	5	-7.371	18.208	22.4	0
g	780	682	626	6	4	-6.752	18.592	22.4	0
g	786	2	665	3	5	-4.011	18.208	22.4	0
g	787	36	665	4	5	-3.179	18.208	22.4	0
g	795	70	665	4	4	-3.936	15.296	18.496	0
g	803	104	665	3	3	-2.72	-5.216	-2.624	0
g	806	138	665	4	5	-4.043	-6.4	-2.208	0
g	807	172	665	4	6	-3.264	-5.856	0	0
g	808	206	665	4	6	-3.296	-5.856	0	0
g	821	240	665	9	1	-8.192	18.4	19.2	0
g	822	274	665	13	1	-12.384	16.608	17.44	0
g	823	308	665	11	8	-8.704	4.64	12.288	0
g	824	342	665	11	25	-10.667	-0.992	23.68	0
g	916	376	665	15	23	0.32	0	22.4	15.2
g	937	410	665	11	23	2.176	0	22.656	15.136
g	956	444	665	9	23	2.368	-6.4	16.032	13.344
g	960	478	665	14	17	1.184	0	16.032	15.68
g	7808	512	665	17	29	1.088	0	28.768	18.688
g	7809	546	665	15	23	0.928	0	22.4	16.64
g	7810	580	665	17	29	1.088	0	28.768	18.688
g	7811	614	665	15	23	0.928	0	22.4	16.64
g	7812	648	665	17	29	1.088	0	28.704	18.688
g	7813	682	665	15	23	0.928	0	22.336	16.64
g	7840	2	704	11	28	0.363	-5.216	22.4	11.744
g	7841	36	704	9	22	1.6	-5.216	16.288	12.544
g	7842	70	704	11	30	0.363	0	29.376	11.744
g	7843	104	704	9	24	1.6	-0.256	23.008	12.544
g	7844	138	704	12	32	0.363	0	31.168	11.744
g	7845	172	704	11	26	1.6	-0.256	24.8	12.544
g	7846	206	704	11	33	0.363	0	32.64	11.744
g	7847	240	704	10	27	1.6	-0.256	26.272	12.544
g	7848	274	704	12	34	0.363	0	33.312	11.744
g	7849	308	704	11	28	1.6	-0.256	26.944	12.544
g	7850	342	704	11	32	0.363	0	31.968	11.744
g	7851	376	704	9	26	1.6	-0.256	25.6	12.544
g	7852	410	704	11	34	0.363	-5.216	28.768	11.744
g	7853	444	704	9	28	1.6	-5.216	22.4	12.544
g	7854	478	704	11	34	0.363	0	33.824	11.744
g	7855	512	704	9	28	1.6	-0.256	27.456	12.544
g	7856	546	704	11	34	0.363	0	33.824	11.744
g	7857	580	704	9	28	1.6	-0.256	27.456	12.544
g	7858	614	704	11	35	0.363	0	34.4	11.744
g	7859	648	704	9	29	1.6	-0.256	28.032	12.544
g	7860	682	704	11	32	0.363	0	31.936	11.744
g	7861	2	743	9	26	1.6	-0.256	25.568	12.544
g	7862	36	743	11	34	0.363	-5.216	28.352	11.744
g	7863	70	743	9	28	1.6	-5.216	21.984	12.544
g	7864	104	743	10	28	2.816	-5.216	22.4	13.568
g	7865	138	743	9	22	1.952	-5.216	16.288	12.512
g	7866	172	743	10	30	2.816	0	29.376	13.568
g	7867	206	743	9	24	1.952	-0.256	23.008	12.512
g	7868	240	743	10	29	2.816	0	28.544	13.568
g	7869	274	743	9	23	1.952	-0.256	22.176	12.512
g	7870	308	743	11	32	2.816	0	31.168	13.568
g	7871	342	743	11	26	1.952	-0.256	24.8	12.512
g	7872	376	743	10	33	2.816	0	32.64	13.568
g	7873	410	743	9	27	1.952	-0.256	26.272	12.512
g	7874	444	743	11	34	2.816	0	33.312	13.568
g	7875	478	743	11	28	1.952	-0.256	26.944	12.512
g	7876	512	743	10	32	2.816	0	31.968	13.568
g	7877	546	743	9	26	1.952	-0.256	25.6	12.512
g	7878	580	743	10	34	2.816	-5.216	28.768	13.568
g	7879	614	743	9	28	1.952	-5.216	22.4	12.512
g	7880	648	743	6	30	0.789	0	29.376	6.592
g	7881	682	743	6	24	0.021	0	23.008	4.992
g	7882	2	782	3	28	2.016	-5.216	22.4	6.592
g	7883	36	782	3	28	1.856	-5.216	22.336	6.432
g	7884	70	782	10	28	2.176	-5.216	22.656	14.272
g	7885	104	782	9	22	1.952	-5.216	16.288	12.736
g	7886	138	782	10	30	2.176	-0.256	29.344	14.272
g	7887	172	782	9	24	1.952	-0.256	23.008	12.736
g	7888	206	782	11	32	2.176	-0.256	31.136	14.272
g	7889	240	782	11	26	1.952	-0.256	24.8	12.736
g	7890	274	782	10	33	2.176	-0.256	32.608	14.272
g	7891	308	782	9	27	1.952	-0.256	26.272	12.736
g	7892	342	782	11	34	2.176	-0.256	33.28	14.272
g	7893	376	782	11	28	1.952	-0.256	26.944	12.736
g	7894	410	782	10	33	2.176	-0.256	31.936	14.272
g	7895	444	782	9	26	1.952	-0.256	25.6	12.736
g	7896	478	782	10	34	2.176	-5.216	28.736	14.272
g	7897	512	782	9	28	1.952	-5.216	22.4	12.736
g	7898	546	782	10	29	2.176	-0.256	28.736	14.272
g	7899	580	782	10	23	1.952	-0.256	22.4	12.736
g	7900	614	782	10	29	2.176	-0.256	28.736	14.272
g	7901	648	782	10	23	1.952	-0.256	22.4	12.736
g	7902	682	782	10	30	2.176	-0.256	29.344	14.272
g	7903	2	821	10	24	1.952	-0.256	23.008	12.736
g	7904	36	821	10	29	2.176	-0.256	28.512	14.272
g	7905	70	821	10	23	1.952	-0.256	22.208	12.736
g	7906	104	821	10	31	2.176	-5.216	24.864	14.272
g	7907	138	821	10	24	1.952	-5.216	18.496	12.736
g	7908	172	821	10	28	2.592	-5.216	22.4	15.168
g	7909	206	821	9	22	2.176	-5.216	16.032	13.152
g	7910	240	821	10	30	2.592	-0.256	29.376	15.168
g	7911	274	821	9	24	2.176	-0.224	23.008	13.152
g	7912	308	821	13	30	2.592	-0.256	28.768	15.168
g	7913	342	821	11	23	2.176	-0.224	22.4	13.152
g	7914	376	821	13	30	2.592	-0.256	28.768	15.168
g	7915	410	821	11	23	2.176	-0.224	22.4	13.152
g	7916	444	821	13	30	2.592	-0.256	29.376	15.168
g	7917	478	821	11	24	2.176	-0.224	23.008	13.152
g	7918	512	821	13	29	2.592	-0.256	28.544	15.168
g	7919	546	821	11	23	2.176	-0.224	22.176	13.152
g	7920	580	821	13	31	2.592	-5.216	24.864	15.168
g	7921	614	821	11	24	2.176	-5.216	18.496	13.152
g	7922	648	821	10	29	1.408	0	28.768	12.64
g	7923	682	821	10	29	0.704	-6.4	22.4	10.72
g	7924	2	860	10	28	1.408	-5.216	22.4	12.64
g	7925	36	860	10	23	0.704	-6.4	16.032	10.72
g	7926	70	860	10	30	1.408	0	29.376	12.64
g	7927	104	860	10	30	0.704	-6.4	23.008	10.72
g	7928	138	860	10	29	1.408	0	28.544	12.64
g	7929	172	860	10	29	0.704	-6.4	22.176	10.72
g	8208	206	860	8	1	1.184	9.792	10.688	9.696
g	8211	240	860	10	1	1.184	8.576	9.472	11.744
g	8212	274	860	17	1	1.184	8.576	9.472	18.944
g	8216	308	860	3	7	0.064	16.256	22.4	2.72
g	8217	342	860	3	7	0.075	16.256	22.4	2.72
g	8218	376	860	3	8	1.355	-2.176	4.896	19.2
g	8220	410	860	6	7	0.064	16.256	22.4	6.112
g	8221	444	860	6	7	0.064	16.256	22.4	6.112
g	8222	478	860	6	7	0.064	-2.08	4.064	5.536
g	8224	512	860	8	29	1.184	-6.4	22.4	10.208
g	8225	546	860	8	29	1.184	-6.4	22.4	10.208
g	8226	580	860	7	7	1.184	4.928	11.776	9.216
g	8230	614	860	16	3	1.344	0.16	2.88	18.432
g	8240	648	860	30	23	1.152	-0.256	22.656	32.064
g	8242	682	860	3	7	0.075	15.936	22.4	3.296
g	8243	2	899	6	7	0.939	15.936	22.4	7.84
g	8249	36	899	5	12	2.272	3.424	14.56	10.208
g	8250	70	899	5	12	2.997	3.424	14.56	10.848
g	8260	104	899	16	23	-3.728	0	22.4	7.328
g	8308	138	899	7	14	0.48	14.624	28.064	7.168
g	8309	172	899	6	14	0.736	14.368	27.968	7.2
g	8310	206	899	6	14	1.184	14.368	28.128	7.68
g	8311	240	899	6	14	0.384	14.624	28.064	6.592
g	8312	274	899	6	14	1.152	14.368	28.128	8
g	8313	308	899	6	14	0.8	14.368	28.128	7.68
g	8355	342	899	12	23	2.816	0	22.4	15.104
g	8364	376	899	12	23	2.176	-0.256	22.656	15.296
g	8378	410	899	14	23	2.24	0	22.4	17.6
g	8381	444	899	12	23	2.816	0	22.464	16
g	8467	478	899	9	23	2.261	-0.256	22.688	13.312
g	8482	512	899	14	12	0.608	11.168	22.4	15.968
g	8486	546	899	11	23	2.176	0	22.656	15.136
g	8494	580	899	24	23	2.176	-0.256	22.656	27.552
g	8539	614	899	20	23	0.768	-0.256	22.4	21.632
g	8540	648	899	22	23	0.704	-0.256	22.4	23.712
g	8541	682	899	21	23	0.736	-0.256	22.4	21.92
g	8542	2	938	20	23	0.384	-0.256	22.4	20.736
g	8706	36	938	13	23	1.952	-0.256	22.656	17.28
g	8710	70	938	15	23	0.32	0	22.4	15.2
g	8719	104	938	10	32	2.816	-6.4	25.6	14.976
g	8721	138	938	13	29	2.816	-6.368	22.528	16.48
g	8722	172	938	12	1	1.184	9.856	10.688	14.208
g	8725	206	938	11	23	0.981	0	22.4	13.568
g	8729	240	938	7	7	1.184	6.784	13.6	9.216
g	8730	274	938	16	32	0.928	-6.4	25.216	19.296
g	8734	308	938	18	10	1.184	5.632	14.816	20.064
g	8747	342	938	8	30	1.056	-6.688	22.688	9.984
g	8776	376	938	12	10	1.227	5.536	15.104	14.208
g	8800	410	938	12	15	1.184	3.712	17.984	14.208
g	8804	444	938	12	15	1.184	1.216	16.064	14.208
g	8805	478	938	12	15	1.184	1.216	16.075	14.208
g	9674	512	938	10	26	1.184	-1.312	23.712	12.16
g	10217	546	938	6	24	2.88	-2.976	20.96	10.816
g	64257	580	938	12	23	1.056	0	22.688	14.912
g	64258	614	938	11	23	1.056	0	22.688	13.76
