atlas	1024	2048	18	18	3.6	21.6
g	13	11	22	0	0	0	0	0	5	0
g	32	42	22	0	0	0	0	0	5	0
g	33	74	9	3	13	1	0	13	5	0
g	34	104	9	4	5	0	8	13	4	0
g	35	135	9	10	13	0	0	13	11	0
g	36	166	7	7	17	0	-2	15	7	0
g	37	198	9	12	14	1	-1	13	14	0
g	38	228	9	9	14	0	-1	13	10	0
g	39	259	9	2	5	0	8	13	2	0
g	40	289	8	4	16	-1	-2	14	4	0
g	41	322	8	4	16	1	-2	14	4	0
g	42	352	8	7	7	0	7	14	6	0
g	43	383	12	8	8	0	2	10	8	0
g	44	414	19	3	5	0	-2	3	3	0
g	45	445	15	6	2	0	5	7	6	0
g	46	476	19	3	3	0	0	3	3	0
g	47	507	9	5	13	0	0	13	6	0
g	48	538	9	8	14	0	-1	13	8	0
g	49	569	9	4	13	0	0	13	5	0
g	50	600	9	7	13	0	0	13	7	0
g	51	631	9	7	14	0	-1	13	7	0
g	52	662	9	8	13	0	0	13	7	0
g	53	693	9	7	14	0	-1	13	7	0
g	54	724	9	7	14	0	-1	13	7	0
g	55	755	9	7	13	0	0	13	7	0
g	56	786	9	7	14	0	-1	13	8	0
g	57	817	9	7	14	0	-1	13	7	0
g	58	848	13	3	9	0	0	9	4	0
g	59	879	13	3	11	0	-2	9	3	0
g	60	910	13	8	8	0	1	9	8	0
g	61	11	42	8	6	0	3	9	8	0
g	62	42	42	8	8	0	1	9	8	0
g	63	73	38	7	13	0	0	13	7	0
g	64	104	39	13	14	0	-2	12	14	0
g	65	135	38	8	13	0	0	13	7	0
g	66	167	38	7	13	1	0	13	8	0
g	67	197	38	8	14	0	-1	13	8	0
g	68	229	38	7	13	1	0	13	8	0
g	69	260	38	7	13	1	0	13	8	0
g	70	291	38	6	13	1	0	13	7	0
g	71	322	38	7	14	1	-1	13	8	0
g	72	353	38	7	13	1	0	13	8	0
g	73	384	38	2	13	1	0	13	4	0
g	74	414	38	7	14	0	-1	13	8	0
g	75	446	38	7	13	1	0	13	8	0
g	76	477	38	6	13	1	0	13	7	0
g	77	508	38	8	13	1	0	13	9	0
g	78	539	38	7	13	1	0	13	9	0
g	79	569	38	8	14	0	-1	13	8	0
g	80	601	38	7	13	1	0	13	8	0
g	81	631	38	7	16	0	-3	13	8	0
g	82	663	38	7	13	1	0	13	8	0
g	83	693	38	7	14	0	-1	13	7	0
g	84	724	38	8	13	0	0	13	8	0
g	85	756	38	7	14	1	-1	13	9	0
g	86	786	38	8	13	0	0	13	8	0
g	87	817	38	11	13	0	0	13	11	0
g	88	848	38	8	13	0	0	13	8	0
g	89	879	38	7	13	0	0	13	8	0
g	90	910	38	7	13	0	0	13	7	0
g	91	11	66	4	17	0	-3	14	5	0
g	92	43	67	5	13	1	0	13	6	0
g	93	74	66	4	17	1	-3	14	5	0
g	94	104	67	7	8	0	5	13	7	0
g	95	135	78	7	2	0	0	2	7	0
g	96	166	67	3	3	0	10	13	3	0
g	97	197	70	7	11	0	-1	10	7	0
g	98	229	67	6	14	1	-1	13	8	0
g	99	259	70	7	11	0	-1	10	7	0
g	100	290	67	7	14	0	-1	13	8	0
g	101	321	70	7	11	0	-1	10	7	0
g	102	352	67	5	13	0	0	13	5	0
g	103	383	70	7	14	0	-4	10	7	0
g	104	415	67	6	13	1	0	13	8	0
g	105	445	67	3	13	0	0	13	4	0
g	106	475	67	4	17	-1	-4	13	4	0
g	107	508	67	6	13	1	0	13	7	0
g	108	538	67	3	13	0	0	13	3	0
g	109	570	70	10	10	1	0	10	12	0
g	110	601	70	6	10	1	0	10	8	0
g	111	631	70	7	11	0	-1	10	7	0
g	112	663	70	6	14	1	-4	10	8	0
g	113	693	70	7	14	0	-4	10	8	0
g	114	725	70	5	10	1	0	10	5	0
g	115	755	70	7	11	0	-1	10	7	0
g	116	786	68	5	12	0	0	12	5	0
g	117	818	70	6	11	1	-1	10	8	0
g	118	848	70	7	10	0	0	10	7	0
g	119	879	70	10	10	0	0	10	10	0
g	120	910	70	7	10	0	0	10	7	0
g	121	11	99	7	14	0	-4	10	7	0
g	122	42	99	6	10	0	0	10	6	0
g	123	73	95	5	17	0	-3	14	5	0
g	124	104	95	2	16	0	-2	14	3	0
g	125	135	95	5	17	0	-3	14	5	0
g	126	166	102	8	3	0	4	7	8	0
g	160	197	109	0	0	0	0	0	4	0
g	161	229	96	3	13	1	0	13	5	0
g	162	259	96	7	13	0	0	13	7	0
g	163	291	96	8	13	1	0	13	9	0
g	164	321	99	9	9	0	1	10	9	0
g	165	353	96	7	13	1	0	13	9	0
g	166	383	95	2	16	0	-2	14	3	0
g	167	414	96	7	17	0	-4	13	7	0
g	168	445	96	6	3	0	10	13	6	0
g	169	476	96	15	14	0	-1	13	15	0
g	170	507	96	5	9	0	4	13	5	0
g	171	539	100	7	8	1	1	9	8	0
g	172	569	102	8	4	0	3	7	8	0
g	174	600	96	8	8	0	5	13	8	0
g	175	633	97	5	2	2	10	12	9	0
g	176	662	94	7	7	0	8	15	6	0
g	177	693	99	8	10	0	0	10	8	0
g	178	724	93	5	9	0	7	16	4	0
g	179	755	93	5	9	0	7	16	5	0
g	180	786	96	3	3	0	10	13	3	0
g	181	818	99	6	14	1	-4	10	8	0
g	182	848	96	8	17	0	-4	13	8	0
g	183	879	102	3	4	0	3	7	4	0
g	184	910	109	3	4	0	-4	0	2	0
g	185	11	122	3	9	0	7	16	3	0
g	186	42	125	5	9	0	4	13	5	0
g	187	74	129	7	8	1	1	9	8	0
g	188	104	125	12	13	0	0	13	12	0
g	189	135	125	12	13	0	0	13	12	0
g	190	166	125	13	13	0	0	13	13	0
g	191	197	129	7	13	0	-4	9	7	0
g	192	228	121	8	17	0	0	17	7	0
g	193	259	121	8	17	0	0	17	7	0
g	194	290	121	8	17	0	0	17	7	0
g	195	321	121	8	17	0	0	17	7	0
g	196	352	121	8	17	0	0	17	7	0
g	197	383	120	8	18	0	0	18	7	0
g	198	414	125	12	13	0	0	13	13	0
g	199	445	125	8	17	0	-4	13	8	0
g	200	477	121	7	17	1	0	17	8	0
g	201	508	121	7	17	1	0	17	8	0
g	202	539	121	7	17	1	0	17	8	0
g	203	570	121	7	17	1	0	17	8	0
g	204	600	121	3	17	0	0	17	4	0
g	205	632	121	3	17	1	0	17	4	0
g	206	661	121	5	17	-1	0	17	4	0
g	207	692	121	6	17	-1	0	17	4	0
g	208	725	125	8	13	1	0	13	9	0
g	209	756	121	7	17	1	0	17	9	0
g	210	786	121	8	18	0	-1	17	8	0
g	211	817	121	8	18	0	-1	17	8	0
g	212	848	121	8	18	0	-1	17	8	0
g	213	879	121	8	18	0	-1	17	8	0
g	214	910	121	8	18	0	-1	17	8	0
g	215	11	158	7	7	0	2	9	7	0
g	216	42	153	8	15	0	-1	14	9	0
g	217	74	150	7	18	1	-1	17	9	0
g	218	105	150	7	18	1	-1	17	9	0
g	219	136	150	7	18	1	-1	17	9	0
g	220	167	150	7	18	1	-1	17	9	0
g	221	197	150	7	17	0	0	17	8	0
g	222	229	154	7	13	1	0	13	8	0
g	223	260	154	6	13	1	0	13	8	0
g	224	290	154	7	14	0	-1	13	7	0
g	225	321	154	7	14	0	-1	13	7	0
g	226	352	154	7	14	0	-1	13	7	0
g	227	383	154	7	14	0	-1	13	7	0
g	228	414	154	7	14	0	-1	13	7	0
g	229	445	152	7	16	0	-1	15	7	0
g	230	476	157	11	11	0	-1	10	12	0
g	231	507	157	7	14	0	-4	10	7	0
g	232	538	154	7	14	0	-1	13	7	0
g	233	569	154	7	14	0	-1	13	7	0
g	234	600	154	7	14	0	-1	13	7	0
g	235	631	154	7	14	0	-1	13	7	0
g	236	661	154	4	13	-1	0	13	3	0
g	237	693	154	3	13	0	0	13	3	0
g	238	723	154	5	13	-1	0	13	3	0
g	239	754	154	5	13	-1	0	13	3	0
g	240	786	154	7	14	0	-1	13	8	0
g	241	818	154	6	13	1	0	13	8	0
g	242	848	154	7	14	0	-1	13	7	0
g	243	879	154	7	14	0	-1	13	7	0
g	244	910	154	7	14	0	-1	13	7	0
g	245	11	183	7	14	0	-1	13	7	0
g	246	42	183	7	14	0	-1	13	7	0
g	247	73	186	8	8	0	2	10	8	0
g	248	104	185	7	12	0	-1	11	8	0
g	249	136	183	6	14	1	-1	13	8	0
g	250	167	183	6	14	1	-1	13	8	0
g	251	198	183	6	14	1	-1	13	8	0
g	252	229	183	6	14	1	-1	13	8	0
g	253	259	183	7	17	0	-4	13	7	0
g	254	290	183	7	17	0	-4	13	8	0
g	255	321	183	7	17	0	-4	13	7	0
g	256	352	180	8	16	0	0	16	7	0
g	257	383	184	7	13	0	-1	12	7	0
g	258	414	180	8	16	0	0	16	7	0
g	259	445	184	7	13	0	-1	12	7	0
g	260	476	183	8	17	0	-4	13	7	0
g	261	507	186	7	14	0	-4	10	7	0
g	262	538	179	8	18	0	-1	17	8	0
g	263	569	183	7	14	0	-1	13	7	0
g	264	600	179	8	18	0	-1	17	8	0
g	265	631	183	7	14	0	-1	13	7	0
g	266	662	179	8	18	0	-1	17	8	0
g	267	693	183	7	14	0	-1	13	7	0
g	268	724	179	8	18	0	-1	17	8	0
g	269	755	183	7	14	0	-1	13	7	0
g	270	787	179	7	17	1	0	17	8	0
g	271	817	183	10	14	0	-1	13	8	0
g	272	849	183	8	13	1	0	13	9	0
g	273	879	183	8	14	0	-1	13	8	0
g	274	911	180	7	16	1	0	16	8	0
g	275	11	212	7	14	0	-1	13	7	0
g	278	43	208	7	17	1	0	17	8	0
g	279	73	212	7	14	0	-1	13	7	0
g	280	105	212	7	17	1	-4	13	8	0
g	281	135	215	7	14	0	-4	10	7	0
g	282	167	208	7	17	1	0	17	8	0
g	283	197	212	7	14	0	-1	13	7	0
g	284	229	208	7	18	1	-1	17	8	0
g	285	259	212	7	17	0	-4	13	7	0
g	286	291	209	7	17	1	-1	16	8	0
g	287	321	213	7	16	0	-4	12	7	0
g	288	353	208	7	18	1	-1	17	8	0
g	289	383	212	7	17	0	-4	13	7	0
g	290	415	212	7	17	1	-4	13	8	0
g	291	445	212	7	17	0	-4	13	7	0
g	292	477	208	7	17	1	0	17	8	0
g	293	508	209	6	16	1	0	16	8	0
g	294	538	212	9	13	0	0	13	8	0
g	295	569	212	7	13	0	0	13	8	0
g	296	599	208	6	17	-1	0	17	4	0
g	297	630	212	6	13	-1	0	13	3	0
g	298	662	209	4	16	0	0	16	4	0
g	299	692	213	5	12	-1	0	12	3	0
g	301	723	212	5	13	-1	0	13	3	0
g	302	755	212	3	17	0	-4	13	3	0
g	303	786	212	4	17	0	-4	13	4	0
g	304	817	208	3	17	0	0	17	4	0
g	305	848	215	3	10	0	0	10	3	0
g	307	879	212	7	17	0	-4	13	7	0
g	308	910	208	8	18	0	-1	17	8	0
g	309	10	241	5	17	-1	-4	13	4	0
g	310	43	241	7	17	1	-4	13	8	0
g	311	74	241	6	17	1	-4	13	7	0
g	313	105	237	6	17	1	0	17	7	0
g	314	135	237	4	17	0	0	17	3	0
g	315	167	241	6	17	1	-4	13	7	0
g	316	196	241	4	17	-1	-4	13	3	0
g	317	229	241	6	13	1	0	13	7	0
g	318	259	241	6	13	0	0	13	6	0
g	320	291	237	3	17	1	0	17	4	0
g	321	320	241	9	13	-1	0	13	8	0
g	322	352	241	5	13	0	0	13	5	0
g	323	384	237	7	17	1	0	17	9	0
g	324	415	241	6	13	1	0	13	8	0
g	325	446	241	7	17	1	-4	13	9	0
g	326	477	244	6	14	1	-4	10	8	0
g	327	508	237	7	17	1	0	17	9	0
g	328	539	241	6	13	1	0	13	8	0
g	330	570	241	7	16	1	-3	13	9	0
g	331	601	244	6	13	1	-3	10	8	0
g	332	631	238	8	17	0	-1	16	8	0
g	333	662	242	7	13	0	-1	12	7	0
g	335	693	241	7	14	0	-1	13	7	0
g	336	724	237	8	18	0	-1	17	8	0
g	337	755	241	7	14	0	-1	13	7	0
g	338	786	241	12	14	0	-1	13	12	0
g	339	817	244	12	11	0	-1	10	12	0
g	340	849	237	7	17	1	0	17	8	0
g	341	880	241	5	13	1	0	13	5	0
g	342	911	241	7	17	1	-4	13	8	0
g	343	10	273	7	14	-1	-4	10	5	0
g	344	43	266	7	17	1	0	17	8	0
g	345	74	270	5	13	1	0	13	5	0
g	346	104	266	7	18	0	-1	17	7	0
g	347	135	270	7	14	0	-1	13	7	0
g	348	166	266	7	18	0	-1	17	7	0
g	349	197	270	7	14	0	-1	13	7	0
g	350	228	270	7	17	0	-4	13	7	0
g	351	259	273	7	14	0	-4	10	7	0
g	352	290	266	7	18	0	-1	17	7	0
g	353	321	270	7	14	0	-1	13	7	0
g	354	352	270	8	17	0	-4	13	8	0
g	355	383	271	5	15	0	-3	12	5	0
g	356	414	266	8	17	0	0	17	8	0
g	357	445	270	6	13	0	0	13	5	0
g	358	476	270	8	13	0	0	13	8	0
g	359	507	271	5	12	0	0	12	5	0
g	360	539	266	7	18	1	-1	17	9	0
g	361	570	270	6	14	1	-1	13	8	0
g	362	601	267	7	17	1	-1	16	9	0
g	363	632	271	6	13	1	-1	12	8	0
g	364	663	267	7	17	1	-1	16	9	0
g	365	694	270	6	14	1	-1	13	8	0
g	366	725	265	7	19	1	-1	18	9	0
g	367	756	268	6	16	1	-1	15	8	0
g	368	787	266	7	18	1	-1	17	9	0
g	369	818	270	6	14	1	-1	13	8	0
g	370	849	270	7	17	1	-4	13	9	0
g	371	880	273	6	14	1	-4	10	8	0
g	372	910	266	11	17	0	0	17	11	0
g	373	11	299	10	13	0	0	13	10	0
g	374	42	295	7	17	0	0	17	8	0
g	375	73	299	7	17	0	-4	13	7	0
g	376	104	295	7	17	0	0	17	8	0
g	377	135	295	7	17	0	0	17	7	0
g	378	166	299	6	13	0	0	13	6	0
g	379	197	295	7	17	0	0	17	7	0
g	380	228	299	6	13	0	0	13	6	0
g	381	259	295	7	17	0	0	17	7	0
g	382	290	299	6	13	0	0	13	6	0
g	399	321	299	9	14	0	-1	13	9	0
g	402	352	299	8	17	0	-4	13	8	0
g	416	383	297	8	16	0	-1	15	8	0
g	417	414	301	7	12	0	-1	11	7	0
g	431	446	297	8	16	1	-1	15	9	0
g	432	477	301	7	12	1	-1	11	8	0
g	461	507	295	8	17	0	0	17	7	0
g	462	538	299	7	14	0	-1	13	7	0
g	468	570	299	6	14	1	-1	13	8	0
g	485	600	302	8	14	0	-4	10	8	0
g	487	631	299	7	17	0	-4	13	7	0
g	489	663	295	6	17	1	0	17	7	0
g	495	693	299	8	17	0	-4	13	8	0
g	511	724	299	7	14	0	-1	13	7	0
g	536	755	299	7	17	0	-4	13	7	0
g	537	786	302	7	14	0	-4	10	7	0
g	538	817	299	8	17	0	-4	13	8	0
g	539	848	300	5	16	0	-4	12	5	0
g	543	880	295	6	17	1	0	17	8	0
g	552	911	299	7	17	1	-4	13	8	0
g	553	11	331	7	14	0	-4	10	7	0
g	567	41	331	4	14	-1	-4	10	4	0
g	601	73	331	7	11	0	-1	10	7	0
g	658	104	331	8	14	0	-4	10	8	0
g	699	135	328	3	5	0	8	13	2	0
g	700	166	328	3	5	0	8	13	2	0
g	710	197	328	5	3	0	10	13	4	0
g	711	228	328	5	3	0	10	13	5	0
g	713	259	328	4	2	0	11	13	4	0
g	728	290	329	5	2	0	10	12	5	0
g	729	321	328	3	3	0	10	13	3	0
g	730	352	326	5	5	0	10	15	5	0
g	731	383	341	3	4	0	-4	0	2	0
g	732	414	328	6	3	0	10	13	6	0
g	733	445	328	5	3	0	10	13	5	0
g	768	473	328	3	3	-3	10	13	0	0
g	769	504	328	3	3	-3	10	13	0	0
g	770	533	328	5	3	-5	10	13	0	0
g	771	564	328	5	3	-5	10	13	0	0
g	772	596	328	4	2	-4	11	13	0	0
g	774	626	328	5	3	-5	10	13	0	0
g	775	659	328	3	3	-3	10	13	0	0
g	776	688	328	5	3	-5	10	13	0	0
g	777	716	327	4	5	-8	9	14	0	0
g	778	751	326	5	5	-4	10	15	0	0
g	779	781	328	5	3	-5	10	13	0	0
g	780	812	328	5	3	-5	10	13	0	0
g	786	845	328	3	3	-3	10	13	0	0
g	787	876	328	3	3	-3	10	13	0	0
g	795	907	330	3	3	-3	8	11	0	0
g	803	8	371	3	3	-3	-4	-1	0	0
g	806	39	371	3	3	-3	-4	-1	0	0
g	807	70	370	3	4	-3	-4	0	0	0
g	808	101	370	3	4	-3	-4	0	0	0
g	821	130	358	5	2	-5	10	12	0	0
g	822	158	359	8	2	-8	9	11	0	0
g	823	191	362	8	6	-6	2	8	0	0
g	824	221	356	7	15	-7	-1	14	0	0
g	916	259	357	9	13	0	0	13	9	0
g	937	290	357	8	13	0	0	13	9	0
g	956	322	360	6	14	1	-4	10	8	0
g	960	352	360	9	10	0	0	10	9	0
g	7808	383	353	11	17	0	0	17	11	0
g	7809	414	357	10	13	0	0	13	10	0
g	7810	445	353	11	17	0	0	17	11	0
g	7811	476	357	10	13	0	0	13	10	0
g	7812	507	353	11	17	0	0	17	11	0
g	7813	538	357	10	13	0	0	13	10	0
g	7840	569	357	8	17	0	-4	13	7	0
g	7841	600	360	7	14	0	-4	10	7	0
g	7842	631	353	8	17	0	0	17	7	0
g	7843	662	356	7	15	0	-1	14	7	0
g	7844	693	352	8	18	0	0	18	7	0
g	7845	724	355	8	16	0	-1	15	7	0
g	7846	755	351	8	19	0	0	19	7	0
g	7847	786	355	7	16	0	-1	15	7	0
g	7848	817	351	8	19	0	0	19	7	0
g	7849	848	354	8	17	0	-1	16	7	0
g	7850	879	351	8	19	0	0	19	7	0
g	7851	910	355	7	16	0	-1	15	7	0
g	7852	11	382	8	21	0	-4	17	7	0
g	7853	42	386	7	17	0	-4	13	7	0
g	7854	73	380	8	19	0	0	19	7	0
g	7855	104	383	7	17	0	-1	16	7	0
g	7856	135	380	8	19	0	0	19	7	0
g	7857	166	383	7	17	0	-1	16	7	0
g	7858	197	379	8	20	0	0	20	7	0
g	7859	228	383	7	17	0	-1	16	7	0
g	7860	259	380	8	19	0	0	19	7	0
g	7861	290	384	7	16	0	-1	15	7	0
g	7862	321	383	8	20	0	-4	16	7	0
g	7863	352	386	7	17	0	-4	13	7	0
g	7864	384	386	7	17	1	-4	13	8	0
g	7865	414	389	7	14	0	-4	10	7	0
g	7866	446	382	7	17	1	0	17	8	0
g	7867	476	385	7	15	0	-1	14	7	0
g	7868	508	382	7	17	1	0	17	8	0
g	7869	538	386	7	14	0	-1	13	7	0
g	7870	570	381	8	18	1	0	18	8	0
g	7871	600	384	8	16	0	-1	15	7	0
g	7872	632	380	7	19	1	0	19	8	0
g	7873	662	384	7	16	0	-1	15	7	0
g	7874	694	380	7	19	1	0	19	8	0
g	7875	724	383	8	17	0	-1	16	7	0
g	7876	756	380	7	19	1	0	19	8	0
g	7877	786	384	7	16	0	-1	15	7	0
g	7878	818	382	7	21	1	-4	17	8	0
g	7879	848	386	7	17	0	-4	13	7	0
g	7880	879	382	4	17	0	0	17	4	0
g	7881	909	385	5	14	-1	0	14	3	0
g	7882	11	415	3	17	0	-4	13	4	0
g	7883	42	415	3	17	0	-4	13	4	0
g	7884	73	415	8	17	0	-4	13	8	0
g	7885	104	418	7	14	0	-4	10	7	0
g	7886	135	411	8	18	0	-1	17	8	0
g	7887	166	414	7	15	0	-1	14	7	0
g	7888	197	410	9	19	0	-1	18	8	0
g	7889	228	413	8	16	0	-1	15	7	0
g	7890	259	409	8	20	0	-1	19	8	0
g	7891	290	413	7	16	0	-1	15	7	0
g	7892	321	409	8	20	0	-1	19	8	0
g	7893	352	412	8	17	0	-1	16	7	0
g	7894	383	409	8	20	0	-1	19	8	0
g	7895	414	413	7	16	0	-1	15	7	0
g	7896	445	411	8	21	0	-4	17	8	0
g	7897	476	415	7	17	0	-4	13	7	0
g	7898	507	411	8	18	0	-1	17	8	0
g	7899	538	415	7	14	0	-1	13	7	0
g	7900	569	411	8	18	0	-1	17	8	0
g	7901	600	415	7	14	0	-1	13	7	0
g	7902	631	411	8	18	0	-1	17	8	0
g	7903	662	414	7	15	0	-1	14	7	0
g	7904	693	411	8	18	0	-1	17	8	0
g	7905	724	415	7	14	0	-1	13	7	0
g	7906	755	413	8	19	0	-4	15	8	0
g	7907	786	417	7	15	0	-4	11	7	0
g	7908	818	415	7	17	1	-4	13	9	0
g	7909	849	418	6	14	1	-4	10	8	0
g	7910	880	411	7	18	1	-1	17	9	0
g	7911	911	414	6	15	1	-1	14	8	0
g	7912	12	440	8	18	1	-1	17	9	0
g	7913	43	444	7	14	1	-1	13	8	0
g	7914	74	440	8	18	1	-1	17	9	0
g	7915	105	444	7	14	1	-1	13	8	0
g	7916	136	440	8	18	1	-1	17	9	0
g	7917	167	443	7	15	1	-1	14	8	0
g	7918	198	440	8	18	1	-1	17	9	0
g	7919	229	444	7	14	1	-1	13	8	0
g	7920	260	442	8	19	1	-4	15	9	0
g	7921	291	446	7	15	1	-4	11	8	0
g	7922	321	440	7	17	0	0	17	8	0
g	7923	352	444	7	17	0	-4	13	7	0
g	7924	383	444	7	17	0	-4	13	8	0
g	7925	414	447	7	14	0	-4	10	7	0
g	7926	445	440	7	17	0	0	17	8	0
g	7927	476	443	7	18	0	-4	14	7	0
g	7928	507	440	7	17	0	0	17	8	0
g	7929	538	444	7	17	0	-4	13	7	0
g	8208	569	450	6	2	0	5	7	6	0
g	8211	600	451	7	2	0	4	6	7	0
g	8212	631	451	11	2	0	4	6	11	0
g	8216	662	444	3	5	0	8	13	2	0
g	8217	693	444	3	5	0	8	13	2	0
g	8218	724	454	3	5	0	-2	3	11	0
g	8220	755	444	5	5	0	8	13	4	0
g	8221	786	444	5	5	0	8	13	4	0
g	8222	817	454	5	5	0	-2	3	4	0
g	8224	848	444	6	17	0	-4	13	6	0
g	8225	879	444	6	17	0	-4	13	6	0
g	8226	910	450	5	5	0	2	7	5	0
g	8230	11	483	11	3	0	0	3	11	0
g	8240	42	473	18	14	0	-1	13	18	0
g	8242	73	473	3	5	0	8	13	4	0
g	8243	104	473	5	5	0	8	13	5	0
g	8249	136	477	4	8	1	1	9	6	0
g	8250	167	477	4	8	1	1	9	6	0
g	8260	194	473	10	13	-3	0	13	4	0
g	8308	228	470	5	9	0	7	16	4	0
g	8309	259	470	4	9	0	7	16	4	0
g	8310	290	470	5	9	0	7	16	4	0
g	8311	321	470	4	9	0	7	16	4	0
g	8312	352	470	5	9	0	7	16	5	0
g	8313	383	470	4	9	0	7	16	4	0
g	8355	415	473	8	13	1	0	13	9	0
g	8364	445	473	8	14	0	-1	13	9	0
g	8378	477	473	9	14	1	-1	13	10	0
g	8381	508	473	8	13	1	0	13	9	0
g	8467	539	473	6	14	1	-1	13	8	0
g	8482	569	473	9	7	0	6	13	9	0
g	8486	600	473	8	13	0	0	13	9	0
g	8494	631	473	15	14	0	-1	13	15	0
g	8539	662	473	12	14	0	-1	13	12	0
g	8540	693	473	14	14	0	-1	13	14	0
g	8541	724	473	13	14	0	-1	13	13	0
g	8542	755	473	12	14	0	-1	13	12	0
g	8706	786	473	9	14	0	-1	13	10	0
g	8710	817	473	9	13	0	0	13	9	0
g	8719	849	471	7	19	1	-4	15	9	0
g	8721	880	472	8	18	1	-4	14	9	0
g	8722	910	479	8	2	0	5	7	8	0
g	8725	11	502	7	13	0	0	13	8	0
g	8729	42	507	5	5	0	3	8	5	0
g	8730	73	500	11	19	0	-4	15	12	0
g	8734	104	506	11	7	0	2	9	12	0
g	8747	135	502	6	17	0	-4	13	6	0
g	8776	166	506	8	7	0	2	9	8	0
g	8800	197	504	8	10	0	1	11	8	0
g	8804	228	505	8	10	0	0	10	8	0
g	8805	259	505	8	10	0	0	10	8	0
g	9674	290	501	7	15	0	-1	14	7	0
g	10217	322	503	4	14	1	-2	12	6	0
g	64257	352	502	8	13	0	0	13	9	0
g	64258	383	502	8	13	0	0	13	8	0
g	13	414	515	0	0	0	0	0	5	1
g	32	445	515	0	0	0	0	0	5	1
g	33	477	502	3	13	1	0	13	5	1
g	34	507	502	6	5	0	8	13	6	1
g	35	538	502	11	13	0	0	13	11	1
g	36	569	500	8	17	0	-2	15	8	1
g	37	600	502	13	14	0	-1	13	14	1
g	38	631	502	10	14	0	-1	13	10	1
g	39	662	502	3	5	0	8	13	3	1
g	40	693	501	4	16	0	-2	14	5	1
g	41	725	501	5	16	1	-2	14	5	1
g	42	755	501	7	7	0	7	14	6	1
g	43	786	505	8	8	0	2	10	8	1
g	44	817	512	3	5	0	-2	3	4	1
g	45	848	508	6	3	0	4	7	6	1
g	46	879	512	4	4	0	-1	3	4	1
g	47	910	502	7	13	0	0	13	7	1
g	48	11	531	8	14	0	-1	13	8	1
g	49	42	531	5	13	0	0	13	5	1
g	50	73	531	8	13	0	0	13	8	1
g	51	104	531	7	14	0	-1	13	8	1
g	52	135	531	8	13	0	0	13	8	1
g	53	166	531	8	14	0	-1	13	8	1
g	54	197	531	8	14	0	-1	13	8	1
g	55	228	531	7	13	0	0	13	7	1
g	56	259	531	8	14	0	-1	13	8	1
g	57	290	531	7	14	0	-1	13	8	1
g	58	322	535	3	9	1	0	9	5	1
g	59	352	535	4	11	0	-2	9	4	1
g	60	383	534	8	9	0	1	10	8	1
g	61	414	535	8	6	0	3	9	8	1
g	62	445	534	8	9	0	1	10	8	1
g	63	476	531	8	14	0	-1	13	7	1
g	64	507	532	13	14	0	-2	12	14	1
g	65	538	531	8	13	0	0	13	8	1
g	66	569	531	8	13	0	0	13	8	1
g	67	600	531	8	14	0	-1	13	8	1
g	68	631	531	8	13	0	0	13	8	1
g	69	662	531	8	13	0	0	13	8	1
g	70	693	531	8	13	0	0	13	7	1
g	71	724	531	8	14	0	-1	13	8	1
g	72	755	531	8	13	0	0	13	9	1
g	73	786	531	4	13	0	0	13	4	1
g	74	817	531	7	14	0	-1	13	8	1
g	75	848	531	9	13	0	0	13	9	1
g	76	879	531	8	13	0	0	13	7	1
g	77	910	531	9	13	0	0	13	10	1
g	78	11	560	9	13	0	0	13	9	1
g	79	42	560	8	14	0	-1	13	8	1
g	80	73	560	8	13	0	0	13	8	1
g	81	104	560	8	15	0	-2	13	8	1
g	82	135	560	8	13	0	0	13	8	1
g	83	166	560	8	14	0	-1	13	8	1
g	84	197	560	8	13	0	0	13	8	1
g	85	228	560	8	14	0	-1	13	9	1
g	86	259	560	9	13	0	0	13	8	1
g	87	290	560	12	13	0	0	13	12	1
g	88	321	560	8	13	0	0	13	8	1
g	89	352	560	8	13	0	0	13	8	1
g	90	383	560	7	13	0	0	13	7	1
g	91	414	558	5	18	0	-3	15	6	1
g	92	445	560	7	13	0	0	13	7	1
g	93	477	558	5	18	1	-3	15	6	1
g	94	507	560	7	8	0	5	13	7	1
g	95	538	571	7	2	0	0	2	7	1
g	96	569	560	4	3	0	10	13	4	1
g	97	600	563	8	11	0	-1	10	8	1
g	98	631	560	8	14	0	-1	13	8	1
g	99	662	563	8	11	0	-1	10	8	1
g	100	693	560	8	14	0	-1	13	8	1
g	101	724	563	8	11	0	-1	10	8	1
g	102	755	560	5	13	0	0	13	5	1
g	103	786	563	8	14	0	-4	10	8	1
g	104	817	560	8	13	0	0	13	8	1
g	105	848	559	4	14	0	0	14	4	1
g	106	878	559	5	18	-1	-4	14	4	1
g	107	910	560	8	13	0	0	13	8	1
g	108	11	589	3	13	0	0	13	4	1
g	109	42	592	12	10	0	0	10	12	1
g	110	73	592	8	10	0	0	10	8	1
g	111	104	592	8	11	0	-1	10	8	1
g	112	135	592	8	14	0	-4	10	8	1
g	113	166	592	8	14	0	-4	10	8	1
g	114	197	592	6	10	0	0	10	6	1
g	115	228	592	7	11	0	-1	10	7	1
g	116	259	590	5	12	0	0	12	5	1
g	117	290	592	8	11	0	-1	10	8	1
g	118	321	592	8	10	0	0	10	7	1
g	119	352	592	11	10	0	0	10	11	1
g	120	383	592	8	10	0	0	10	8	1
g	121	414	592	8	14	0	-4	10	7	1
g	122	445	592	7	10	0	0	10	7	1
g	123	476	587	6	18	0	-3	15	6	1
g	124	507	588	3	16	0	-2	14	3	1
g	125	538	587	6	18	0	-3	15	6	1
g	126	569	595	9	4	0	3	7	9	1
g	160	600	602	0	0	0	0	0	4	1
g	161	632	589	3	13	1	0	13	5	1
g	162	662	589	8	13	0	0	13	8	1
g	163	693	589	9	13	0	0	13	9	1
g	164	724	592	10	10	0	0	10	10	1
g	165	756	589	8	13	1	0	13	10	1
g	166	786	588	3	16	0	-2	14	3	1
g	167	817	589	8	17	0	-4	13	8	1
g	168	848	588	6	4	0	10	14	6	1
g	169	879	589	14	14	0	-1	13	15	1
g	170	910	589	5	9	0	4	13	5	1
g	171	11	622	8	8	0	1	9	8	1
g	172	42	624	8	4	0	3	7	8	1
g	174	73	618	8	8	0	5	13	8	1
g	175	105	619	5	2	1	10	12	7	1
g	176	135	616	7	7	0	8	15	6	1
g	177	166	620	8	11	0	0	11	8	1
g	178	197	615	5	9	0	7	16	5	1
g	179	228	615	5	9	0	7	16	5	1
g	180	259	618	4	3	0	10	13	4	1
g	181	290	621	8	14	0	-4	10	8	1
g	182	321	618	8	17	0	-4	13	9	1
g	183	352	624	4	4	0	3	7	4	1
g	184	383	631	3	4	0	-4	0	3	1
g	185	414	615	3	9	0	7	16	3	1
g	186	445	618	5	9	0	4	13	5	1
g	187	477	622	7	8	1	1	9	8	1
g	188	507	618	13	13	0	0	13	13	1
g	189	538	618	13	13	0	0	13	12	1
g	190	569	618	14	13	0	0	13	14	1
g	191	600	621	8	14	0	-4	10	7	1
g	192	631	614	8	17	0	0	17	8	1
g	193	662	614	8	17	0	0	17	8	1
g	194	693	614	8	17	0	0	17	8	1
g	195	724	614	8	17	0	0	17	8	1
g	196	755	614	8	17	0	0	17	8	1
g	197	786	613	8	18	0	0	18	8	1
g	198	817	618	13	13	0	0	13	13	1
g	199	848	618	8	17	0	-4	13	8	1
g	200	879	614	8	17	0	0	17	8	1
g	201	910	614	8	17	0	0	17	8	1
g	202	11	643	8	17	0	0	17	8	1
g	203	42	643	8	17	0	0	17	8	1
g	204	72	643	5	17	-1	0	17	4	1
g	205	104	643	4	17	0	0	17	4	1
g	206	134	643	6	17	-1	0	17	4	1
g	207	165	643	6	17	-1	0	17	4	1
g	208	197	647	9	13	0	0	13	9	1
g	209	228	643	9	17	0	0	17	9	1
g	210	259	644	8	17	0	-1	16	8	1
g	211	290	644	8	17	0	-1	16	8	1
g	212	321	644	8	17	0	-1	16	8	1
g	213	352	643	8	18	0	-1	17	8	1
g	214	383	643	8	18	0	-1	17	8	1
g	215	414	651	7	7	0	2	9	7	1
g	216	445	646	8	15	0	-1	14	11	1
g	217	476	643	8	18	0	-1	17	9	1
g	218	507	643	8	18	0	-1	17	9	1
g	219	538	643	8	18	0	-1	17	9	1
g	220	569	643	8	18	0	-1	17	9	1
g	221	600	643	8	17	0	0	17	8	1
g	222	631	647	8	13	0	0	13	8	1
g	223	662	647	8	13	0	0	13	8	1
g	224	693	647	8	14	0	-1	13	8	1
g	225	724	647	8	14	0	-1	13	8	1
g	226	755	647	8	14	0	-1	13	8	1
g	227	786	647	8	14	0	-1	13	8	1
g	228	817	646	8	15	0	-1	14	8	1
g	229	848	645	8	16	0	-1	15	8	1
g	230	879	650	12	11	0	-1	10	12	1
g	231	910	650	8	14	0	-4	10	8	1
g	232	11	676	8	14	0	-1	13	8	1
g	233	42	676	8	14	0	-1	13	8	1
g	234	73	676	8	14	0	-1	13	8	1
g	235	104	675	8	15	0	-1	14	8	1
g	236	134	676	4	13	-1	0	13	3	1
g	237	166	676	4	13	0	0	13	3	1
g	238	196	676	5	13	-1	0	13	3	1
g	239	226	675	7	14	-2	0	14	3	1
g	240	259	676	8	14	0	-1	13	8	1
g	241	290	676	8	13	0	0	13	8	1
g	242	321	676	8	14	0	-1	13	8	1
g	243	352	676	8	14	0	-1	13	8	1
g	244	383	676	8	14	0	-1	13	8	1
g	245	414	676	8	14	0	-1	13	8	1
g	246	445	675	8	15	0	-1	14	8	1
g	247	476	679	8	9	0	1	10	8	1
g	248	507	678	8	12	0	-1	11	8	1
g	249	538	676	8	14	0	-1	13	8	1
g	250	569	676	8	14	0	-1	13	8	1
g	251	600	676	8	14	0	-1	13	8	1
g	252	631	675	8	15	0	-1	14	8	1
g	253	662	676	8	17	0	-4	13	7	1
g	254	693	676	8	17	0	-4	13	8	1
g	255	724	675	8	18	0	-4	14	7	1
g	256	755	673	8	16	0	0	16	8	1
g	257	786	677	8	13	0	-1	12	8	1
g	258	817	673	8	16	0	0	16	8	1
g	259	848	677	8	13	0	-1	12	8	1
g	260	879	676	9	17	0	-4	13	8	1
g	261	910	679	8	14	0	-4	10	8	1
g	262	11	701	8	18	0	-1	17	8	1
g	263	42	705	8	14	0	-1	13	8	1
g	264	73	701	8	18	0	-1	17	8	1
g	265	104	705	8	14	0	-1	13	8	1
g	266	135	701	8	18	0	-1	17	8	1
g	267	166	704	8	15	0	-1	14	8	1
g	268	197	701	8	18	0	-1	17	8	1
g	269	228	705	8	14	0	-1	13	8	1
g	270	259	702	8	16	0	0	16	8	1
g	271	290	705	11	14	0	-1	13	8	1
g	272	321	705	9	13	0	0	13	9	1
g	273	352	705	8	14	0	-1	13	8	1
g	274	383	702	8	16	0	0	16	8	1
g	275	414	705	8	14	0	-1	13	8	1
g	278	445	701	8	17	0	0	17	8	1
g	279	476	704	8	15	0	-1	14	8	1
g	280	507	705	8	17	0	-4	13	8	1
g	281	538	708	8	14	0	-4	10	8	1
g	282	569	701	8	17	0	0	17	8	1
g	283	600	705	8	14	0	-1	13	8	1
g	284	631	701	8	18	0	-1	17	8	1
g	285	662	705	8	17	0	-4	13	8	1
g	286	693	702	8	17	0	-1	16	8	1
g	287	724	706	8	16	0	-4	12	8	1
g	288	755	701	8	18	0	-1	17	8	1
g	289	786	704	8	18	0	-4	14	8	1
g	290	817	705	8	17	0	-4	13	8	1
g	291	848	705	8	17	0	-4	13	8	1
g	292	879	701	8	17	0	0	17	9	1
g	293	910	702	8	16	0	0	16	8	1
g	294	11	734	9	13	0	0	13	9	1
g	295	41	734	9	13	-1	0	13	8	1
g	296	72	730	6	17	-1	0	17	4	1
g	297	103	734	6	13	-1	0	13	3	1
g	298	135	731	4	16	0	0	16	4	1
g	299	165	735	5	12	-1	0	12	3	1
g	301	196	734	5	13	-1	0	13	3	1
g	302	228	734	4	17	0	-4	13	4	1
g	303	259	733	4	18	0	-4	14	4	1
g	304	290	730	4	17	0	0	17	4	1
g	305	321	737	3	10	0	0	10	3	1
g	307	352	733	7	18	0	-4	14	8	1
g	308	383	730	9	18	0	-1	17	8	1
g	309	413	734	6	17	-1	-4	13	4	1
g	310	445	734	9	17	0	-4	13	9	1
g	311	476	734	8	17	0	-4	13	8	1
g	313	507	730	8	17	0	0	17	7	1
g	314	538	730	4	17	0	0	17	4	1
g	315	569	734	8	17	0	-4	13	7	1
g	316	599	734	4	17	-1	-4	13	4	1
g	317	631	734	8	13	0	0	13	8	1
g	318	662	734	7	13	0	0	13	7	1
g	320	693	730	4	17	0	0	17	4	1
g	321	723	734	10	13	-1	0	13	8	1
g	322	755	734	7	13	0	0	13	6	1
g	323	786	730	9	17	0	0	17	9	1
g	324	817	734	8	13	0	0	13	8	1
g	325	848	734	9	17	0	-4	13	9	1
g	326	879	737	8	14	0	-4	10	8	1
g	327	910	730	9	17	0	0	17	9	1
g	328	11	763	8	13	0	0	13	8	1
g	330	42	763	9	17	0	-4	13	9	1
g	331	73	766	8	14	0	-4	10	8	1
g	332	104	760	8	17	0	-1	16	8	1
g	333	135	764	8	13	0	-1	12	8	1
g	335	166	763	8	14	0	-1	13	8	1
g	336	197	760	8	17	0	-1	16	8	1
g	337	228	763	8	14	0	-1	13	8	1
g	338	259	763	12	14	0	-1	13	12	1
g	339	290	766	12	11	0	-1	10	12	1
g	340	321	759	8	17	0	0	17	8	1
g	341	352	763	6	13	0	0	13	6	1
g	342	383	763	8	17	0	-4	13	8	1
g	343	413	766	7	14	-1	-4	10	6	1
g	344	445	759	8	17	0	0	17	8	1
g	345	476	763	6	13	0	0	13	6	1
g	346	507	759	8	18	0	-1	17	8	1
g	347	538	763	7	14	0	-1	13	7	1
g	348	569	759	8	18	0	-1	17	8	1
g	349	600	763	7	14	0	-1	13	7	1
g	350	631	763	8	17	0	-4	13	8	1
g	351	662	766	7	14	0	-4	10	7	1
g	352	693	759	8	18	0	-1	17	8	1
g	353	724	763	7	14	0	-1	13	7	1
g	354	755	763	8	17	0	-4	13	8	1
g	355	786	764	5	16	0	-4	12	5	1
g	356	817	760	8	16	0	0	16	8	1
g	357	848	763	7	13	0	0	13	5	1
g	358	879	763	8	13	0	0	13	8	1
g	359	910	764	5	12	0	0	12	5	1
g	360	11	788	8	18	0	-1	17	9	1
g	361	42	792	8	14	0	-1	13	8	1
g	362	73	789	8	17	0	-1	16	9	1
g	363	104	793	8	13	0	-1	12	8	1
g	364	135	789	8	17	0	-1	16	9	1
g	365	166	792	8	14	0	-1	13	8	1
g	366	197	787	8	19	0	-1	18	9	1
g	367	228	790	8	16	0	-1	15	8	1
g	368	259	788	8	18	0	-1	17	9	1
g	369	290	792	8	14	0	-1	13	8	1
g	370	321	792	8	17	0	-4	13	9	1
g	371	352	795	8	14	0	-4	10	8	1
g	372	383	788	12	17	0	0	17	12	1
g	373	414	792	11	13	0	0	13	11	1
g	374	445	788	8	17	0	0	17	8	1
g	375	476	792	8	17	0	-4	13	7	1
g	376	507	788	8	17	0	0	17	8	1
g	377	538	788	7	17	0	0	17	7	1
g	378	569	792	7	13	0	0	13	7	1
g	379	600	788	7	17	0	0	17	7	1
g	380	631	791	7	14	0	0	14	7	1
g	381	662	788	7	17	0	0	17	7	1
g	382	693	792	7	13	0	0	13	7	1
g	399	724	792	9	14	0	-1	13	10	1
g	402	755	792	9	17	0	-4	13	9	1
g	416	786	790	8	16	0	-1	15	8	1
g	417	817	794	8	12	0	-1	11	8	1
g	431	848	790	10	16	0	-1	15	9	1
g	432	879	794	9	12	0	-1	11	8	1
g	461	910	789	8	16	0	0	16	8	1
g	462	11	821	8	14	0	-1	13	8	1
g	468	42	821	8	14	0	-1	13	8	1
g	485	73	824	8	14	0	-4	10	8	1
g	487	104	821	8	17	0	-4	13	8	1
g	489	135	818	8	16	0	0	16	8	1
g	495	166	821	8	17	0	-4	13	8	1
g	511	197	821	8	14	0	-1	13	8	1
g	536	228	821	8	17	0	-4	13	8	1
g	537	259	824	7	14	0	-4	10	7	1
g	538	290	821	8	17	0	-4	13	8	1
g	539	321	822	5	16	0	-4	12	5	1
g	543	352	818	8	16	0	0	16	8	1
g	552	383	821	8	17	0	-4	13	8	1
g	553	414	824	8	14	0	-4	10	8	1
g	567	444	824	4	14	-1	-4	10	4	1
g	601	476	824	7	11	0	-1	10	8	1
g	658	507	824	8	14	0	-4	10	8	1
g	699	538	821	3	5	0	8	13	3	1
g	700	569	821	3	5	0	8	13	3	1
g	710	600	821	6	3	0	10	13	5	1
g	711	631	821	6	3	0	10	13	6	1
g	713	662	821	4	2	0	11	13	4	1
g	728	693	822	5	3	0	9	12	5	1
g	729	724	820	3	4	0	10	14	3	1
g	730	755	819	5	5	0	10	15	5	1
g	731	785	834	4	4	-1	-4	0	3	1
g	732	817	821	6	3	0	10	13	6	1
g	733	848	821	6	3	0	10	13	6	1
g	768	875	821	4	3	-4	10	13	0	1
g	769	906	821	4	3	-4	10	13	0	1
g	770	5	850	6	3	-6	10	13	0	1
g	771	36	850	6	3	-6	10	13	0	1
g	772	69	850	4	3	-4	10	13	0	1
g	774	99	850	5	3	-5	10	13	0	1
g	775	132	849	3	4	-3	10	14	0	1
g	776	160	849	6	4	-6	10	14	0	1
g	777	189	849	5	5	-8	9	14	0	1
g	778	224	848	5	5	-4	10	15	0	1
g	779	253	850	6	3	-6	10	13	0	1
g	780	284	850	6	3	-6	10	13	0	1
g	786	317	850	4	3	-4	10	13	0	1
g	787	348	850	4	3	-4	10	13	0	1
g	795	380	852	3	3	-3	8	11	0	1
g	803	411	864	3	4	-3	-5	-1	0	1
g	806	441	863	4	4	-4	-4	0	0	1
g	807	473	863	3	4	-3	-4	0	0	1
g	808	504	863	3	4	-3	-4	0	0	1
g	821	532	851	6	2	-6	10	12	0	1
g	822	560	852	9	2	-9	9	11	0	1
g	823	593	854	9	7	-7	2	9	0	1
g	824	623	849	8	15	-8	-1	14	0	1
g	916	662	850	10	13	0	0	13	9	1
g	937	693	850	9	13	0	0	13	9	1
g	956	724	853	8	14	0	-4	10	8	1
g	960	755	853	10	11	0	-1	10	9	1
g	7808	786	846	12	17	0	0	17	12	1
g	7809	817	850	11	13	0	0	13	11	1
g	7810	848	846	12	17	0	0	17	12	1
g	7811	879	850	11	13	0	0	13	11	1
g	7812	910	846	12	17	0	0	17	12	1
g	7813	11	878	11	14	0	0	14	11	1
g	7840	42	879	8	18	0	-5	13	8	1
g	7841	73	882	8	15	0	-5	10	8	1
g	7842	104	875	8	17	0	0	17	8	1
g	7843	135	878	8	15	0	-1	14	8	1
g	7844	166	874	10	18	0	0	18	8	1
g	7845	197	877	10	16	0	-1	15	8	1
g	7846	228	873	8	19	0	0	19	8	1
g	7847	259	877	8	16	0	-1	15	8	1
g	7848	290	873	9	19	0	0	19	8	1
g	7849	321	876	9	17	0	-1	16	8	1
g	7850	352	873	8	19	0	0	19	8	1
g	7851	383	876	8	17	0	-1	16	8	1
g	7852	414	875	8	22	0	-5	17	8	1
g	7853	445	879	8	18	0	-5	13	8	1
g	7854	476	873	8	19	0	0	19	8	1
g	7855	507	876	8	17	0	-1	16	8	1
g	7856	538	873	8	19	0	0	19	8	1
g	7857	569	876	8	17	0	-1	16	8	1
g	7858	600	872	8	20	0	0	20	8	1
g	7859	631	876	8	17	0	-1	16	8	1
g	7860	662	873	8	19	0	0	19	8	1
g	7861	693	876	8	17	0	-1	16	8	1
g	7862	724	876	8	21	0	-5	16	8	1
g	7863	755	879	8	18	0	-5	13	8	1
g	7864	786	879	8	18	0	-5	13	8	1
g	7865	817	882	8	15	0	-5	10	8	1
g	7866	848	875	8	17	0	0	17	8	1
g	7867	879	878	8	15	0	-1	14	8	1
g	7868	910	875	8	17	0	0	17	8	1
g	7869	11	908	8	14	0	-1	13	8	1
g	7870	42	903	10	18	0	0	18	8	1
g	7871	73	906	9	16	0	-1	15	8	1
g	7872	104	902	8	19	0	0	19	8	1
g	7873	135	906	8	16	0	-1	15	8	1
g	7874	166	902	9	19	0	0	19	8	1
g	7875	197	905	9	17	0	-1	16	8	1
g	7876	228	902	8	19	0	0	19	8	1
g	7877	259	905	8	17	0	-1	16	8	1
g	7878	290	904	8	22	0	-5	17	8	1
g	7879	321	908	8	18	0	-5	13	8	1
g	7880	352	904	4	17	0	0	17	4	1
g	7881	382	907	5	14	-1	0	14	3	1
g	7882	414	908	4	18	0	-5	13	4	1
g	7883	445	907	4	19	0	-5	14	4	1
g	7884	476	908	8	18	0	-5	13	8	1
g	7885	507	911	8	15	0	-5	10	8	1
g	7886	538	904	8	18	0	-1	17	8	1
g	7887	569	907	8	15	0	-1	14	8	1
g	7888	600	903	10	19	0	-1	18	8	1
g	7889	631	906	10	16	0	-1	15	8	1
g	7890	662	902	8	20	0	-1	19	8	1
g	7891	693	906	8	16	0	-1	15	8	1
g	7892	724	902	9	20	0	-1	19	8	1
g	7893	755	905	9	17	0	-1	16	8	1
g	7894	786	902	8	20	0	-1	19	8	1
g	7895	817	905	8	17	0	-1	16	8	1
g	7896	848	905	8	21	0	-5	16	8	1
g	7897	879	908	8	18	0	-5	13	8	1
g	7898	910	905	8	17	0	-1	16	8	1
g	7899	11	937	8	14	0	-1	13	8	1
g	7900	42	934	8	17	0	-1	16	8	1
g	7901	73	937	8	14	0	-1	13	8	1
g	7902	104	933	8	18	0	-1	17	8	1
g	7903	135	936	8	15	0	-1	14	8	1
g	7904	166	933	8	18	0	-1	17	8	1
g	7905	197	937	8	14	0	-1	13	8	1
g	7906	228	935	8	20	0	-5	15	8	1
g	7907	259	939	8	16	0	-5	11	8	1
g	7908	290	937	8	18	0	-5	13	9	1
g	7909	321	940	8	15	0	-5	10	8	1
g	7910	352	933	8	18	0	-1	17	9	1
g	7911	383	936	8	15	0	-1	14	8	1
g	7912	414	933	10	18	0	-1	17	9	1
g	7913	445	937	9	14	0	-1	13	8	1
g	7914	476	933	10	18	0	-1	17	9	1
g	7915	507	937	9	14	0	-1	13	8	1
g	7916	538	933	10	18	0	-1	17	9	1
g	7917	569	936	9	15	0	-1	14	8	1
g	7918	600	933	10	18	0	-1	17	9	1
g	7919	631	937	9	14	0	-1	13	8	1
g	7920	662	935	10	20	0	-5	15	9	1
g	7921	693	939	9	16	0	-5	11	8	1
g	7922	724	933	8	17	0	0	17	8	1
g	7923	755	937	8	17	0	-4	13	7	1
g	7924	786	937	8	18	0	-5	13	8	1
g	7925	817	940	8	15	0	-5	10	7	1
g	7926	848	933	8	17	0	0	17	8	1
g	7927	879	936	8	18	0	-4	14	7	1
g	7928	910	933	8	17	0	0	17	8	1
g	7929	11	966	8	17	0	-4	13	7	1
g	8208	42	972	6	3	0	4	7	6	1
g	8211	73	972	7	3	0	4	7	7	1
g	8212	104	972	11	3	0	4	7	11	1
g	8216	135	966	3	5	0	8	13	3	1
g	8217	166	966	3	5	0	8	13	3	1
g	8218	197	976	3	5	0	-2	3	11	1
g	8220	228	966	6	5	0	8	13	6	1
g	8221	259	966	6	5	0	8	13	6	1
g	8222	290	976	6	5	0	-2	3	6	1
g	8224	321	966	6	17	0	-4	13	6	1
g	8225	352	966	6	17	0	-4	13	6	1
g	8226	383	971	5	6	0	2	8	5	1
g	8230	414	976	12	4	0	-1	3	12	1
g	8240	445	966	18	14	0	-1	13	18	1
g	8242	476	966	3	5	0	8	13	7	1
g	8243	507	966	6	5	0	8	13	6	1
g	8249	538	970	5	8	0	1	9	5	1
g	8250	570	970	4	8	1	1	9	6	1
g	8260	597	966	10	13	-3	0	13	4	1
g	8308	631	963	5	9	0	7	16	5	1
g	8309	662	963	5	9	0	7	16	5	1
g	8310	693	963	5	9	0	7	16	5	1
g	8311	724	963	5	9	0	7	16	4	1
g	8312	755	963	5	9	0	7	16	5	1
g	8313	786	963	5	9	0	7	16	5	1
g	8355	817	966	9	13	0	0	13	9	1
g	8364	848	966	9	14	0	-1	13	9	1
g	8378	879	966	10	13	0	0	13	10	1
g	8381	910	966	9	13	0	0	13	9	1
g	8467	11	995	7	14	0	-1	13	8	1
g	8482	42	995	10	7	0	6	13	10	1
g	8486	73	995	9	13	0	0	13	9	1
g	8494	104	995	15	14	0	-1	13	15	1
g	8539	135	995	13	14	0	-1	13	12	1
g	8540	166	995	14	14	0	-1	13	14	1
g	8541	197	995	13	14	0	-1	13	13	1
g	8542	228	995	13	14	0	-1	13	13	1
g	8706	259	995	9	14	0	-1	13	9	1
g	8710	290	995	10	13	0	0	13	9	1
g	8719	321	993	8	19	0	-4	15	9	1
g	8721	352	994	9	18	0	-4	14	9	1
g	8722	383	1001	8	3	0	4	7	8	1
g	8725	414	995	8	13	0	0	13	8	1
g	8729	445	1000	5	5	0	3	8	5	1
g	8730	476	993	12	19	0	-4	15	13	1
g	8734	507	999	12	7	0	2	9	12	1
g	8747	538	995	6	17	0	-4	13	6	1
g	8776	569	999	9	7	0	2	9	9	1
g	8800	600	998	8	9	0	1	10	8	1
g	8804	631	997	8	11	0	0	11	8	1
g	8805	662	997	8	11	0	0	11	8	1
g	9674	693	994	8	15	0	-1	14	8	1
g	10217	725	996	4	14	1	-2	12	6	1
g	64257	755	994	9	14	0	0	14	9	1
g	64258	786	995	9	13	0	0	13	9	1
g	13	817	1008	0	0	0	0	0	5	2
g	32	848	1008	0	0	0	0	0	5	2
g	33	879	995	5	13	0	0	13	4	2
g	34	911	995	4	5	1	8	13	4	2
g	35	12	1024	10	13	1	0	13	10	2
g	36	42	1022	8	17	0	-2	15	7	2
g	37	75	1024	11	14	2	-1	13	14	2
g	38	104	1024	9	14	0	-1	13	9	2
g	39	136	1024	2	5	1	8	13	2	2
g	40	166	1023	5	16	0	-2	14	4	2
g	41	197	1023	5	16	0	-2	14	4	2
g	42	229	1023	6	7	1	7	14	6	2
g	43	259	1027	8	8	0	2	10	8	2
g	44	290	1034	3	5	0	-2	3	3	2
g	45	321	1030	6	2	0	5	7	5	2
g	46	352	1034	3	3	0	0	3	3	2
g	47	383	1024	7	13	0	0	13	6	2
g	48	414	1024	8	14	0	-1	13	8	2
g	49	446	1024	4	13	1	0	13	4	2
g	50	476	1024	8	13	0	0	13	7	2
g	51	507	1024	8	14	0	-1	13	7	2
g	52	538	1024	8	13	0	0	13	7	2
g	53	569	1024	8	14	0	-1	13	7	2
g	54	600	1024	8	14	0	-1	13	7	2
g	55	632	1024	7	13	1	0	13	6	2
g	56	662	1024	8	14	0	-1	13	7	2
g	57	693	1024	7	14	0	-1	13	7	2
g	58	724	1028	4	9	0	0	9	4	2
g	59	755	1028	4	11	0	-2	9	3	2
g	60	786	1028	8	8	0	1	9	8	2
g	61	817	1028	8	6	0	3	9	8	2
g	62	848	1028	8	8	0	1	9	8	2
g	63	880	1024	6	13	1	0	13	6	2
g	64	910	1025	13	14	0	-2	12	13	2
g	65	10	1053	8	13	-1	0	13	7	2
g	66	42	1053	8	13	0	0	13	8	2
g	67	73	1053	8	14	0	-1	13	8	2
g	68	104	1053	8	13	0	0	13	8	2
g	69	135	1053	8	13	0	0	13	7	2
g	70	166	1053	8	13	0	0	13	7	2
g	71	197	1053	8	14	0	-1	13	8	2
g	72	228	1053	9	13	0	0	13	8	2
g	73	259	1053	4	13	0	0	13	4	2
g	74	290	1053	8	14	0	-1	13	7	2
g	75	321	1053	9	13	0	0	13	8	2
g	76	352	1053	7	13	0	0	13	7	2
g	77	383	1053	10	13	0	0	13	9	2
g	78	414	1053	9	13	0	0	13	9	2
g	79	445	1053	8	14	0	-1	13	8	2
g	80	476	1053	8	13	0	0	13	8	2
g	81	507	1053	8	16	0	-3	13	8	2
g	82	538	1053	8	13	0	0	13	8	2
g	83	569	1053	8	14	0	-1	13	7	2
g	84	601	1053	7	13	1	0	13	7	2
g	85	632	1053	8	14	1	-1	13	8	2
g	86	663	1053	8	13	1	0	13	8	2
g	87	694	1053	11	13	1	0	13	11	2
g	88	724	1053	9	13	0	0	13	8	2
g	89	756	1053	7	13	1	0	13	7	2
g	90	786	1053	8	13	0	0	13	7	2
g	91	816	1052	6	17	-1	-3	14	5	2
g	92	850	1053	4	13	2	0	13	6	2
g	93	880	1052	6	17	1	-3	14	5	2
g	94	910	1053	7	8	0	5	13	7	2
g	95	11	1093	6	2	0	0	2	7	2
g	96	43	1082	3	3	1	10	13	3	2
g	97	73	1085	8	11	0	-1	10	7	2
g	98	104	1082	8	14	0	-1	13	7	2
g	99	135	1085	7	11	0	-1	10	7	2
g	100	166	1082	8	14	0	-1	13	7	2
g	101	197	1085	7	11	0	-1	10	7	2
g	102	229	1082	5	13	1	0	13	5	2
g	103	259	1085	8	14	0	-4	10	7	2
g	104	290	1082	7	13	0	0	13	7	2
g	105	321	1082	4	13	0	0	13	4	2
g	106	350	1082	6	17	-2	-4	13	3	2
g	107	383	1082	8	13	0	0	13	7	2
g	108	414	1082	4	13	0	0	13	3	2
g	109	445	1085	11	10	0	0	10	11	2
g	110	476	1085	7	10	0	0	10	7	2
g	111	507	1085	7	11	0	-1	10	7	2
g	112	538	1085	8	14	0	-4	10	7	2
g	113	569	1085	8	14	0	-4	10	7	2
g	114	600	1085	6	10	0	0	10	5	2
g	115	631	1085	7	11	0	-1	10	7	2
g	116	663	1083	4	12	1	0	12	5	2
g	117	693	1085	8	11	0	-1	10	7	2
g	118	725	1085	6	10	1	0	10	7	2
g	119	756	1085	10	10	1	0	10	10	2
g	120	786	1085	7	10	0	0	10	7	2
g	121	816	1085	8	14	-1	-4	10	6	2
g	122	848	1085	7	10	0	0	10	6	2
g	123	879	1081	6	17	0	-3	14	5	2
g	124	910	1081	4	16	0	-2	14	3	2
g	125	10	1110	6	17	-1	-3	14	5	2
g	126	42	1117	8	3	0	4	7	8	2
g	160	73	1124	0	0	0	0	0	3	2
g	161	105	1111	4	13	1	0	13	4	2
g	162	136	1111	7	13	1	0	13	7	2
g	163	167	1111	8	13	1	0	13	9	2
g	164	197	1114	10	9	0	1	10	9	2
g	165	229	1111	8	13	1	0	13	9	2
g	166	259	1110	4	16	0	-2	14	3	2
g	167	290	1111	7	17	0	-4	13	7	2
g	168	322	1111	6	3	1	10	13	5	2
g	169	353	1111	14	14	1	-1	13	15	2
g	170	383	1111	6	9	0	4	13	5	2
g	171	415	1115	7	8	1	1	9	8	2
g	172	445	1117	8	4	0	3	7	8	2
g	174	477	1111	8	8	1	5	13	8	2
g	175	510	1112	5	2	3	10	12	9	2
g	176	539	1109	6	7	1	8	15	6	2
g	177	569	1114	8	10	0	0	10	8	2
g	178	601	1108	5	9	1	7	16	4	2
g	179	632	1108	5	9	1	7	16	5	2
g	180	663	1111	3	3	1	10	13	3	2
g	181	693	1114	8	14	0	-4	10	8	2
g	182	725	1111	8	17	1	-4	13	8	2
g	183	755	1117	3	4	0	3	7	3	2
g	184	785	1124	3	4	-1	-4	0	2	2
g	185	818	1108	3	9	1	7	16	3	2
g	186	848	1111	6	9	0	4	13	5	2
g	187	880	1115	7	8	1	1	9	8	2
g	188	910	1111	12	13	0	0	13	12	2
g	189	11	1140	12	13	0	0	13	12	2
g	190	42	1140	13	13	0	0	13	13	2
g	191	73	1144	6	13	0	-4	9	6	2
g	192	103	1136	8	17	-1	0	17	7	2
g	193	134	1136	8	17	-1	0	17	7	2
g	194	165	1136	8	17	-1	0	17	7	2
g	195	196	1136	9	17	-1	0	17	7	2
g	196	227	1136	9	17	-1	0	17	7	2
g	197	258	1135	9	18	-1	0	18	7	2
g	198	289	1140	14	13	-1	0	13	12	2
g	199	321	1140	8	17	0	-4	13	8	2
g	200	352	1136	8	17	0	0	17	7	2
g	201	383	1136	8	17	0	0	17	7	2
g	202	414	1136	8	17	0	0	17	7	2
g	203	445	1136	8	17	0	0	17	7	2
g	204	476	1136	4	17	0	0	17	4	2
g	205	507	1136	5	17	0	0	17	4	2
g	206	538	1136	6	17	0	0	17	4	2
g	207	569	1136	6	17	0	0	17	4	2
g	208	601	1140	8	13	1	0	13	9	2
g	209	631	1136	9	17	0	0	17	9	2
g	210	662	1136	8	18	0	-1	17	8	2
g	211	693	1136	8	18	0	-1	17	8	2
g	212	724	1136	8	18	0	-1	17	8	2
g	213	755	1136	8	18	0	-1	17	8	2
g	214	786	1136	8	18	0	-1	17	8	2
g	215	817	1144	7	7	0	2	9	6	2
g	216	848	1139	9	15	0	-1	14	9	2
g	217	880	1136	8	18	1	-1	17	8	2
g	218	911	1136	8	18	1	-1	17	8	2
g	219	12	1165	8	18	1	-1	17	8	2
g	220	43	1165	8	18	1	-1	17	8	2
g	221	74	1165	7	17	1	0	17	7	2
g	222	104	1169	8	13	0	0	13	8	2
g	223	135	1169	8	13	0	0	13	8	2
g	224	166	1169	8	14	0	-1	13	7	2
g	225	197	1169	8	14	0	-1	13	7	2
g	226	228	1169	8	14	0	-1	13	7	2
g	227	259	1169	8	14	0	-1	13	7	2
g	228	290	1169	8	14	0	-1	13	7	2
g	229	321	1167	8	16	0	-1	15	7	2
g	230	352	1172	12	11	0	-1	10	11	2
g	231	383	1172	7	14	0	-4	10	7	2
g	232	414	1169	7	14	0	-1	13	7	2
g	233	445	1169	7	14	0	-1	13	7	2
g	234	476	1169	7	14	0	-1	13	7	2
g	235	507	1169	7	14	0	-1	13	7	2
g	236	538	1169	3	13	0	0	13	3	2
g	237	569	1169	5	13	0	0	13	3	2
g	238	600	1169	5	13	0	0	13	3	2
g	239	631	1169	5	13	0	0	13	3	2
g	240	662	1169	8	14	0	-1	13	8	2
g	241	693	1169	8	13	0	0	13	7	2
g	242	724	1169	7	14	0	-1	13	7	2
g	243	755	1169	7	14	0	-1	13	7	2
g	244	786	1169	7	14	0	-1	13	7	2
g	245	817	1169	8	14	0	-1	13	7	2
g	246	848	1169	8	14	0	-1	13	7	2
g	247	879	1172	8	8	0	2	10	8	2
g	248	910	1171	8	12	0	-1	11	8	2
g	249	11	1198	8	14	0	-1	13	7	2
g	250	42	1198	8	14	0	-1	13	7	2
g	251	73	1198	8	14	0	-1	13	7	2
g	252	104	1198	8	14	0	-1	13	7	2
g	253	134	1198	8	17	-1	-4	13	6	2
g	254	166	1198	7	17	0	-4	13	7	2
g	255	196	1198	8	17	-1	-4	13	6	2
g	256	227	1195	8	16	-1	0	16	7	2
g	257	259	1199	8	13	0	-1	12	7	2
g	258	289	1195	8	16	-1	0	16	7	2
g	259	321	1199	8	13	0	-1	12	7	2
g	260	351	1198	8	17	-1	-4	13	7	2
g	261	384	1201	7	14	1	-4	10	8	2
g	262	414	1194	8	18	0	-1	17	8	2
g	263	445	1198	7	14	0	-1	13	7	2
g	264	476	1194	8	18	0	-1	17	8	2
g	265	507	1198	7	14	0	-1	13	7	2
g	266	538	1194	8	18	0	-1	17	8	2
g	267	569	1198	7	14	0	-1	13	7	2
g	268	600	1194	8	18	0	-1	17	8	2
g	269	631	1198	7	14	0	-1	13	7	2
g	270	662	1194	8	17	0	0	17	8	2
g	271	693	1198	11	14	0	-1	13	7	2
g	272	725	1198	8	13	1	0	13	9	2
g	273	755	1198	9	14	0	-1	13	7	2
g	274	786	1195	8	16	0	0	16	7	2
g	275	817	1198	7	14	0	-1	13	7	2
g	278	848	1194	8	17	0	0	17	7	2
g	279	879	1198	7	14	0	-1	13	7	2
g	280	910	1198	8	17	0	-4	13	7	2
g	281	11	1230	7	14	0	-4	10	7	2
g	282	42	1223	8	17	0	0	17	7	2
g	283	73	1227	7	14	0	-1	13	7	2
g	284	104	1223	8	18	0	-1	17	8	2
g	285	135	1227	8	17	0	-4	13	7	2
g	286	166	1224	8	17	0	-1	16	8	2
g	287	197	1228	8	16	0	-4	12	7	2
g	288	228	1223	8	18	0	-1	17	8	2
g	289	259	1227	8	17	0	-4	13	7	2
g	290	290	1227	8	17	0	-4	13	8	2
g	291	321	1227	8	17	0	-4	13	7	2
g	292	352	1223	9	17	0	0	17	8	2
g	293	383	1224	8	16	0	0	16	7	2
g	294	414	1227	9	13	0	0	13	8	2
g	295	445	1227	7	13	0	0	13	7	2
g	296	476	1223	6	17	0	0	17	4	2
g	297	507	1227	6	13	0	0	13	3	2
g	298	538	1224	6	16	0	0	16	4	2
g	299	569	1228	5	12	0	0	12	3	2
g	301	600	1227	5	13	0	0	13	3	2
g	302	630	1227	5	17	-1	-4	13	3	2
g	303	662	1227	5	17	0	-4	13	4	2
g	304	693	1223	5	17	0	0	17	4	2
g	305	724	1230	3	10	0	0	10	3	2
g	307	755	1227	8	17	0	-4	13	7	2
g	308	786	1223	9	18	0	-1	17	7	2
g	309	815	1227	7	17	-2	-4	13	3	2
g	310	848	1227	9	17	0	-4	13	8	2
g	311	879	1227	8	17	0	-4	13	7	2
g	313	910	1223	7	17	0	0	17	7	2
g	314	11	1252	5	17	0	0	17	3	2
g	315	42	1256	7	17	0	-4	13	7	2
g	316	71	1256	6	17	-2	-4	13	3	2
g	317	104	1256	7	13	0	0	13	7	2
g	318	135	1256	7	13	0	0	13	6	2
g	320	166	1252	5	17	0	0	17	4	2
g	321	196	1256	9	13	-1	0	13	7	2
g	322	228	1256	6	13	0	0	13	5	2
g	323	259	1252	9	17	0	0	17	9	2
g	324	290	1256	7	13	0	0	13	7	2
g	325	321	1256	9	17	0	-4	13	9	2
g	326	352	1259	7	14	0	-4	10	7	2
g	327	383	1252	9	17	0	0	17	9	2
g	328	414	1256	7	13	0	0	13	7	2
g	330	445	1256	9	16	0	-3	13	9	2
g	331	476	1259	7	13	0	-3	10	7	2
g	332	507	1253	8	17	0	-1	16	8	2
g	333	538	1257	7	13	0	-1	12	7	2
g	335	569	1256	7	14	0	-1	13	7	2
g	336	600	1252	9	18	0	-1	17	8	2
g	337	631	1256	8	14	0	-1	13	7	2
g	338	662	1256	13	14	0	-1	13	12	2
g	339	693	1259	12	11	0	-1	10	11	2
g	340	724	1252	8	17	0	0	17	8	2
g	341	755	1256	6	13	0	0	13	5	2
g	342	786	1256	8	17	0	-4	13	8	2
g	343	816	1259	7	14	-1	-4	10	5	2
g	344	848	1252	8	17	0	0	17	8	2
g	345	879	1256	7	13	0	0	13	5	2
g	346	910	1252	8	18	0	-1	17	7	2
g	347	11	1285	7	14	0	-1	13	7	2
g	348	42	1281	8	18	0	-1	17	7	2
g	349	73	1285	7	14	0	-1	13	7	2
g	350	104	1285	8	17	0	-4	13	7	2
g	351	135	1288	7	14	0	-4	10	7	2
g	352	166	1281	8	18	0	-1	17	7	2
g	353	197	1285	7	14	0	-1	13	7	2
g	354	229	1285	7	17	1	-4	13	7	2
g	355	260	1286	4	15	1	-3	12	5	2
g	356	291	1281	7	17	1	0	17	7	2
g	357	322	1285	6	13	1	0	13	5	2
g	358	353	1285	7	13	1	0	13	7	2
g	359	383	1286	5	12	0	0	12	5	2
g	360	415	1281	8	18	1	-1	17	8	2
g	361	445	1285	8	14	0	-1	13	7	2
g	362	477	1282	8	17	1	-1	16	8	2
g	363	507	1286	8	13	0	-1	12	7	2
g	364	539	1282	8	17	1	-1	16	8	2
g	365	569	1285	8	14	0	-1	13	7	2
g	366	601	1280	8	19	1	-1	18	8	2
g	367	631	1283	8	16	0	-1	15	7	2
g	368	663	1281	8	18	1	-1	17	8	2
g	369	693	1285	8	14	0	-1	13	7	2
g	370	725	1285	8	17	1	-4	13	8	2
g	371	755	1288	8	14	0	-4	10	7	2
g	372	787	1281	11	17	1	0	17	11	2
g	373	818	1285	10	13	1	0	13	10	2
g	374	849	1281	7	17	1	0	17	7	2
g	375	878	1285	8	17	-1	-4	13	6	2
g	376	911	1281	7	17	1	0	17	7	2
g	377	11	1310	8	17	0	0	17	7	2
g	378	42	1314	7	13	0	0	13	6	2
g	379	73	1310	8	17	0	0	17	7	2
g	380	104	1314	7	13	0	0	13	6	2
g	381	135	1310	8	17	0	0	17	7	2
g	382	166	1314	7	13	0	0	13	6	2
g	399	197	1314	9	14	0	-1	13	9	2
g	402	227	1314	10	17	-1	-4	13	8	2
g	416	259	1312	9	16	0	-1	15	8	2
g	417	290	1316	8	12	0	-1	11	7	2
g	431	322	1312	9	16	1	-1	15	8	2
g	432	352	1316	9	12	0	-1	11	7	2
g	461	382	1310	9	17	-1	0	17	7	2
g	462	414	1314	8	14	0	-1	13	7	2
g	468	445	1314	8	14	0	-1	13	7	2
g	485	476	1317	8	14	0	-4	10	7	2
g	487	507	1314	8	17	0	-4	13	7	2
g	489	538	1310	8	17	0	0	17	7	2
g	495	569	1314	8	17	0	-4	13	8	2
g	511	600	1314	8	14	0	-1	13	7	2
g	536	631	1314	8	17	0	-4	13	7	2
g	537	662	1317	7	14	0	-4	10	7	2
g	538	693	1314	8	17	0	-4	13	7	2
g	539	725	1315	4	16	1	-4	12	5	2
g	543	755	1310	8	17	0	0	17	7	2
g	552	786	1314	8	17	0	-4	13	7	2
g	553	817	1317	7	14	0	-4	10	7	2
g	567	846	1317	6	14	-2	-4	10	3	2
g	601	879	1317	7	11	0	-1	10	7	2
g	658	910	1317	8	14	0	-4	10	8	2
g	699	12	1343	2	5	1	8	13	2	2
g	700	42	1343	4	5	0	8	13	2	2
g	710	74	1343	5	3	1	10	13	4	2
g	711	105	1343	5	3	1	10	13	5	2
g	713	136	1343	4	2	1	11	13	4	2
g	728	167	1344	5	2	1	10	12	4	2
g	729	198	1343	3	3	1	10	13	3	2
g	730	229	1341	5	5	1	10	15	4	2
g	731	258	1356	3	4	-1	-4	0	2	2
g	732	291	1343	6	3	1	10	13	5	2
g	733	322	1343	6	3	1	10	13	5	2
g	768	350	1343	3	3	-2	10	13	0	2
g	769	381	1343	4	3	-2	10	13	0	2
g	770	410	1343	5	3	-4	10	13	0	2
g	771	441	1343	6	3	-4	10	13	0	2
g	772	473	1343	5	2	-3	11	13	0	2
g	774	504	1343	4	3	-3	10	13	0	2
g	775	537	1343	3	3	-1	10	13	0	2
g	776	565	1343	6	3	-4	10	13	0	2
g	777	594	1342	4	5	-6	9	14	0	2
g	778	628	1341	5	5	-3	10	15	0	2
g	779	658	1343	5	3	-4	10	13	0	2
g	780	689	1343	5	3	-4	10	13	0	2
g	786	722	1343	3	3	-2	10	13	0	2
g	787	753	1343	4	3	-2	10	13	0	2
g	795	784	1345	3	3	-2	8	11	0	2
g	803	814	1357	3	3	-3	-4	-1	0	2
g	806	844	1357	3	3	-4	-4	-1	0	2
g	807	876	1356	3	4	-3	-4	0	0	2
g	808	907	1356	3	4	-3	-4	0	0	2
g	821	7	1373	5	2	-4	10	12	0	2
g	822	35	1374	8	2	-7	9	11	0	2
g	823	67	1377	8	6	-6	2	8	0	2
g	824	97	1371	9	15	-7	-1	14	0	2
g	916	134	1372	10	13	-1	0	13	9	2
g	937	166	1372	9	13	0	0	13	8	2
g	956	197	1375	8	14	0	-4	10	8	2
g	960	229	1375	9	10	1	0	10	9	2
g	7808	260	1368	11	17	1	0	17	11	2
g	7809	291	1372	10	13	1	0	13	10	2
g	7810	322	1368	11	17	1	0	17	11	2
g	7811	353	1372	10	13	1	0	13	10	2
g	7812	384	1368	11	17	1	0	17	11	2
g	7813	415	1372	10	13	1	0	13	10	2
g	7840	444	1372	8	17	-1	-4	13	7	2
g	7841	476	1375	8	14	0	-4	10	7	2
g	7842	506	1368	8	17	-1	0	17	7	2
g	7843	538	1371	8	15	0	-1	14	7	2
g	7844	568	1367	11	18	-1	0	18	7	2
g	7845	600	1370	10	16	0	-1	15	7	2
g	7846	630	1366	10	19	-1	0	19	7	2
g	7847	662	1370	8	16	0	-1	15	7	2
g	7848	692	1366	11	19	-1	0	19	7	2
g	7849	724	1369	9	17	0	-1	16	7	2
g	7850	754	1366	9	19	-1	0	19	7	2
g	7851	786	1370	8	16	0	-1	15	7	2
g	7852	816	1368	8	21	-1	-4	17	7	2
g	7853	848	1372	8	17	0	-4	13	7	2
g	7854	878	1366	8	19	-1	0	19	7	2
g	7855	910	1369	8	17	0	-1	16	7	2
g	7856	10	1395	8	19	-1	0	19	7	2
g	7857	42	1398	8	17	0	-1	16	7	2
g	7858	72	1394	8	20	-1	0	20	7	2
g	7859	104	1398	8	17	0	-1	16	7	2
g	7860	134	1395	9	19	-1	0	19	7	2
g	7861	166	1399	8	16	0	-1	15	7	2
g	7862	196	1398	8	20	-1	-4	16	7	2
g	7863	228	1401	8	17	0	-4	13	7	2
g	7864	259	1401	8	17	0	-4	13	7	2
g	7865	290	1404	7	14	0	-4	10	7	2
g	7866	321	1397	8	17	0	0	17	7	2
g	7867	352	1400	7	15	0	-1	14	7	2
g	7868	383	1397	9	17	0	0	17	7	2
g	7869	414	1401	8	14	0	-1	13	7	2
g	7870	445	1396	10	18	0	0	18	7	2
g	7871	476	1399	10	16	0	-1	15	7	2
g	7872	507	1395	9	19	0	0	19	7	2
g	7873	538	1399	8	16	0	-1	15	7	2
g	7874	569	1395	10	19	0	0	19	7	2
g	7875	600	1398	9	17	0	-1	16	7	2
g	7876	631	1395	9	19	0	0	19	7	2
g	7877	662	1399	8	16	0	-1	15	7	2
g	7878	693	1397	8	21	0	-4	17	7	2
g	7879	724	1401	7	17	0	-4	13	7	2
g	7880	755	1397	5	17	0	0	17	4	2
g	7881	786	1400	5	14	0	0	14	3	2
g	7882	817	1401	4	17	0	-4	13	4	2
g	7883	848	1401	4	17	0	-4	13	4	2
g	7884	879	1401	8	17	0	-4	13	8	2
g	7885	910	1404	7	14	0	-4	10	7	2
g	7886	11	1426	8	18	0	-1	17	8	2
g	7887	42	1429	7	15	0	-1	14	7	2
g	7888	73	1425	10	19	0	-1	18	8	2
g	7889	104	1428	10	16	0	-1	15	7	2
g	7890	135	1424	9	20	0	-1	19	8	2
g	7891	166	1428	8	16	0	-1	15	7	2
g	7892	197	1424	10	20	0	-1	19	8	2
g	7893	228	1427	9	17	0	-1	16	7	2
g	7894	259	1424	9	20	0	-1	19	8	2
g	7895	290	1428	8	16	0	-1	15	7	2
g	7896	321	1426	8	21	0	-4	17	8	2
g	7897	352	1430	7	17	0	-4	13	7	2
g	7898	383	1426	9	18	0	-1	17	8	2
g	7899	414	1430	8	14	0	-1	13	7	2
g	7900	445	1426	9	18	0	-1	17	8	2
g	7901	476	1430	8	14	0	-1	13	7	2
g	7902	507	1426	9	18	0	-1	17	8	2
g	7903	538	1429	8	15	0	-1	14	7	2
g	7904	569	1426	9	18	0	-1	17	8	2
g	7905	600	1430	8	14	0	-1	13	7	2
g	7906	631	1428	9	19	0	-4	15	8	2
g	7907	662	1432	8	15	0	-4	11	7	2
g	7908	694	1430	8	17	1	-4	13	8	2
g	7909	724	1433	8	14	0	-4	10	7	2
g	7910	756	1426	8	18	1	-1	17	8	2
g	7911	786	1429	8	15	0	-1	14	7	2
g	7912	818	1426	9	18	1	-1	17	8	2
g	7913	848	1430	9	14	0	-1	13	7	2
g	7914	880	1426	9	18	1	-1	17	8	2
g	7915	910	1430	9	14	0	-1	13	7	2
g	7916	12	1455	9	18	1	-1	17	8	2
g	7917	42	1458	9	15	0	-1	14	7	2
g	7918	74	1455	9	18	1	-1	17	8	2
g	7919	104	1459	9	14	0	-1	13	7	2
g	7920	136	1457	9	19	1	-4	15	8	2
g	7921	166	1461	9	15	0	-4	11	7	2
g	7922	198	1455	7	17	1	0	17	7	2
g	7923	227	1459	8	17	-1	-4	13	6	2
g	7924	260	1459	7	17	1	-4	13	7	2
g	7925	289	1462	8	14	-1	-4	10	6	2
g	7926	322	1455	7	17	1	0	17	7	2
g	7927	351	1458	8	18	-1	-4	14	6	2
g	7928	384	1455	7	17	1	0	17	7	2
g	7929	413	1459	8	17	-1	-4	13	6	2
g	8208	445	1465	6	2	0	5	7	5	2
g	8211	476	1466	7	2	0	4	6	6	2
g	8212	507	1466	11	2	0	4	6	10	2
g	8216	538	1459	4	5	0	8	13	2	2
g	8217	569	1459	4	5	0	8	13	2	2
g	8218	600	1469	3	5	0	-2	3	10	2
g	8220	631	1459	6	5	0	8	13	4	2
g	8221	662	1459	6	5	0	8	13	4	2
g	8222	692	1469	6	5	-1	-2	3	4	2
g	8224	725	1459	5	17	1	-4	13	6	2
g	8225	755	1459	6	17	0	-4	13	6	2
g	8226	786	1465	5	5	0	2	7	5	2
g	8230	817	1469	11	3	0	0	3	11	2
g	8240	848	1459	18	14	0	-1	13	18	2
g	8242	879	1459	4	5	0	8	13	4	2
g	8243	911	1459	5	5	1	8	13	5	2
g	8249	12	1492	4	8	1	1	9	5	2
g	8250	43	1492	4	8	1	1	9	6	2
g	8260	70	1488	11	13	-3	0	13	4	2
g	8308	105	1485	5	9	1	7	16	4	2
g	8309	136	1485	5	9	1	7	16	4	2
g	8310	167	1485	5	9	1	7	16	4	2
g	8311	198	1485	5	9	1	7	16	4	2
g	8312	229	1485	5	9	1	7	16	4	2
g	8313	260	1485	5	9	1	7	16	4	2
g	8355	291	1488	9	13	1	0	13	8	2
g	8364	322	1488	8	14	1	-1	13	8	2
g	8378	353	1488	9	14	1	-1	13	10	2
g	8381	384	1488	9	13	1	0	13	9	2
g	8467	415	1488	7	14	1	-1	13	7	2
g	8482	446	1488	9	7	1	6	13	9	2
g	8486	476	1488	9	13	0	0	13	8	2
g	8494	508	1488	14	14	1	-1	13	15	2
g	8539	538	1488	12	14	0	-1	13	12	2
g	8540	569	1488	13	14	0	-1	13	13	2
g	8541	600	1488	13	14	0	-1	13	12	2
g	8542	631	1488	12	14	0	-1	13	12	2
g	8706	662	1488	9	14	0	-1	13	9	2
g	8710	692	1488	10	13	-1	0	13	9	2
g	8719	724	1486	9	19	0	-4	15	8	2
g	8721	755	1487	10	18	0	-4	14	9	2
g	8722	786	1494	8	2	0	5	7	8	2
g	8725	817	1488	8	13	0	0	13	8	2
g	8729	848	1493	5	5	0	3	8	5	2
g	8730	879	1486	12	19	0	-4	15	11	2
g	8734	910	1492	11	7	0	2	9	11	2
g	8747	10	1517	8	17	-1	-4	13	6	2
g	8776	42	1521	9	7	0	2	9	8	2
g	8800	73	1519	8	10	0	1	11	8	2
g	8804	104	1520	9	10	0	0	10	8	2
g	8805	135	1520	8	10	0	0	10	8	2
g	9674	166	1516	7	15	0	-1	14	7	2
g	10217	197	1518	5	14	0	-2	12	6	2
g	64257	229	1517	8	13	1	0	13	8	2
g	64258	260	1517	8	13	1	0	13	8	2
g	13	290	1530	0	0	0	0	0	5	3
g	32	321	1530	0	0	0	0	0	5	3
g	33	352	1517	5	13	0	0	13	5	3
g	34	384	1517	6	5	1	8	13	5	3
g	35	414	1517	11	13	0	0	13	11	3
g	36	445	1515	8	17	0	-2	15	8	3
g	37	477	1517	12	14	1	-1	13	13	3
g	38	507	1517	10	14	0	-1	13	10	3
g	39	539	1517	3	5	1	8	13	3	3
g	40	569	1516	6	16	0	-2	14	5	3
g	41	600	1516	6	16	0	-2	14	5	3
g	42	632	1516	6	7	1	7	14	6	3
g	43	662	1520	8	8	0	2	10	8	3
g	44	693	1527	3	5	0	-2	3	3	3
g	45	724	1523	6	3	0	4	7	6	3
g	46	755	1527	3	4	0	-1	3	4	3
g	47	786	1517	8	13	0	0	13	7	3
g	48	817	1517	9	14	0	-1	13	8	3
g	49	849	1517	5	13	1	0	13	5	3
g	50	879	1517	8	13	0	0	13	7	3
g	51	910	1517	8	14	0	-1	13	7	3
g	52	11	1546	9	13	0	0	13	8	3
g	53	42	1546	8	14	0	-1	13	7	3
g	54	73	1546	8	14	0	-1	13	7	3
g	55	105	1546	7	13	1	0	13	7	3
g	56	135	1546	8	14	0	-1	13	8	3
g	57	166	1546	8	14	0	-1	13	7	3
g	58	197	1550	5	9	0	0	9	4	3
g	59	228	1550	4	11	0	-2	9	4	3
g	60	259	1549	8	9	0	1	10	8	3
g	61	290	1550	8	6	0	3	9	8	3
g	62	321	1549	8	9	0	1	10	8	3
g	63	353	1546	7	14	1	-1	13	7	3
g	64	383	1547	14	14	0	-2	12	13	3
g	65	413	1546	9	13	-1	0	13	8	3
g	66	445	1546	9	13	0	0	13	8	3
g	67	476	1546	9	14	0	-1	13	8	3
g	68	507	1546	9	13	0	0	13	8	3
g	69	538	1546	9	13	0	0	13	8	3
g	70	569	1546	9	13	0	0	13	7	3
g	71	600	1546	9	14	0	-1	13	8	3
g	72	631	1546	9	13	0	0	13	8	3
g	73	662	1546	5	13	0	0	13	4	3
g	74	693	1546	8	14	0	-1	13	8	3
g	75	724	1546	10	13	0	0	13	8	3
g	76	755	1546	7	13	0	0	13	7	3
g	77	786	1546	10	13	0	0	13	9	3
g	78	817	1546	10	13	0	0	13	9	3
g	79	848	1546	9	14	0	-1	13	8	3
g	80	879	1546	9	13	0	0	13	8	3
g	81	910	1546	9	15	0	-2	13	8	3
g	82	11	1575	9	13	0	0	13	8	3
g	83	42	1575	8	14	0	-1	13	8	3
g	84	74	1575	8	13	1	0	13	8	3
g	85	104	1575	9	14	0	-1	13	8	3
g	86	136	1575	8	13	1	0	13	8	3
g	87	167	1575	12	13	1	0	13	12	3
g	88	197	1575	9	13	0	0	13	8	3
g	89	229	1575	8	13	1	0	13	8	3
g	90	259	1575	8	13	0	0	13	7	3
g	91	289	1573	7	18	-1	-3	15	6	3
g	92	322	1575	6	13	1	0	13	7	3
g	93	352	1573	7	18	0	-3	15	6	3
g	94	383	1575	8	8	0	5	13	7	3
g	95	413	1586	8	2	-1	0	2	7	3
g	96	446	1575	4	3	1	10	13	4	3
g	97	476	1578	8	11	0	-1	10	8	3
g	98	507	1575	8	14	0	-1	13	8	3
g	99	538	1578	8	11	0	-1	10	7	3
g	100	569	1575	9	14	0	-1	13	8	3
g	101	600	1578	8	11	0	-1	10	7	3
g	102	631	1575	6	13	0	0	13	5	3
g	103	662	1578	8	14	0	-4	10	8	3
g	104	693	1575	8	13	0	0	13	8	3
g	105	724	1574	5	14	0	0	14	4	3
g	106	753	1574	7	18	-2	-4	14	4	3
g	107	786	1575	8	13	0	0	13	8	3
g	108	817	1575	4	13	0	0	13	3	3
g	109	848	1578	12	10	0	0	10	12	3
g	110	879	1578	8	10	0	0	10	8	3
g	111	910	1578	8	11	0	-1	10	8	3
g	112	11	1607	8	14	0	-4	10	8	3
g	113	42	1607	8	14	0	-4	10	8	3
g	114	73	1607	7	10	0	0	10	5	3
g	115	104	1607	7	11	0	-1	10	7	3
g	116	135	1605	6	12	0	0	12	5	3
g	117	166	1607	8	11	0	-1	10	8	3
g	118	198	1607	7	10	1	0	10	7	3
g	119	229	1607	10	10	1	0	10	10	3
g	120	258	1607	9	10	-1	0	10	7	3
g	121	289	1607	9	14	-1	-4	10	7	3
g	122	321	1607	7	10	0	0	10	6	3
g	123	352	1602	7	18	0	-3	15	6	3
g	124	382	1603	5	16	-1	-2	14	3	3
g	125	413	1602	7	18	-1	-3	15	6	3
g	126	445	1610	9	4	0	3	7	8	3
g	160	476	1617	0	0	0	0	0	3	3
g	161	508	1604	4	13	1	0	13	5	3
g	162	538	1604	8	13	0	0	13	7	3
g	163	570	1604	9	13	1	0	13	9	3
g	164	600	1607	10	10	0	0	10	10	3
g	165	632	1604	9	13	1	0	13	9	3
g	166	661	1603	5	16	-1	-2	14	3	3
g	167	693	1604	8	17	0	-4	13	7	3
g	168	725	1603	6	4	1	10	14	6	3
g	169	756	1604	13	14	1	-1	13	14	3
g	170	786	1604	6	9	0	4	13	5	3
g	171	818	1608	7	8	1	1	9	8	3
g	172	848	1610	8	4	0	3	7	8	3
g	174	880	1604	8	8	1	5	13	8	3
g	175	912	1605	5	2	2	10	12	7	3
g	176	12	1631	7	7	1	8	15	6	3
g	177	42	1635	8	11	0	0	11	8	3
g	178	73	1630	6	9	0	7	16	5	3
g	179	105	1630	5	9	1	7	16	5	3
g	180	136	1633	4	3	1	10	13	4	3
g	181	166	1636	8	14	0	-4	10	8	3
g	182	198	1633	8	17	1	-4	13	9	3
g	183	228	1639	4	4	0	3	7	4	3
g	184	258	1646	3	4	-1	-4	0	2	3
g	185	291	1630	3	9	1	7	16	3	3
g	186	321	1633	6	9	0	4	13	5	3
g	187	352	1637	8	8	0	1	9	8	3
g	188	383	1633	13	13	0	0	13	12	3
g	189	414	1633	12	13	0	0	13	12	3
g	190	445	1633	14	13	0	0	13	13	3
g	191	475	1636	8	14	-1	-4	10	7	3
g	192	506	1629	9	17	-1	0	17	8	3
g	193	537	1629	9	17	-1	0	17	8	3
g	194	568	1629	9	17	-1	0	17	8	3
g	195	599	1629	10	17	-1	0	17	8	3
g	196	630	1629	10	17	-1	0	17	8	3
g	197	661	1628	9	18	-1	0	18	8	3
g	198	692	1633	15	13	-1	0	13	13	3
g	199	724	1633	9	17	0	-4	13	8	3
g	200	755	1629	9	17	0	0	17	8	3
g	201	786	1629	9	17	0	0	17	8	3
g	202	817	1629	9	17	0	0	17	8	3
g	203	848	1629	9	17	0	0	17	8	3
g	204	879	1629	5	17	0	0	17	4	3
g	205	910	1629	6	17	0	0	17	4	3
g	206	11	1658	6	17	0	0	17	4	3
g	207	42	1658	7	17	0	0	17	4	3
g	208	74	1662	8	13	1	0	13	9	3
g	209	104	1658	10	17	0	0	17	9	3
g	210	135	1659	9	17	0	-1	16	8	3
g	211	166	1659	9	17	0	-1	16	8	3
g	212	197	1659	9	17	0	-1	16	8	3
g	213	228	1658	9	18	0	-1	17	8	3
g	214	259	1658	9	18	0	-1	17	8	3
g	215	290	1666	7	7	0	2	9	7	3
g	216	321	1661	9	15	0	-1	14	10	3
g	217	352	1658	9	18	0	-1	17	8	3
g	218	383	1658	9	18	0	-1	17	8	3
g	219	414	1658	9	18	0	-1	17	8	3
g	220	445	1658	9	18	0	-1	17	8	3
g	221	477	1658	8	17	1	0	17	8	3
g	222	507	1662	8	13	0	0	13	8	3
g	223	538	1662	8	13	0	0	13	8	3
g	224	569	1662	8	14	0	-1	13	8	3
g	225	600	1662	8	14	0	-1	13	8	3
g	226	631	1662	8	14	0	-1	13	8	3
g	227	662	1662	8	14	0	-1	13	8	3
g	228	693	1661	8	15	0	-1	14	8	3
g	229	724	1660	8	16	0	-1	15	8	3
g	230	755	1665	12	11	0	-1	10	12	3
g	231	786	1665	8	14	0	-4	10	7	3
g	232	817	1662	8	14	0	-1	13	7	3
g	233	848	1662	8	14	0	-1	13	7	3
g	234	879	1662	8	14	0	-1	13	7	3
g	235	910	1661	8	15	0	-1	14	7	3
g	236	11	1691	4	13	0	0	13	3	3
g	237	42	1691	5	13	0	0	13	3	3
g	238	73	1691	5	13	0	0	13	3	3
g	239	103	1690	7	14	-1	0	14	3	3
g	240	135	1691	9	14	0	-1	13	8	3
g	241	166	1691	8	13	0	0	13	8	3
g	242	197	1691	8	14	0	-1	13	8	3
g	243	228	1691	8	14	0	-1	13	8	3
g	244	259	1691	8	14	0	-1	13	8	3
g	245	290	1691	8	14	0	-1	13	8	3
g	246	321	1690	8	15	0	-1	14	8	3
g	247	352	1694	8	9	0	1	10	8	3
g	248	383	1693	8	12	0	-1	11	8	3
g	249	414	1691	8	14	0	-1	13	8	3
g	250	445	1691	8	14	0	-1	13	8	3
g	251	476	1691	8	14	0	-1	13	8	3
g	252	507	1690	8	15	0	-1	14	8	3
g	253	537	1691	9	17	-1	-4	13	7	3
g	254	568	1691	9	17	-1	-4	13	8	3
g	255	599	1690	9	18	-1	-4	14	7	3
g	256	630	1688	9	16	-1	0	16	8	3
g	257	662	1692	8	13	0	-1	12	8	3
g	258	692	1688	9	16	-1	0	16	8	3
g	259	724	1692	8	13	0	-1	12	8	3
g	260	754	1691	9	17	-1	-4	13	8	3
g	261	786	1694	8	14	0	-4	10	8	3
g	262	817	1687	9	18	0	-1	17	8	3
g	263	848	1691	8	14	0	-1	13	7	3
g	264	879	1687	9	18	0	-1	17	8	3
g	265	910	1691	8	14	0	-1	13	7	3
g	266	11	1716	9	18	0	-1	17	8	3
g	267	42	1719	8	15	0	-1	14	7	3
g	268	73	1716	9	18	0	-1	17	8	3
g	269	104	1720	8	14	0	-1	13	7	3
g	270	135	1717	9	16	0	0	16	8	3
g	271	166	1720	12	14	0	-1	13	8	3
g	272	198	1720	8	13	1	0	13	9	3
g	273	228	1720	9	14	0	-1	13	8	3
g	274	259	1717	9	16	0	0	16	8	3
g	275	290	1720	8	14	0	-1	13	7	3
g	278	321	1716	9	17	0	0	17	8	3
g	279	352	1719	8	15	0	-1	14	7	3
g	280	383	1720	9	17	0	-4	13	8	3
g	281	414	1723	8	14	0	-4	10	7	3
g	282	445	1716	9	17	0	0	17	8	3
g	283	476	1720	8	14	0	-1	13	7	3
g	284	507	1716	9	18	0	-1	17	8	3
g	285	538	1720	8	17	0	-4	13	8	3
g	286	569	1717	9	17	0	-1	16	8	3
g	287	600	1721	8	16	0	-4	12	8	3
g	288	631	1716	9	18	0	-1	17	8	3
g	289	662	1719	8	18	0	-4	14	8	3
g	290	693	1720	9	17	0	-4	13	8	3
g	291	724	1720	8	17	0	-4	13	8	3
g	292	755	1716	9	17	0	0	17	8	3
g	293	786	1717	8	16	0	0	16	8	3
g	294	817	1720	10	13	0	0	13	8	3
g	295	848	1720	8	13	0	0	13	8	3
g	296	879	1716	7	17	0	0	17	4	3
g	297	910	1720	6	13	0	0	13	3	3
g	298	11	1746	6	16	0	0	16	4	3
g	299	42	1750	5	12	0	0	12	3	3
g	301	73	1749	5	13	0	0	13	3	3
g	302	103	1749	6	17	-1	-4	13	4	3
g	303	135	1748	5	18	0	-4	14	4	3
g	304	166	1745	5	17	0	0	17	4	3
g	305	197	1752	4	10	0	0	10	3	3
g	307	228	1748	8	18	0	-4	14	7	3
g	308	259	1745	10	18	0	-1	17	8	3
g	309	288	1749	8	17	-2	-4	13	4	3
g	310	321	1749	10	17	0	-4	13	8	3
g	311	352	1749	8	17	0	-4	13	8	3
g	313	383	1745	7	17	0	0	17	7	3
g	314	414	1745	6	17	0	0	17	3	3
g	315	445	1749	7	17	0	-4	13	7	3
g	316	474	1749	6	17	-2	-4	13	3	3
g	317	507	1749	8	13	0	0	13	7	3
g	318	538	1749	8	13	0	0	13	7	3
g	320	569	1745	5	17	0	0	17	4	3
g	321	599	1749	10	13	-1	0	13	8	3
g	322	631	1749	7	13	0	0	13	6	3
g	323	662	1745	10	17	0	0	17	9	3
g	324	693	1749	8	13	0	0	13	8	3
g	325	724	1749	10	17	0	-4	13	9	3
g	326	755	1752	8	14	0	-4	10	8	3
g	327	786	1745	10	17	0	0	17	9	3
g	328	817	1749	8	13	0	0	13	8	3
g	330	848	1749	10	17	0	-4	13	9	3
g	331	879	1752	8	14	0	-4	10	8	3
g	332	910	1746	9	17	0	-1	16	8	3
g	333	11	1779	8	13	0	-1	12	8	3
g	335	42	1778	8	14	0	-1	13	8	3
g	336	73	1775	9	17	0	-1	16	8	3
g	337	104	1778	9	14	0	-1	13	8	3
g	338	135	1778	13	14	0	-1	13	12	3
g	339	166	1781	12	11	0	-1	10	12	3
g	340	197	1774	9	17	0	0	17	8	3
g	341	228	1778	7	13	0	0	13	5	3
g	342	259	1778	9	17	0	-4	13	8	3
g	343	288	1781	9	14	-2	-4	10	5	3
g	344	321	1774	9	17	0	0	17	8	3
g	345	352	1778	7	13	0	0	13	5	3
g	346	383	1774	8	18	0	-1	17	8	3
g	347	414	1778	7	14	0	-1	13	7	3
g	348	445	1774	8	18	0	-1	17	8	3
g	349	476	1778	7	14	0	-1	13	7	3
g	350	507	1778	8	17	0	-4	13	8	3
g	351	538	1781	7	14	0	-4	10	7	3
g	352	569	1774	8	18	0	-1	17	8	3
g	353	600	1778	8	14	0	-1	13	7	3
g	354	632	1778	8	17	1	-4	13	8	3
g	355	662	1779	6	16	0	-4	12	5	3
g	356	694	1775	8	16	1	0	16	8	3
g	357	724	1778	8	13	0	0	13	5	3
g	358	756	1778	8	13	1	0	13	8	3
g	359	786	1779	6	12	0	0	12	5	3
g	360	817	1774	9	18	0	-1	17	8	3
g	361	848	1778	8	14	0	-1	13	8	3
g	362	879	1775	9	17	0	-1	16	8	3
g	363	910	1779	8	13	0	-1	12	8	3
g	364	11	1804	9	17	0	-1	16	8	3
g	365	42	1807	8	14	0	-1	13	8	3
g	366	73	1802	9	19	0	-1	18	8	3
g	367	104	1805	8	16	0	-1	15	8	3
g	368	135	1803	10	18	0	-1	17	8	3
g	369	166	1807	9	14	0	-1	13	8	3
g	370	197	1807	9	17	0	-4	13	8	3
g	371	228	1810	8	14	0	-4	10	8	3
g	372	260	1803	12	17	1	0	17	11	3
g	373	291	1807	10	13	1	0	13	10	3
g	374	322	1803	8	17	1	0	17	8	3
g	375	351	1807	9	17	-1	-4	13	7	3
g	376	384	1803	8	17	1	0	17	8	3
g	377	414	1803	8	17	0	0	17	7	3
g	378	445	1807	7	13	0	0	13	6	3
g	379	476	1803	8	17	0	0	17	7	3
g	380	507	1806	7	14	0	0	14	6	3
g	381	538	1803	8	17	0	0	17	7	3
g	382	569	1807	7	13	0	0	13	6	3
g	399	600	1807	10	14	0	-1	13	9	3
g	402	630	1807	11	17	-1	-4	13	8	3
g	416	662	1805	9	16	0	-1	15	8	3
g	417	693	1809	8	12	0	-1	11	8	3
g	431	724	1805	11	16	0	-1	15	8	3
g	432	755	1809	10	12	0	-1	11	8	3
g	461	785	1804	9	16	-1	0	16	8	3
g	462	817	1807	8	14	0	-1	13	8	3
g	468	848	1807	8	14	0	-1	13	8	3
g	485	879	1810	8	14	0	-4	10	8	3
g	487	910	1807	8	17	0	-4	13	8	3
g	489	11	1833	8	16	0	0	16	8	3
g	495	42	1836	8	17	0	-4	13	7	3
g	511	73	1836	8	14	0	-1	13	8	3
g	536	104	1836	8	17	0	-4	13	8	3
g	537	135	1839	7	14	0	-4	10	7	3
g	538	166	1836	9	17	0	-4	13	8	3
g	539	197	1837	6	16	0	-4	12	5	3
g	543	228	1833	8	16	0	0	16	8	3
g	552	259	1836	9	17	0	-4	13	8	3
g	553	290	1839	8	14	0	-4	10	7	3
g	567	319	1839	6	14	-2	-4	10	4	3
g	601	352	1839	8	11	0	-1	10	7	3
g	658	383	1839	8	14	0	-4	10	7	3
g	699	415	1836	3	5	1	8	13	3	3
g	700	445	1836	5	5	0	8	13	3	3
g	710	477	1836	5	3	1	10	13	5	3
g	711	508	1836	6	3	1	10	13	5	3
g	713	539	1836	4	2	1	11	13	4	3
g	728	570	1837	5	3	1	9	12	5	3
g	729	601	1835	3	4	1	10	14	3	3
g	730	632	1834	5	5	1	10	15	5	3
g	731	661	1849	3	4	-1	-4	0	2	3
g	732	694	1836	6	3	1	10	13	6	3
g	733	725	1836	6	3	1	10	13	6	3
g	768	753	1836	3	3	-2	10	13	0	3
g	769	783	1836	4	3	-3	10	13	0	3
g	770	812	1836	6	3	-5	10	13	0	3
g	771	844	1836	6	3	-4	10	13	0	3
g	772	876	1836	5	3	-3	10	13	0	3
g	774	906	1836	5	3	-4	10	13	0	3
g	775	9	1864	3	4	-2	10	14	0	3
g	776	37	1864	7	4	-5	10	14	0	3
g	777	67	1864	4	5	-6	9	14	0	3
g	778	101	1863	5	5	-3	10	15	0	3
g	779	130	1865	6	3	-5	10	13	0	3
g	780	162	1865	5	3	-4	10	13	0	3
g	786	194	1865	4	3	-3	10	13	0	3
g	787	225	1865	4	3	-3	10	13	0	3
g	795	257	1867	3	3	-2	8	11	0	3
g	803	286	1879	4	4	-4	-5	-1	0	3
g	806	316	1878	4	4	-5	-4	0	0	3
g	807	348	1878	4	4	-4	-4	0	0	3
g	808	379	1878	4	4	-4	-4	0	0	3
g	821	409	1866	6	2	-5	10	12	0	3
g	822	437	1867	9	2	-8	9	11	0	3
g	823	469	1869	9	7	-7	2	9	0	3
g	824	499	1864	10	15	-8	-1	14	0	3
g	916	537	1865	10	13	-1	0	13	9	3
g	937	569	1865	9	13	0	0	13	9	3
g	956	600	1868	8	14	0	-4	10	8	3
g	960	632	1868	9	11	1	-1	10	9	3
g	7808	663	1861	12	17	1	0	17	11	3
g	7809	694	1865	10	13	1	0	13	10	3
g	7810	725	1861	12	17	1	0	17	11	3
g	7811	756	1865	10	13	1	0	13	10	3
g	7812	787	1861	12	17	1	0	17	11	3
g	7813	818	1864	10	14	1	0	14	10	3
g	7840	847	1865	9	18	-1	-5	13	8	3
g	7841	879	1868	8	15	0	-5	10	8	3
g	7842	909	1861	9	17	-1	0	17	8	3
g	7843	11	1893	8	15	0	-1	14	8	3
g	7844	41	1889	12	18	-1	0	18	8	3
g	7845	73	1892	11	16	0	-1	15	8	3
g	7846	103	1888	10	19	-1	0	19	8	3
g	7847	135	1892	9	16	0	-1	15	8	3
g	7848	165	1888	11	19	-1	0	19	8	3
g	7849	197	1891	10	17	0	-1	16	8	3
g	7850	227	1888	10	19	-1	0	19	8	3
g	7851	259	1891	8	17	0	-1	16	8	3
g	7852	289	1890	9	22	-1	-5	17	8	3
g	7853	321	1894	8	18	0	-5	13	8	3
g	7854	351	1888	9	19	-1	0	19	8	3
g	7855	383	1891	8	17	0	-1	16	8	3
g	7856	413	1888	9	19	-1	0	19	8	3
g	7857	445	1891	8	17	0	-1	16	8	3
g	7858	475	1887	9	20	-1	0	20	8	3
g	7859	507	1891	8	17	0	-1	16	8	3
g	7860	537	1888	10	19	-1	0	19	8	3
g	7861	569	1891	8	17	0	-1	16	8	3
g	7862	599	1891	9	21	-1	-5	16	8	3
g	7863	631	1894	8	18	0	-5	13	8	3
g	7864	662	1894	9	18	0	-5	13	8	3
g	7865	693	1897	8	15	0	-5	10	7	3
g	7866	724	1890	9	17	0	0	17	8	3
g	7867	755	1893	8	15	0	-1	14	7	3
g	7868	786	1890	9	17	0	0	17	8	3
g	7869	817	1894	8	14	0	-1	13	7	3
g	7870	848	1889	11	18	0	0	18	8	3
g	7871	879	1892	11	16	0	-1	15	7	3
g	7872	910	1888	9	19	0	0	19	8	3
g	7873	11	1921	9	16	0	-1	15	7	3
g	7874	42	1917	10	19	0	0	19	8	3
g	7875	73	1920	10	17	0	-1	16	7	3
g	7876	104	1917	9	19	0	0	19	8	3
g	7877	135	1920	8	17	0	-1	16	7	3
g	7878	166	1919	9	22	0	-5	17	8	3
g	7879	197	1923	8	18	0	-5	13	7	3
g	7880	228	1919	6	17	0	0	17	4	3
g	7881	259	1922	5	14	0	0	14	3	3
g	7882	290	1923	5	18	0	-5	13	4	3
g	7883	320	1922	6	19	-1	-5	14	4	3
g	7884	352	1923	9	18	0	-5	13	8	3
g	7885	383	1926	8	15	0	-5	10	8	3
g	7886	414	1919	9	18	0	-1	17	8	3
g	7887	445	1922	8	15	0	-1	14	8	3
g	7888	476	1918	11	19	0	-1	18	8	3
g	7889	507	1921	11	16	0	-1	15	8	3
g	7890	538	1917	10	20	0	-1	19	8	3
g	7891	569	1921	9	16	0	-1	15	8	3
g	7892	600	1917	10	20	0	-1	19	8	3
g	7893	631	1920	10	17	0	-1	16	8	3
g	7894	662	1917	9	20	0	-1	19	8	3
g	7895	693	1920	8	17	0	-1	16	8	3
g	7896	724	1920	9	21	0	-5	16	8	3
g	7897	755	1923	8	18	0	-5	13	8	3
g	7898	786	1920	9	17	0	-1	16	8	3
g	7899	817	1923	8	14	0	-1	13	8	3
g	7900	848	1920	9	17	0	-1	16	8	3
g	7901	879	1923	8	14	0	-1	13	8	3
g	7902	910	1919	9	18	0	-1	17	8	3
g	7903	11	1951	8	15	0	-1	14	8	3
g	7904	42	1948	9	18	0	-1	17	8	3
g	7905	73	1952	8	14	0	-1	13	8	3
g	7906	104	1950	9	20	0	-5	15	8	3
g	7907	135	1954	8	16	0	-5	11	8	3
g	7908	166	1952	9	18	0	-5	13	8	3
g	7909	197	1955	8	15	0	-5	10	8	3
g	7910	228	1948	9	18	0	-1	17	8	3
g	7911	259	1951	8	15	0	-1	14	8	3
g	7912	290	1948	11	18	0	-1	17	8	3
g	7913	321	1952	10	14	0	-1	13	8	3
g	7914	352	1948	11	18	0	-1	17	8	3
g	7915	383	1952	10	14	0	-1	13	8	3
g	7916	414	1948	11	18	0	-1	17	8	3
g	7917	445	1951	10	15	0	-1	14	8	3
g	7918	476	1948	11	18	0	-1	17	8	3
g	7919	507	1952	10	14	0	-1	13	8	3
g	7920	538	1950	11	20	0	-5	15	8	3
g	7921	569	1954	10	16	0	-5	11	8	3
g	7922	601	1948	8	17	1	0	17	8	3
g	7923	630	1952	9	17	-1	-4	13	7	3
g	7924	663	1952	8	18	1	-5	13	8	3
g	7925	692	1955	9	15	-1	-5	10	7	3
g	7926	725	1948	8	17	1	0	17	8	3
g	7927	754	1951	9	18	-1	-4	14	7	3
g	7928	787	1948	8	17	1	0	17	8	3
g	7929	816	1952	9	17	-1	-4	13	7	3
g	8208	848	1958	6	3	0	4	7	6	3
g	8211	879	1958	7	3	0	4	7	7	3
g	8212	910	1958	11	3	0	4	7	10	3
g	8216	11	1981	5	5	0	8	13	3	3
g	8217	42	1981	5	5	0	8	13	3	3
g	8218	73	1991	3	5	0	-2	3	10	3
g	8220	104	1981	7	5	0	8	13	6	3
g	8221	135	1981	7	5	0	8	13	6	3
g	8222	165	1991	7	5	-1	-2	3	5	3
g	8224	197	1981	7	17	0	-4	13	6	3
g	8225	228	1981	7	17	0	-4	13	6	3
g	8226	259	1986	6	6	0	2	8	5	3
g	8230	290	1991	12	4	0	-1	3	12	3
g	8240	321	1981	18	14	0	-1	13	18	3
g	8242	352	1981	5	5	0	8	13	7	3
g	8243	384	1981	6	5	1	8	13	6	3
g	8249	415	1985	4	8	1	1	9	5	3
g	8250	445	1985	5	8	0	1	9	5	3
g	8260	473	1981	11	13	-3	0	13	4	3
g	8308	507	1978	6	9	0	7	16	5	3
g	8309	539	1978	5	9	1	7	16	4	3
g	8310	570	1978	5	9	1	7	16	5	3
g	8311	601	1978	5	9	1	7	16	4	3
g	8312	632	1978	5	9	1	7	16	5	3
g	8313	663	1978	5	9	1	7	16	5	3
g	8355	693	1981	10	13	0	0	13	8	3
g	8364	724	1981	9	14	0	-1	13	9	3
g	8378	756	1981	9	13	1	0	13	10	3
g	8381	786	1981	10	13	0	0	13	9	3
g	8467	817	1981	8	14	0	-1	13	7	3
g	8482	849	1981	10	7	1	6	13	9	3
g	8486	879	1981	9	13	0	0	13	9	3
g	8494	911	1981	14	14	1	-1	13	14	3
g	8539	11	2010	13	14	0	-1	13	12	3
g	8540	42	2010	14	14	0	-1	13	13	3
g	8541	73	2010	13	14	0	-1	13	13	3
g	8542	104	2010	13	14	0	-1	13	12	3
g	8706	135	2010	9	14	0	-1	13	9	3
g	8710	165	2010	10	13	-1	0	13	9	3
g	8719	197	2008	9	19	0	-4	15	8	3
g	8721	228	2009	10	18	0	-4	14	9	3
g	8722	259	2016	8	3	0	4	7	8	3
g	8725	290	2010	9	13	0	0	13	8	3
g	8729	321	2015	6	5	0	3	8	5	3
g	8730	352	2008	13	19	0	-4	15	12	3
g	8734	383	2014	12	7	0	2	9	11	3
g	8747	413	2010	8	17	-1	-4	13	6	3
g	8776	445	2014	9	7	0	2	9	8	3
g	8800	476	2013	8	9	0	1	10	8	3
g	8804	507	2012	9	11	0	0	11	8	3
g	8805	538	2012	8	11	0	0	11	8	3
g	9674	569	2009	8	15	0	-1	14	7	3
g	10217	600	2011	5	14	0	-2	12	5	3
g	64257	631	2009	10	14	0	0	14	9	3
g	64258	662	2010	9	13	0	0	13	9	3
