atlas	2048	2048	24	24	4.8	28.8
g	13	14	28	0	0	0	0	0	7	0
g	32	54	28	0	0	0	0	0	7	0
g	33	95	11	4	17	1	0	17	6	0
g	34	134	11	6	6	0	11	17	6	0
g	35	175	11	12	17	1	0	17	14	0
g	36	214	8	10	23	0	-3	20	10	0
g	37	255	10	17	19	1	-1	18	19	0
g	38	294	11	12	18	0	-1	17	13	0
g	39	334	11	3	6	0	11	17	3	0
g	40	373	9	5	22	-1	-3	19	5	0
g	41	415	9	5	22	1	-3	19	5	0
g	42	454	10	9	9	0	9	18	9	0
g	43	494	15	10	10	0	3	13	11	0
g	44	534	24	4	6	0	-2	4	4	0
g	45	574	19	7	3	0	6	9	8	0
g	46	614	25	4	3	0	0	3	5	0
g	47	654	11	7	17	0	0	17	8	0
g	48	695	10	9	19	1	-1	18	11	0
g	49	734	11	5	17	0	0	17	6	0
g	50	774	11	9	17	0	0	17	10	0
g	51	814	11	9	18	0	-1	17	10	0
g	52	854	11	10	17	0	0	17	10	0
g	53	895	11	8	18	1	-1	17	10	0
g	54	935	11	8	18	1	-1	17	10	0
g	55	974	11	9	17	0	0	17	9	0
g	56	1015	10	8	19	1	-1	18	10	0
g	57	1054	11	9	18	0	-1	17	10	0
g	58	1095	17	3	11	1	0	11	5	0
g	59	1135	16	3	14	1	-2	12	5	0
g	60	1174	16	10	11	0	1	12	11	0
g	61	1214	16	10	8	0	4	12	11	0
g	62	1254	16	10	11	0	1	12	11	0
g	63	1294	10	9	18	0	0	18	9	0
g	64	1335	13	17	18	1	-3	15	18	0
g	65	1374	11	10	17	0	0	17	10	0
g	66	1415	11	9	17	1	0	17	11	0
g	67	1455	11	9	18	1	-1	17	11	0
g	68	1495	11	9	17	1	0	17	11	0
g	69	15	47	9	17	1	0	17	10	0
g	70	55	47	9	17	1	0	17	10	0
g	71	95	47	9	18	1	-1	17	11	0
g	72	135	47	9	17	1	0	17	11	0
g	73	175	47	3	17	1	0	17	5	0
g	74	214	47	9	18	0	-1	17	10	0
g	75	255	47	10	17	1	0	17	11	0
g	76	295	47	9	17	1	0	17	10	0
g	77	335	47	10	17	1	0	17	13	0
g	78	375	47	10	17	1	0	17	12	0
g	79	415	47	9	18	1	-1	17	11	0
g	80	455	47	9	17	1	0	17	11	0
g	81	495	47	9	20	1	-3	17	11	0
g	82	535	47	9	17	1	0	17	11	0
g	83	574	47	10	18	0	-1	17	10	0
g	84	614	47	10	17	0	0	17	10	0
g	85	655	47	9	18	1	-1	17	11	0
g	86	694	47	10	17	0	0	17	11	0
g	87	734	47	15	17	0	0	17	15	0
g	88	774	47	10	17	0	0	17	10	0
g	89	814	47	10	17	0	0	17	10	0
g	90	854	47	9	17	0	0	17	9	0
g	91	894	45	5	22	0	-3	19	7	0
g	92	935	47	7	17	1	0	17	8	0
g	93	976	45	5	22	2	-3	19	7	0
g	94	1014	47	9	10	0	7	17	10	0
g	95	1054	62	9	2	0	0	2	9	0
g	96	1094	47	4	4	0	13	17	4	0
g	97	1134	51	9	14	0	-1	13	10	0
g	98	1175	47	8	18	1	-1	17	10	0
g	99	1215	51	8	14	1	-1	13	10	0
g	100	1255	47	8	18	1	-1	17	10	0
g	101	1295	51	8	14	1	-1	13	10	0
g	102	1334	47	6	17	0	0	17	7	0
g	103	1375	51	8	18	1	-5	13	10	0
g	104	1415	47	8	17	1	0	17	10	0
g	105	1455	46	3	18	1	0	18	5	0
g	106	1493	46	5	23	-1	-5	18	5	0
g	107	15	83	9	17	1	0	17	10	0
g	108	55	83	3	17	1	0	17	4	0
g	109	95	87	14	13	1	0	13	16	0
g	110	135	87	8	13	1	0	13	10	0
g	111	175	87	8	14	1	-1	13	10	0
g	112	215	87	9	18	1	-5	13	10	0
g	113	255	87	8	18	1	-5	13	10	0
g	114	295	87	6	13	1	0	13	7	0
g	115	334	87	9	14	0	-1	13	9	0
g	116	374	84	6	16	0	0	16	6	0
g	117	415	87	8	14	1	-1	13	10	0
g	118	454	87	9	13	0	0	13	9	0
g	119	494	87	13	13	0	0	13	13	0
g	120	534	87	9	13	0	0	13	9	0
g	121	574	87	9	18	0	-5	13	9	0
g	122	614	87	8	13	0	0	13	9	0
g	123	654	81	6	22	0	-3	19	7	0
g	124	694	81	3	21	0	-2	19	3	0
g	125	734	81	6	22	0	-3	19	7	0
g	126	774	91	11	4	0	5	9	11	0
g	160	814	100	0	0	0	0	0	5	0
g	161	855	83	4	17	1	0	17	6	0
g	162	895	83	8	17	1	0	17	10	0
g	163	935	83	11	17	1	0	17	12	0
g	164	974	87	12	12	0	1	13	12	0
g	165	1015	83	10	17	1	0	17	13	0
g	166	1054	81	3	21	0	-2	19	3	0
g	167	1095	83	8	22	1	-5	17	9	0
g	168	1134	82	7	4	0	14	18	7	0
g	169	1175	83	18	18	1	-1	17	20	0
g	170	1214	83	6	11	0	6	17	7	0
g	171	1255	89	9	9	1	2	11	11	0
g	172	1294	91	10	5	0	4	9	11	0
g	174	1334	82	10	11	0	7	18	11	0
g	175	1377	84	6	2	3	14	16	12	0
g	176	1414	80	9	9	0	11	20	9	0
g	177	1454	87	10	13	0	0	13	11	0
g	178	1494	79	6	11	0	10	21	6	0
g	179	14	115	6	11	0	10	21	6	0
g	180	54	119	4	4	0	13	17	4	0
g	181	95	123	8	18	1	-5	13	10	0
g	182	134	119	10	22	0	-5	17	11	0
g	183	175	127	3	4	1	5	9	5	0
g	184	214	136	3	5	0	-5	0	3	0
g	185	254	115	3	11	0	10	21	3	0
g	186	294	119	7	11	0	6	17	7	0
g	187	335	125	9	9	1	2	11	11	0
g	188	374	119	16	17	0	0	17	16	0
g	189	414	119	16	17	0	0	17	16	0
g	190	454	119	18	17	0	0	17	18	0
g	191	494	124	9	18	0	-6	12	9	0
g	192	534	114	10	22	0	0	22	10	0
g	193	574	114	10	22	0	0	22	10	0
g	194	614	114	10	22	0	0	22	10	0
g	195	654	114	10	22	0	0	22	10	0
g	196	694	114	10	22	0	0	22	10	0
g	197	734	112	10	24	0	0	24	10	0
g	198	774	119	16	17	0	0	17	17	0
g	199	815	119	9	22	1	-5	17	11	0
g	200	855	114	9	22	1	0	22	10	0
g	201	895	114	9	22	1	0	22	10	0
g	202	935	114	9	22	1	0	22	10	0
g	203	975	114	9	22	1	0	22	10	0
g	204	1014	114	4	22	0	0	22	5	0
g	205	1055	114	4	22	1	0	22	5	0
g	206	1093	114	7	22	-1	0	22	5	0
g	207	1133	114	7	22	-1	0	22	5	0
g	208	1175	119	10	17	1	0	17	12	0
g	209	1215	114	10	22	1	0	22	12	0
g	210	1255	114	9	23	1	-1	22	11	0
g	211	1295	114	9	23	1	-1	22	11	0
g	212	1335	114	9	23	1	-1	22	11	0
g	213	1375	114	9	23	1	-1	22	11	0
g	214	1415	114	9	23	1	-1	22	11	0
g	215	1454	124	9	9	0	3	12	9	0
g	216	1495	118	9	19	1	-1	18	13	0
g	217	15	150	9	23	1	-1	22	11	0
g	218	55	150	9	23	1	-1	22	11	0
g	219	95	150	9	23	1	-1	22	11	0
g	220	135	150	9	23	1	-1	22	11	0
g	221	174	150	10	22	0	0	22	10	0
g	222	215	155	9	17	1	0	17	11	0
g	223	255	154	9	18	1	0	18	10	0
g	224	294	155	9	18	0	-1	17	10	0
g	225	334	155	9	18	0	-1	17	10	0
g	226	374	155	9	18	0	-1	17	10	0
g	227	414	155	9	18	0	-1	17	10	0
g	228	454	154	9	19	0	-1	18	10	0
g	229	494	152	9	21	0	-1	20	10	0
g	230	534	159	15	14	0	-1	13	16	0
g	231	575	159	8	18	1	-5	13	10	0
g	232	615	155	8	18	1	-1	17	10	0
g	233	655	155	8	18	1	-1	17	10	0
g	234	695	155	8	18	1	-1	17	10	0
g	235	735	154	8	19	1	-1	18	10	0
g	236	773	155	4	17	-1	0	17	4	0
g	237	814	155	4	17	0	0	17	4	0
g	238	853	155	6	17	-1	0	17	4	0
g	239	892	154	8	18	-2	0	18	4	0
g	240	935	155	9	18	1	-1	17	10	0
g	241	975	155	8	17	1	0	17	10	0
g	242	1015	155	8	18	1	-1	17	10	0
g	243	1055	155	8	18	1	-1	17	10	0
g	244	1095	155	8	18	1	-1	17	10	0
g	245	1135	155	8	18	1	-1	17	10	0
g	246	1175	154	8	19	1	-1	18	10	0
g	247	1214	159	10	11	0	2	13	11	0
g	248	1255	158	8	16	1	-2	14	10	0
g	249	1295	155	8	18	1	-1	17	10	0
g	250	1335	155	8	18	1	-1	17	10	0
g	251	1375	155	8	18	1	-1	17	10	0
g	252	1415	154	8	19	1	-1	18	10	0
g	253	1454	155	9	22	0	-5	17	9	0
g	254	1495	155	8	22	1	-5	17	10	0
g	255	14	190	9	23	0	-5	18	9	0
g	256	54	187	10	21	0	0	21	10	0
g	257	94	192	9	17	0	-1	16	10	0
g	258	134	187	10	21	0	0	21	10	0
g	259	174	192	9	17	0	-1	16	10	0
g	260	214	191	10	22	0	-5	17	10	0
g	261	254	195	9	18	0	-5	13	10	0
g	262	295	186	9	23	1	-1	22	11	0
g	263	335	191	8	18	1	-1	17	10	0
g	264	375	186	9	23	1	-1	22	11	0
g	265	415	191	8	18	1	-1	17	10	0
g	266	455	186	9	23	1	-1	22	11	0
g	267	495	190	8	19	1	-1	18	10	0
g	268	535	186	9	23	1	-1	22	11	0
g	269	575	191	8	18	1	-1	17	10	0
g	270	615	186	9	22	1	0	22	11	0
g	271	655	191	13	18	1	-1	17	10	0
g	272	695	191	10	17	1	0	17	12	0
g	273	735	191	9	18	1	-1	17	10	0
g	274	775	187	9	21	1	0	21	10	0
g	275	815	191	8	18	1	-1	17	10	0
g	278	855	186	9	22	1	0	22	10	0
g	279	895	190	8	19	1	-1	18	10	0
g	280	935	191	9	22	1	-5	17	10	0
g	281	975	195	8	18	1	-5	13	10	0
g	282	1015	186	9	22	1	0	22	10	0
g	283	1055	191	8	18	1	-1	17	10	0
g	284	1095	186	9	23	1	-1	22	11	0
g	285	1135	191	8	22	1	-5	17	10	0
g	286	1175	187	9	22	1	-1	21	11	0
g	287	1215	192	8	21	1	-5	16	10	0
g	288	1255	186	9	23	1	-1	22	11	0
g	289	1295	190	8	23	1	-5	18	10	0
g	290	1335	191	9	22	1	-5	17	11	0
g	291	1375	191	8	22	1	-5	17	10	0
g	292	1415	186	9	22	1	0	22	11	0
g	293	1455	187	8	21	1	0	21	10	0
g	294	1494	191	11	17	0	0	17	11	0
g	295	14	227	9	17	0	0	17	10	0
g	296	53	222	7	22	-1	0	22	5	0
g	297	93	227	7	17	-1	0	17	4	0
g	298	134	223	5	21	0	0	21	5	0
g	299	173	228	6	16	-1	0	16	4	0
g	301	213	227	6	17	-1	0	17	4	0
g	302	254	227	4	22	0	-5	17	4	0
g	303	295	226	4	23	1	-5	18	5	0
g	304	335	222	3	22	1	0	22	5	0
g	305	375	231	2	13	1	0	13	4	0
g	307	415	226	8	23	1	-5	18	10	0
g	308	454	222	11	23	0	-1	22	10	0
g	309	493	227	6	22	-1	-5	17	5	0
g	310	535	227	10	22	1	-5	17	11	0
g	311	575	227	9	22	1	-5	17	10	0
g	313	615	222	9	22	1	0	22	10	0
g	314	655	222	4	22	1	0	22	4	0
g	315	695	227	9	22	1	-5	17	10	0
g	316	733	227	5	22	-1	-5	17	4	0
g	317	775	227	9	17	1	0	17	10	0
g	318	815	227	6	17	1	0	17	8	0
g	320	855	222	4	22	1	0	22	5	0
g	321	893	227	11	17	-1	0	17	10	0
g	322	934	227	7	17	0	0	17	7	0
g	323	975	222	10	22	1	0	22	12	0
g	324	1015	227	8	17	1	0	17	10	0
g	325	1055	227	10	22	1	-5	17	12	0
g	326	1095	231	8	18	1	-5	13	10	0
g	327	1135	222	10	22	1	0	22	12	0
g	328	1175	227	8	17	1	0	17	10	0
g	330	1215	227	10	21	1	-4	17	12	0
g	331	1255	231	8	17	1	-4	13	10	0
g	332	1295	223	9	22	1	-1	21	11	0
g	333	1335	228	8	17	1	-1	16	10	0
g	335	1375	227	8	18	1	-1	17	10	0
g	336	1415	222	9	23	1	-1	22	11	0
g	337	1455	227	8	18	1	-1	17	10	0
g	338	1495	227	15	18	1	-1	17	16	0
g	339	15	267	14	14	1	-1	13	16	0
g	340	55	258	9	22	1	0	22	11	0
g	341	95	263	6	17	1	0	17	7	0
g	342	135	263	9	22	1	-5	17	11	0
g	343	173	267	8	18	-1	-5	13	7	0
g	344	215	258	9	22	1	0	22	11	0
g	345	255	263	6	17	1	0	17	7	0
g	346	294	258	10	23	0	-1	22	10	0
g	347	334	263	9	18	0	-1	17	9	0
g	348	374	258	10	23	0	-1	22	10	0
g	349	414	263	9	18	0	-1	17	9	0
g	350	454	263	10	22	0	-5	17	10	0
g	351	494	267	9	18	0	-5	13	9	0
g	352	534	258	10	23	0	-1	22	10	0
g	353	574	263	9	18	0	-1	17	9	0
g	354	614	263	10	22	0	-5	17	10	0
g	355	654	264	6	20	0	-4	16	6	0
g	356	694	258	10	22	0	0	22	10	0
g	357	734	263	8	17	0	0	17	6	0
g	358	774	263	10	17	0	0	17	10	0
g	359	814	264	6	16	0	0	16	6	0
g	360	855	258	9	23	1	-1	22	11	0
g	361	895	263	8	18	1	-1	17	10	0
g	362	935	259	9	22	1	-1	21	11	0
g	363	975	264	8	17	1	-1	16	10	0
g	364	1015	258	9	23	1	-1	22	11	0
g	365	1055	263	8	18	1	-1	17	10	0
g	366	1095	256	9	25	1	-1	24	11	0
g	367	1135	260	8	21	1	-1	20	10	0
g	368	1175	258	9	23	1	-1	22	11	0
g	369	1215	263	8	18	1	-1	17	10	0
g	370	1255	263	9	22	1	-5	17	11	0
g	371	1295	267	9	18	1	-5	13	10	0
g	372	1334	258	15	22	0	0	22	15	0
g	373	1374	263	13	17	0	0	17	13	0
g	374	1414	258	10	22	0	0	22	10	0
g	375	1454	263	9	22	0	-5	17	9	0
g	376	1494	258	10	22	0	0	22	10	0
g	377	14	294	9	22	0	0	22	9	0
g	378	54	299	8	17	0	0	17	9	0
g	379	94	294	9	22	0	0	22	9	0
g	380	134	298	8	18	0	0	18	9	0
g	381	174	294	9	22	0	0	22	9	0
g	382	214	299	8	17	0	0	17	9	0
g	399	255	299	11	18	1	-1	17	12	0
g	402	294	298	11	24	0	-6	18	11	0
g	416	335	297	9	20	1	-1	19	11	0
g	417	375	301	8	16	1	-1	15	10	0
g	431	415	297	11	20	1	-1	19	11	0
g	432	455	301	10	16	1	-1	15	10	0
g	461	494	294	10	22	0	0	22	10	0
g	462	534	299	9	18	0	-1	17	10	0
g	468	575	299	8	18	1	-1	17	10	0
g	485	615	303	10	18	1	-5	13	10	0
g	487	655	299	8	22	1	-5	17	10	0
g	489	695	294	9	22	1	0	22	10	0
g	495	735	299	9	22	1	-5	17	11	0
g	511	775	299	8	19	1	-2	17	10	0
g	536	814	299	10	22	0	-5	17	10	0
g	537	854	303	9	18	0	-5	13	9	0
g	538	894	299	10	22	0	-5	17	10	0
g	539	934	300	6	21	0	-5	16	6	0
g	543	975	294	8	22	1	0	22	10	0
g	552	1015	299	9	22	1	-5	17	10	0
g	553	1055	303	8	18	1	-5	13	10	0
g	567	1093	303	5	18	-1	-5	13	5	0
g	601	1135	303	8	14	1	-1	13	10	0
g	658	1175	303	9	18	1	-5	13	11	0
g	699	1214	299	3	6	0	11	17	3	0
g	700	1254	299	3	6	0	11	17	3	0
g	710	1294	299	6	4	0	13	17	6	0
g	711	1334	299	6	4	0	13	17	7	0
g	713	1374	299	5	2	0	15	17	5	0
g	728	1414	300	6	3	0	13	16	6	0
g	729	1454	298	4	4	0	14	18	4	0
g	730	1494	296	6	7	0	13	20	6	0
g	731	14	352	3	5	0	-5	0	3	0
g	732	54	335	7	3	0	14	17	7	0
g	733	94	335	7	4	0	13	17	7	0
g	768	130	335	4	4	-4	13	17	0	0
g	769	170	335	4	4	-4	13	17	0	0
g	770	208	335	6	4	-6	13	17	0	0
g	771	247	335	7	3	-7	14	17	0	0
g	772	289	335	5	3	-5	14	17	0	0
g	774	328	335	6	4	-6	13	17	0	0
g	775	371	334	3	4	-3	14	18	0	0
g	776	407	334	7	4	-7	14	18	0	0
g	777	444	334	5	5	-10	13	18	0	0
g	778	489	332	6	7	-5	13	20	0	0
g	779	527	335	7	4	-7	13	17	0	0
g	780	568	335	6	4	-6	13	17	0	0
g	786	610	335	4	4	-4	13	17	0	0
g	787	650	335	4	4	-4	13	17	0	0
g	795	690	337	4	4	-4	11	15	0	0
g	803	731	354	3	3	-3	-5	-2	0	0
g	806	770	353	4	4	-4	-5	-1	0	0
g	807	811	352	3	5	-3	-5	0	0	0
g	808	851	352	3	5	-3	-5	0	0	0
g	821	887	337	7	2	-7	13	15	0	0
g	822	923	338	11	2	-11	12	14	0	0
g	823	966	341	10	8	-8	3	11	0	0
g	824	1004	334	10	19	-10	-1	18	0	0
g	916	1054	335	12	17	0	0	17	12	0
g	937	1095	335	10	17	1	0	17	12	0
g	956	1135	339	8	18	1	-5	13	10	0
g	960	1174	339	12	13	0	0	13	12	0
g	7808	1214	330	15	22	0	0	22	15	0
g	7809	1254	335	13	17	0	0	17	13	0
g	7810	1294	330	15	22	0	0	22	15	0
g	7811	1334	335	13	17	0	0	17	13	0
g	7812	1374	330	15	22	0	0	22	15	0
g	7813	1414	334	13	18	0	0	18	13	0
g	7840	1454	335	10	22	0	-5	17	10	0
g	7841	1494	339	9	18	0	-5	13	10	0
g	7842	14	365	10	23	0	0	23	10	0
g	7843	54	370	9	19	0	-1	18	10	0
g	7844	94	364	11	24	0	0	24	10	0
g	7845	134	369	11	20	0	-1	19	10	0
g	7846	174	363	10	25	0	0	25	10	0
g	7847	214	368	9	21	0	-1	20	10	0
g	7848	254	362	10	26	0	0	26	10	0
g	7849	294	367	10	22	0	-1	21	10	0
g	7850	334	363	10	25	0	0	25	10	0
g	7851	374	368	9	21	0	-1	20	10	0
g	7852	414	366	10	27	0	-5	22	10	0
g	7853	454	371	9	22	0	-5	17	10	0
g	7854	494	362	10	26	0	0	26	10	0
g	7855	534	367	9	22	0	-1	21	10	0
g	7856	574	362	10	26	0	0	26	10	0
g	7857	614	367	9	22	0	-1	21	10	0
g	7858	654	362	10	26	0	0	26	10	0
g	7859	694	366	9	23	0	-1	22	10	0
g	7860	734	363	10	25	0	0	25	10	0
g	7861	774	368	9	21	0	-1	20	10	0
g	7862	814	366	10	27	0	-5	22	10	0
g	7863	854	371	9	22	0	-5	17	10	0
g	7864	895	371	9	22	1	-5	17	10	0
g	7865	935	375	8	18	1	-5	13	10	0
g	7866	975	365	9	23	1	0	23	10	0
g	7867	1015	370	8	19	1	-1	18	10	0
g	7868	1055	366	9	22	1	0	22	10	0
g	7869	1095	371	8	18	1	-1	17	10	0
g	7870	1135	364	11	24	1	0	24	10	0
g	7871	1175	369	10	20	1	-1	19	10	0
g	7872	1215	363	9	25	1	0	25	10	0
g	7873	1255	368	8	21	1	-1	20	10	0
g	7874	1295	362	10	26	1	0	26	10	0
g	7875	1335	367	9	22	1	-1	21	10	0
g	7876	1375	363	9	25	1	0	25	10	0
g	7877	1415	368	8	21	1	-1	20	10	0
g	7878	1455	366	9	27	1	-5	22	10	0
g	7879	1495	371	8	22	1	-5	17	10	0
g	7880	14	401	5	23	0	0	23	5	0
g	7881	53	406	6	18	-1	0	18	4	0
g	7882	95	407	3	22	1	-5	17	5	0
g	7883	135	406	3	23	1	-5	18	5	0
g	7884	175	407	9	22	1	-5	17	11	0
g	7885	215	411	8	18	1	-5	13	10	0
g	7886	255	401	9	24	1	-1	23	11	0
g	7887	295	406	8	19	1	-1	18	10	0
g	7888	335	400	11	25	1	-1	24	11	0
g	7889	375	405	10	20	1	-1	19	10	0
g	7890	415	399	9	26	1	-1	25	11	0
g	7891	455	404	8	21	1	-1	20	10	0
g	7892	495	398	10	27	1	-1	26	11	0
g	7893	535	403	9	22	1	-1	21	10	0
g	7894	575	399	9	26	1	-1	25	11	0
g	7895	615	404	8	21	1	-1	20	10	0
g	7896	655	402	9	27	1	-5	22	11	0
g	7897	695	407	8	22	1	-5	17	10	0
g	7898	735	402	9	23	1	-1	22	11	0
g	7899	775	407	8	18	1	-1	17	10	0
g	7900	815	402	9	23	1	-1	22	11	0
g	7901	855	407	8	18	1	-1	17	10	0
g	7902	895	401	9	24	1	-1	23	11	0
g	7903	935	406	8	19	1	-1	18	10	0
g	7904	975	402	9	23	1	-1	22	11	0
g	7905	1015	407	8	18	1	-1	17	10	0
g	7906	1055	405	9	24	1	-5	19	11	0
g	7907	1095	409	8	20	1	-5	15	10	0
g	7908	1135	407	9	22	1	-5	17	11	0
g	7909	1175	411	8	18	1	-5	13	10	0
g	7910	1215	401	9	24	1	-1	23	11	0
g	7911	1255	406	8	19	1	-1	18	10	0
g	7912	1295	402	11	23	1	-1	22	11	0
g	7913	1335	407	10	18	1	-1	17	10	0
g	7914	1375	402	11	23	1	-1	22	11	0
g	7915	1415	407	10	18	1	-1	17	10	0
g	7916	1455	401	11	24	1	-1	23	11	0
g	7917	1495	406	10	19	1	-1	18	10	0
g	7918	15	438	11	23	1	-1	22	11	0
g	7919	55	443	10	18	1	-1	17	10	0
g	7920	95	441	11	24	1	-5	19	11	0
g	7921	135	445	10	20	1	-5	15	10	0
g	7922	174	438	10	22	0	0	22	10	0
g	7923	214	443	9	22	0	-5	17	9	0
g	7924	254	443	10	22	0	-5	17	10	0
g	7925	294	447	9	18	0	-5	13	9	0
g	7926	334	437	10	23	0	0	23	10	0
g	7927	374	442	9	23	0	-5	18	9	0
g	7928	414	438	10	22	0	0	22	10	0
g	7929	454	443	9	22	0	-5	17	9	0
g	8208	494	451	7	3	0	6	9	8	0
g	8211	534	452	9	2	0	6	8	9	0
g	8212	574	452	14	2	0	6	8	14	0
g	8216	614	443	3	6	0	11	17	3	0
g	8217	654	443	3	6	0	11	17	3	0
g	8218	694	456	4	6	0	-2	4	14	0
g	8220	734	443	6	6	0	11	17	6	0
g	8221	774	443	6	6	0	11	17	6	0
g	8222	814	456	6	6	0	-2	4	6	0
g	8224	854	443	8	22	0	-5	17	8	0
g	8225	894	443	8	22	0	-5	17	8	0
g	8226	934	450	7	7	0	3	10	7	0
g	8230	974	457	15	3	0	0	3	15	0
g	8240	1014	443	24	18	0	-1	17	24	0
g	8242	1054	443	3	6	0	11	17	6	0
g	8243	1094	443	7	6	0	11	17	7	0
g	8249	1135	449	5	9	1	2	11	7	0
g	8250	1175	449	6	9	1	2	11	8	0
g	8260	1210	443	13	17	-4	0	17	5	0
g	8308	1254	439	6	11	0	10	21	6	0
g	8309	1294	439	6	11	0	10	21	6	0
g	8310	1334	439	6	11	0	10	21	6	0
g	8311	1374	439	6	11	0	10	21	5	0
g	8312	1414	439	6	11	0	10	21	6	0
g	8313	1454	439	6	11	0	10	21	6	0
g	8355	1495	443	10	17	1	0	17	11	0
g	8364	15	479	10	18	1	-1	17	12	0
g	8378	55	479	12	18	1	-1	17	13	0
g	8381	95	479	11	17	1	0	17	12	0
g	8467	135	479	8	18	1	-1	17	10	0
g	8482	174	479	12	9	0	8	17	12	0
g	8486	215	479	10	17	1	0	17	12	0
g	8494	255	479	18	18	1	-1	17	20	0
g	8539	294	479	16	18	0	-1	17	16	0
g	8540	334	479	18	18	0	-1	17	18	0
g	8541	374	479	17	18	0	-1	17	17	0
g	8542	414	479	16	18	0	-1	17	16	0
g	8706	455	479	11	18	1	-1	17	13	0
g	8710	494	479	12	17	0	0	17	12	0
g	8719	535	476	9	25	1	-5	20	11	0
g	8721	575	478	11	23	1	-5	18	12	0
g	8722	614	487	10	3	0	6	9	11	0
g	8725	654	479	10	17	0	0	17	11	0
g	8729	694	485	7	7	0	4	11	7	0
g	8730	734	477	15	24	0	-5	19	16	0
g	8734	774	484	15	9	0	3	12	15	0
g	8747	814	479	7	22	0	-5	17	8	0
g	8776	854	484	11	9	0	3	12	11	0
g	8800	894	482	10	12	0	2	14	11	0
g	8804	934	482	10	14	0	0	14	11	0
g	8805	974	482	10	14	0	0	14	11	0
g	9674	1014	478	9	20	0	-2	18	10	0
g	10217	1055	480	5	19	1	-3	16	8	0
g	64257	1094	478	11	18	0	0	18	12	0
g	64258	1134	479	10	17	0	0	17	11	0
g	13	1174	496	0	0	0	0	0	7	1
g	32	1214	496	0	0	0	0	0	7	1
g	33	1255	479	4	17	1	0	17	6	1
g	34	1294	479	7	6	0	11	17	7	1
g	35	1335	479	13	17	1	0	17	15	1
g	36	1374	477	10	21	0	-2	19	10	1
g	37	1415	478	17	19	1	-1	18	19	1
g	38	1454	479	14	18	0	-1	17	14	1
g	39	1494	479	4	6	0	11	17	4	1
g	40	14	513	6	22	0	-3	19	7	1
g	41	55	513	6	22	1	-3	19	7	1
g	42	94	514	9	9	0	9	18	9	1
g	43	134	519	10	11	0	2	13	11	1
g	44	174	528	4	7	0	-3	4	5	1
g	45	214	523	8	3	0	6	9	8	1
g	46	254	528	5	5	0	-1	4	5	1
g	47	294	515	9	17	0	0	17	9	1
g	48	334	514	10	19	0	-1	18	11	1
g	49	374	515	6	17	0	0	17	7	1
g	50	414	515	10	17	0	0	17	10	1
g	51	454	515	10	18	0	-1	17	10	1
g	52	494	515	11	17	0	0	17	11	1
g	53	534	515	10	18	0	-1	17	10	1
g	54	574	515	10	18	0	-1	17	10	1
g	55	614	515	10	17	0	0	17	9	1
g	56	654	514	10	19	0	-1	18	10	1
g	57	694	515	10	18	0	-1	17	10	1
g	58	735	520	4	12	1	0	12	6	1
g	59	774	520	5	15	0	-3	12	5	1
g	60	814	519	10	12	0	1	13	11	1
g	61	854	520	10	8	0	4	12	11	1
g	62	894	519	10	12	0	1	13	11	1
g	63	934	514	10	19	0	-1	18	10	1
g	64	974	516	18	18	0	-2	16	18	1
g	65	1014	515	11	17	0	0	17	11	1
g	66	1055	515	10	17	1	0	17	11	1
g	67	1095	515	10	18	1	-1	17	11	1
g	68	1135	515	10	17	1	0	17	11	1
g	69	1175	515	9	17	1	0	17	10	1
g	70	1215	515	9	17	1	0	17	10	1
g	71	1255	515	10	18	1	-1	17	11	1
g	72	1295	515	10	17	1	0	17	11	1
g	73	1335	515	4	17	1	0	17	5	1
g	74	1374	515	10	18	0	-1	17	11	1
g	75	1415	515	11	17	1	0	17	11	1
g	76	1455	515	9	17	1	0	17	10	1
g	77	1495	515	11	17	1	0	17	13	1
g	78	15	551	10	17	1	0	17	12	1
g	79	55	551	10	18	1	-1	17	11	1
g	80	95	551	10	17	1	0	17	11	1
g	81	135	551	9	20	1	-3	17	11	1
g	82	175	551	10	17	1	0	17	11	1
g	83	214	551	10	18	0	-1	17	10	1
g	84	254	551	11	17	0	0	17	11	1
g	85	295	551	10	18	1	-1	17	11	1
g	86	334	551	11	17	0	0	17	11	1
g	87	374	551	16	17	0	0	17	16	1
g	88	414	551	11	17	0	0	17	11	1
g	89	454	551	11	17	0	0	17	11	1
g	90	494	551	10	17	0	0	17	10	1
g	91	534	549	6	23	0	-4	19	8	1
g	92	575	551	8	17	1	0	17	9	1
g	93	616	549	6	23	2	-4	19	8	1
g	94	654	551	10	10	0	7	17	10	1
g	95	694	565	10	3	0	0	3	10	1
g	96	734	551	5	4	0	13	17	5	1
g	97	774	555	10	14	0	-1	13	10	1
g	98	815	551	9	18	1	-1	17	10	1
g	99	854	555	10	14	0	-1	13	10	1
g	100	894	551	10	18	0	-1	17	10	1
g	101	934	555	10	14	0	-1	13	10	1
g	102	974	551	7	17	0	0	17	7	1
g	103	1014	555	10	18	0	-5	13	10	1
g	104	1055	551	9	17	1	0	17	11	1
g	105	1094	550	5	18	0	0	18	5	1
g	106	1132	550	7	23	-2	-5	18	5	1
g	107	1175	551	9	17	1	0	17	10	1
g	108	1215	551	3	17	1	0	17	5	1
g	109	1255	555	14	13	1	0	13	16	1
g	110	1295	555	9	13	1	0	13	11	1
g	111	1334	555	10	14	0	-1	13	10	1
g	112	1375	555	9	18	1	-5	13	11	1
g	113	1414	555	10	18	0	-5	13	11	1
g	114	1455	555	7	13	1	0	13	8	1
g	115	1494	555	10	14	0	-1	13	10	1
g	116	14	588	7	16	0	0	16	7	1
g	117	55	591	9	14	1	-1	13	11	1
g	118	94	591	10	13	0	0	13	10	1
g	119	134	591	14	13	0	0	13	14	1
g	120	174	591	10	13	0	0	13	10	1
g	121	214	591	10	18	0	-5	13	10	1
g	122	254	591	9	13	0	0	13	9	1
g	123	294	585	7	23	0	-4	19	8	1
g	124	334	585	4	21	0	-2	19	4	1
g	125	374	585	7	23	0	-4	19	8	1
g	126	414	595	11	4	0	5	9	12	1
g	160	454	604	0	0	0	0	0	5	1
g	161	495	587	4	17	1	0	17	6	1
g	162	534	587	10	17	0	0	17	10	1
g	163	575	587	11	17	1	0	17	12	1
g	164	614	590	13	13	0	1	14	13	1
g	165	655	587	11	17	1	0	17	13	1
g	166	694	585	4	21	0	-2	19	4	1
g	167	734	587	10	22	0	-5	17	10	1
g	168	774	586	8	5	0	13	18	8	1
g	169	815	587	18	18	1	-1	17	19	1
g	170	854	587	7	11	0	6	17	7	1
g	171	895	593	9	9	1	2	11	11	1
g	172	934	595	10	5	0	4	9	11	1
g	174	974	586	11	11	0	7	18	10	1
g	175	1016	588	6	2	2	14	16	9	1
g	176	1054	584	9	9	0	11	20	9	1
g	177	1094	590	10	14	0	0	14	11	1
g	178	1134	583	6	11	0	10	21	6	1
g	179	1174	583	6	11	0	10	21	7	1
g	180	1214	587	5	4	0	13	17	5	1
g	181	1255	591	9	18	1	-5	13	11	1
g	182	1294	587	11	22	0	-5	17	12	1
g	183	1334	595	5	4	0	5	9	5	1
g	184	1374	604	4	5	0	-5	0	3	1
g	185	1414	583	4	11	0	10	21	4	1
g	186	1454	587	7	11	0	6	17	7	1
g	187	1495	593	9	9	1	2	11	11	1
g	188	14	623	17	17	0	0	17	17	1
g	189	54	623	17	17	0	0	17	16	1
g	190	94	623	19	17	0	0	17	19	1
g	191	134	627	10	19	0	-6	13	10	1
g	192	174	618	11	22	0	0	22	11	1
g	193	214	618	11	22	0	0	22	11	1
g	194	254	618	11	22	0	0	22	11	1
g	195	294	618	11	22	0	0	22	11	1
g	196	334	618	11	22	0	0	22	11	1
g	197	374	616	11	24	0	0	24	11	1
g	198	414	623	17	17	0	0	17	18	1
g	199	455	623	10	22	1	-5	17	11	1
g	200	495	618	9	22	1	0	22	10	1
g	201	535	618	9	22	1	0	22	10	1
g	202	575	618	9	22	1	0	22	10	1
g	203	615	618	9	22	1	0	22	10	1
g	204	653	618	6	22	-1	0	22	5	1
g	205	695	618	5	22	1	0	22	5	1
g	206	733	618	7	22	-1	0	22	5	1
g	207	772	618	9	22	-2	0	22	5	1
g	208	815	623	11	17	1	0	17	12	1
g	209	855	618	10	22	1	0	22	12	1
g	210	895	618	10	23	1	-1	22	11	1
g	211	935	618	10	23	1	-1	22	11	1
g	212	975	618	10	23	1	-1	22	11	1
g	213	1015	618	10	23	1	-1	22	11	1
g	214	1055	618	10	23	1	-1	22	11	1
g	215	1094	628	9	9	0	3	12	9	1
g	216	1134	622	11	20	0	-2	18	14	1
g	217	1175	618	10	23	1	-1	22	11	1
g	218	1215	618	10	23	1	-1	22	11	1
g	219	1255	618	10	23	1	-1	22	11	1
g	220	1295	618	10	23	1	-1	22	11	1
g	221	1334	618	11	22	0	0	22	11	1
g	222	1375	623	10	17	1	0	17	11	1
g	223	1415	623	9	17	1	0	17	11	1
g	224	1454	623	10	18	0	-1	17	10	1
g	225	1494	623	10	18	0	-1	17	10	1
g	226	14	659	10	18	0	-1	17	10	1
g	227	54	659	10	18	0	-1	17	10	1
g	228	94	658	10	19	0	-1	18	10	1
g	229	134	656	10	21	0	-1	20	10	1
g	230	174	663	16	14	0	-1	13	16	1
g	231	214	663	10	18	0	-5	13	10	1
g	232	254	659	10	18	0	-1	17	10	1
g	233	294	659	10	18	0	-1	17	10	1
g	234	334	659	10	18	0	-1	17	10	1
g	235	374	658	10	19	0	-1	18	10	1
g	236	413	659	5	17	-1	0	17	4	1
g	237	454	659	5	17	0	0	17	4	1
g	238	492	659	8	17	-2	0	17	4	1
g	239	532	658	8	18	-2	0	18	4	1
g	240	574	659	10	18	0	-1	17	11	1
g	241	615	659	9	17	1	0	17	11	1
g	242	654	659	10	18	0	-1	17	10	1
g	243	694	659	10	18	0	-1	17	10	1
g	244	734	659	10	18	0	-1	17	10	1
g	245	774	659	10	18	0	-1	17	10	1
g	246	814	658	10	19	0	-1	18	10	1
g	247	854	662	10	12	0	2	14	11	1
g	248	894	662	10	16	0	-2	14	11	1
g	249	935	659	9	18	1	-1	17	11	1
g	250	975	659	9	18	1	-1	17	11	1
g	251	1015	659	9	18	1	-1	17	11	1
g	252	1055	658	9	19	1	-1	18	11	1
g	253	1094	659	10	22	0	-5	17	10	1
g	254	1135	659	9	22	1	-5	17	10	1
g	255	1174	658	10	23	0	-5	18	10	1
g	256	1214	655	11	21	0	0	21	11	1
g	257	1254	660	10	17	0	-1	16	10	1
g	258	1294	655	11	21	0	0	21	11	1
g	259	1334	660	10	17	0	-1	16	10	1
g	260	1374	659	11	22	0	-5	17	11	1
g	261	1414	663	10	18	0	-5	13	10	1
g	262	1455	654	10	23	1	-1	22	11	1
g	263	1494	659	10	18	0	-1	17	10	1
g	264	15	690	10	23	1	-1	22	11	1
g	265	54	695	10	18	0	-1	17	10	1
g	266	95	690	10	23	1	-1	22	11	1
g	267	134	694	10	19	0	-1	18	10	1
g	268	175	690	10	23	1	-1	22	11	1
g	269	214	695	10	18	0	-1	17	10	1
g	270	255	690	10	22	1	0	22	11	1
g	271	294	695	15	18	0	-1	17	10	1
g	272	335	695	11	17	1	0	17	12	1
g	273	374	695	11	18	0	-1	17	10	1
g	274	415	691	9	21	1	0	21	10	1
g	275	454	695	10	18	0	-1	17	10	1
g	278	495	690	9	22	1	0	22	10	1
g	279	534	694	10	19	0	-1	18	10	1
g	280	575	695	9	22	1	-5	17	10	1
g	281	614	699	10	18	0	-5	13	10	1
g	282	655	690	9	22	1	0	22	10	1
g	283	694	695	10	18	0	-1	17	10	1
g	284	735	690	10	23	1	-1	22	11	1
g	285	774	695	10	22	0	-5	17	10	1
g	286	815	691	10	22	1	-1	21	11	1
g	287	854	696	10	21	0	-5	16	10	1
g	288	895	690	10	23	1	-1	22	11	1
g	289	934	694	10	23	0	-5	18	10	1
g	290	975	695	10	22	1	-5	17	11	1
g	291	1014	695	10	22	0	-5	17	10	1
g	292	1055	690	10	22	1	0	22	11	1
g	293	1095	691	9	21	1	0	21	11	1
g	294	1134	695	12	17	0	0	17	11	1
g	295	1173	695	11	17	-1	0	17	11	1
g	296	1213	690	8	22	-1	0	22	5	1
g	297	1253	695	7	17	-1	0	17	4	1
g	298	1294	691	6	21	0	0	21	5	1
g	299	1333	696	6	16	-1	0	16	4	1
g	301	1373	695	6	17	-1	0	17	4	1
g	302	1414	695	5	22	0	-5	17	5	1
g	303	1455	694	4	23	1	-5	18	5	1
g	304	1495	690	4	22	1	0	22	5	1
g	305	14	735	4	13	0	0	13	4	1
g	307	54	730	10	23	0	-5	18	10	1
g	308	94	726	12	23	0	-1	22	11	1
g	309	132	731	8	22	-2	-5	17	5	1
g	310	175	731	11	22	1	-5	17	11	1
g	311	215	731	9	22	1	-5	17	10	1
g	313	255	726	9	22	1	0	22	10	1
g	314	295	726	4	22	1	0	22	5	1
g	315	335	731	9	22	1	-5	17	10	1
g	316	373	731	5	22	-1	-5	17	5	1
g	317	415	731	9	17	1	0	17	10	1
g	318	455	731	8	17	1	0	17	9	1
g	320	495	726	4	22	1	0	22	5	1
g	321	533	731	12	17	-1	0	17	11	1
g	322	574	731	9	17	0	0	17	8	1
g	323	615	726	10	22	1	0	22	12	1
g	324	655	731	9	17	1	0	17	11	1
g	325	695	731	10	22	1	-5	17	12	1
g	326	735	735	9	18	1	-5	13	11	1
g	327	775	726	10	22	1	0	22	12	1
g	328	815	731	9	17	1	0	17	11	1
g	330	855	731	10	22	1	-5	17	12	1
g	331	895	735	9	18	1	-5	13	11	1
g	332	935	727	10	22	1	-1	21	11	1
g	333	974	732	10	17	0	-1	16	10	1
g	335	1014	731	10	18	0	-1	17	10	1
g	336	1055	726	10	23	1	-1	22	11	1
g	337	1094	731	10	18	0	-1	17	10	1
g	338	1135	731	15	18	1	-1	17	17	1
g	339	1174	735	16	14	0	-1	13	16	1
g	340	1215	726	10	22	1	0	22	11	1
g	341	1255	731	7	17	1	0	17	8	1
g	342	1295	731	10	22	1	-5	17	11	1
g	343	1333	735	9	18	-1	-5	13	8	1
g	344	1375	726	10	22	1	0	22	11	1
g	345	1415	731	7	17	1	0	17	8	1
g	346	1454	726	10	23	0	-1	22	10	1
g	347	1494	731	10	18	0	-1	17	10	1
g	348	14	762	10	23	0	-1	22	10	1
g	349	54	767	10	18	0	-1	17	10	1
g	350	94	767	10	22	0	-5	17	10	1
g	351	134	771	10	18	0	-5	13	10	1
g	352	174	762	10	23	0	-1	22	10	1
g	353	214	767	10	18	0	-1	17	10	1
g	354	254	767	11	22	0	-5	17	11	1
g	355	294	768	7	21	0	-5	16	7	1
g	356	334	762	11	22	0	0	22	11	1
g	357	374	767	9	17	0	0	17	7	1
g	358	414	767	11	17	0	0	17	11	1
g	359	454	768	7	16	0	0	16	7	1
g	360	495	762	10	23	1	-1	22	11	1
g	361	535	767	9	18	1	-1	17	11	1
g	362	575	763	10	22	1	-1	21	11	1
g	363	615	768	9	17	1	-1	16	11	1
g	364	655	763	10	22	1	-1	21	11	1
g	365	695	767	9	18	1	-1	17	11	1
g	366	735	760	10	25	1	-1	24	11	1
g	367	775	764	9	21	1	-1	20	11	1
g	368	815	762	10	23	1	-1	22	11	1
g	369	855	767	9	18	1	-1	17	11	1
g	370	895	767	10	22	1	-5	17	11	1
g	371	935	771	9	18	1	-5	13	11	1
g	372	974	762	16	22	0	0	22	16	1
g	373	1014	767	14	17	0	0	17	14	1
g	374	1054	762	11	22	0	0	22	11	1
g	375	1094	767	10	22	0	-5	17	10	1
g	376	1134	762	11	22	0	0	22	11	1
g	377	1174	762	10	22	0	0	22	10	1
g	378	1214	767	9	17	0	0	17	9	1
g	379	1254	762	10	22	0	0	22	10	1
g	380	1294	766	9	18	0	0	18	9	1
g	381	1334	762	10	22	0	0	22	10	1
g	382	1374	767	9	17	0	0	17	9	1
g	399	1414	767	12	18	0	-1	17	13	1
g	402	1454	767	11	22	0	-5	17	11	1
g	416	1495	765	10	20	1	-1	19	11	1
g	417	14	805	10	16	0	-1	15	10	1
g	431	55	801	12	20	1	-1	19	11	1
g	432	95	805	11	16	1	-1	15	11	1
g	461	134	798	11	22	0	0	22	11	1
g	462	174	803	10	18	0	-1	17	10	1
g	468	215	803	9	18	1	-1	17	11	1
g	485	254	807	11	18	0	-5	13	11	1
g	487	294	803	10	22	0	-5	17	10	1
g	489	335	798	9	22	1	0	22	10	1
g	495	374	803	10	22	0	-5	17	10	1
g	511	414	803	10	19	0	-2	17	10	1
g	536	454	803	10	22	0	-5	17	10	1
g	537	494	807	10	18	0	-5	13	10	1
g	538	534	803	11	22	0	-5	17	11	1
g	539	574	804	7	21	0	-5	16	7	1
g	543	615	798	9	22	1	0	22	11	1
g	552	655	803	9	22	1	-5	17	10	1
g	553	694	807	10	18	0	-5	13	10	1
g	567	732	807	6	18	-2	-5	13	5	1
g	601	774	807	10	14	0	-1	13	10	1
g	658	814	807	10	18	0	-5	13	10	1
g	699	854	803	4	6	0	11	17	4	1
g	700	894	803	4	6	0	11	17	4	1
g	710	934	803	7	4	0	13	17	7	1
g	711	974	803	7	4	0	13	17	7	1
g	713	1014	803	6	3	0	14	17	5	1
g	728	1054	804	6	3	0	13	16	6	1
g	729	1094	802	4	5	0	13	18	4	1
g	730	1134	800	7	7	0	13	20	6	1
g	731	1173	820	5	5	-1	-5	0	3	1
g	732	1214	803	8	3	0	14	17	8	1
g	733	1254	803	8	4	0	13	17	8	1
g	768	1289	803	5	4	-5	13	17	0	1
g	769	1329	803	5	4	-5	13	17	0	1
g	770	1367	803	7	4	-7	13	17	0	1
g	771	1407	803	7	3	-7	14	17	0	1
g	772	1448	803	6	3	-6	14	17	0	1
g	774	1488	803	6	4	-6	13	17	0	1
g	775	10	838	4	5	-4	13	18	0	1
g	776	46	838	8	5	-8	13	18	0	1
g	777	84	838	5	5	-10	13	18	0	1
g	778	128	836	7	7	-6	13	20	0	1
g	779	166	839	8	4	-8	13	17	0	1
g	780	207	839	7	4	-7	13	17	0	1
g	786	249	839	5	4	-5	13	17	0	1
g	787	289	839	5	4	-5	13	17	0	1
g	795	330	841	4	5	-4	10	15	0	1
g	803	370	858	4	4	-4	-6	-2	0	1
g	806	409	857	5	4	-5	-5	-1	0	1
g	807	450	856	4	5	-4	-5	0	0	1
g	808	490	856	4	5	-4	-5	0	0	1
g	821	527	840	7	3	-7	13	16	0	1
g	822	562	841	12	3	-12	12	15	0	1
g	823	605	844	11	9	-9	3	12	0	1
g	824	644	838	10	19	-10	-1	18	0	1
g	916	694	839	13	17	0	0	17	13	1
g	937	735	839	10	17	1	0	17	12	1
g	956	775	843	9	18	1	-5	13	11	1
g	960	814	843	13	14	0	-1	13	13	1
g	7808	854	834	16	22	0	0	22	16	1
g	7809	894	839	14	17	0	0	17	14	1
g	7810	934	834	16	22	0	0	22	16	1
g	7811	974	839	14	17	0	0	17	14	1
g	7812	1014	834	16	22	0	0	22	16	1
g	7813	1054	838	14	18	0	0	18	14	1
g	7840	1094	839	11	23	0	-6	17	11	1
g	7841	1134	843	10	19	0	-6	13	10	1
g	7842	1174	833	11	23	0	0	23	11	1
g	7843	1214	838	10	19	0	-1	18	10	1
g	7844	1254	832	13	24	0	0	24	11	1
g	7845	1294	837	13	20	0	-1	19	10	1
g	7846	1334	831	11	25	0	0	25	11	1
g	7847	1374	836	10	21	0	-1	20	10	1
g	7848	1414	830	12	26	0	0	26	11	1
g	7849	1454	835	11	22	0	-1	21	10	1
g	7850	1494	831	11	25	0	0	25	11	1
g	7851	14	871	10	22	0	-1	21	10	1
g	7852	54	870	11	28	0	-6	22	11	1
g	7853	94	875	10	23	0	-6	17	10	1
g	7854	134	866	11	26	0	0	26	11	1
g	7855	174	871	10	22	0	-1	21	10	1
g	7856	214	866	11	26	0	0	26	11	1
g	7857	254	871	10	22	0	-1	21	10	1
g	7858	294	866	11	26	0	0	26	11	1
g	7859	334	870	10	23	0	-1	22	10	1
g	7860	374	867	11	25	0	0	25	11	1
g	7861	414	871	10	22	0	-1	21	10	1
g	7862	454	871	11	27	0	-6	21	11	1
g	7863	494	875	10	23	0	-6	17	10	1
g	7864	535	875	9	23	1	-6	17	10	1
g	7865	574	879	10	19	0	-6	13	10	1
g	7866	615	869	9	23	1	0	23	10	1
g	7867	654	874	10	19	0	-1	18	10	1
g	7868	695	870	9	22	1	0	22	10	1
g	7869	734	875	10	18	0	-1	17	10	1
g	7870	775	868	12	24	1	0	24	10	1
g	7871	814	873	12	20	0	-1	19	10	1
g	7872	855	867	10	25	1	0	25	10	1
g	7873	894	872	10	21	0	-1	20	10	1
g	7874	935	866	11	26	1	0	26	10	1
g	7875	974	871	11	22	0	-1	21	10	1
g	7876	1015	867	9	25	1	0	25	10	1
g	7877	1054	871	10	22	0	-1	21	10	1
g	7878	1095	870	9	28	1	-6	22	10	1
g	7879	1134	875	10	23	0	-6	17	10	1
g	7880	1174	869	6	23	0	0	23	5	1
g	7881	1213	874	6	18	-1	0	18	4	1
g	7882	1255	875	4	23	1	-6	17	5	1
g	7883	1294	874	5	24	0	-6	18	5	1
g	7884	1335	875	10	23	1	-6	17	11	1
g	7885	1374	879	10	19	0	-6	13	10	1
g	7886	1415	869	10	24	1	-1	23	11	1
g	7887	1454	874	10	19	0	-1	18	10	1
g	7888	1495	868	12	25	1	-1	24	11	1
g	7889	14	909	13	20	0	-1	19	10	1
g	7890	55	903	10	26	1	-1	25	11	1
g	7891	94	908	10	21	0	-1	20	10	1
g	7892	135	902	11	27	1	-1	26	11	1
g	7893	174	907	11	22	0	-1	21	10	1
g	7894	215	903	10	26	1	-1	25	11	1
g	7895	254	907	10	22	0	-1	21	10	1
g	7896	295	906	10	28	1	-6	22	11	1
g	7897	334	911	10	23	0	-6	17	10	1
g	7898	375	906	10	23	1	-1	22	11	1
g	7899	414	911	10	18	0	-1	17	10	1
g	7900	455	906	10	23	1	-1	22	11	1
g	7901	494	911	10	18	0	-1	17	10	1
g	7902	535	905	10	24	1	-1	23	11	1
g	7903	574	910	10	19	0	-1	18	10	1
g	7904	615	906	10	23	1	-1	22	11	1
g	7905	654	910	10	19	0	-1	18	10	1
g	7906	695	909	10	25	1	-6	19	11	1
g	7907	734	913	10	21	0	-6	15	10	1
g	7908	775	911	10	23	1	-6	17	11	1
g	7909	815	915	9	19	1	-6	13	11	1
g	7910	855	905	10	24	1	-1	23	11	1
g	7911	895	910	9	19	1	-1	18	11	1
g	7912	935	906	12	23	1	-1	22	11	1
g	7913	975	911	11	18	1	-1	17	11	1
g	7914	1015	906	12	23	1	-1	22	11	1
g	7915	1055	911	11	18	1	-1	17	11	1
g	7916	1095	905	12	24	1	-1	23	11	1
g	7917	1135	910	11	19	1	-1	18	11	1
g	7918	1175	906	12	23	1	-1	22	11	1
g	7919	1215	911	11	18	1	-1	17	11	1
g	7920	1255	909	12	25	1	-6	19	11	1
g	7921	1295	913	11	21	1	-6	15	11	1
g	7922	1334	906	11	22	0	0	22	11	1
g	7923	1374	911	10	22	0	-5	17	10	1
g	7924	1414	911	11	23	0	-6	17	11	1
g	7925	1454	915	10	19	0	-6	13	10	1
g	7926	1494	905	11	23	0	0	23	11	1
g	7927	14	946	10	23	0	-5	18	10	1
g	7928	54	942	11	22	0	0	22	11	1
g	7929	94	947	10	22	0	-5	17	10	1
g	8208	134	955	8	3	0	6	9	8	1
g	8211	174	955	9	4	0	5	9	9	1
g	8212	214	955	14	4	0	5	9	14	1
g	8216	254	947	4	6	0	11	17	4	1
g	8217	294	947	4	6	0	11	17	4	1
g	8218	334	960	4	7	0	-3	4	14	1
g	8220	374	947	8	6	0	11	17	8	1
g	8221	414	947	8	6	0	11	17	8	1
g	8222	454	960	8	7	0	-3	4	7	1
g	8224	494	947	8	22	0	-5	17	9	1
g	8225	534	947	8	22	0	-5	17	9	1
g	8226	574	954	7	7	0	3	10	7	1
g	8230	614	960	16	5	0	-1	4	16	1
g	8240	654	947	24	18	0	-1	17	24	1
g	8242	694	947	4	6	0	11	17	9	1
g	8243	734	947	8	6	0	11	17	8	1
g	8249	775	953	5	9	1	2	11	7	1
g	8250	815	953	6	9	1	2	11	7	1
g	8260	850	947	13	17	-4	0	17	5	1
g	8308	894	943	7	11	0	10	21	7	1
g	8309	934	943	6	11	0	10	21	6	1
g	8310	974	943	6	11	0	10	21	6	1
g	8311	1014	943	6	11	0	10	21	6	1
g	8312	1054	943	6	11	0	10	21	6	1
g	8313	1094	943	6	11	0	10	21	6	1
g	8355	1135	947	11	17	1	0	17	11	1
g	8364	1175	947	10	18	1	-1	17	12	1
g	8378	1215	947	12	17	1	0	17	14	1
g	8381	1255	947	11	17	1	0	17	13	1
g	8467	1295	947	9	18	1	-1	17	10	1
g	8482	1334	947	13	9	0	8	17	13	1
g	8486	1375	947	10	17	1	0	17	12	1
g	8494	1415	947	18	18	1	-1	17	20	1
g	8539	1454	947	17	18	0	-1	17	17	1
g	8540	1494	947	18	18	0	-1	17	18	1
g	8541	14	983	17	18	0	-1	17	17	1
g	8542	54	983	17	18	0	-1	17	17	1
g	8706	94	983	12	18	0	-1	17	13	1
g	8710	134	983	13	17	0	0	17	13	1
g	8719	175	980	10	25	1	-5	20	11	1
g	8721	215	981	11	24	1	-5	19	12	1
g	8722	254	991	10	3	0	6	9	11	1
g	8725	294	983	11	17	0	0	17	11	1
g	8729	334	989	7	7	0	4	11	7	1
g	8730	374	980	16	25	0	-5	20	17	1
g	8734	414	988	15	9	0	3	12	16	1
g	8747	454	983	8	22	0	-5	17	8	1
g	8776	494	988	11	9	0	3	12	12	1
g	8800	534	986	10	12	0	2	14	11	1
g	8804	574	985	10	15	0	0	15	11	1
g	8805	614	985	10	15	0	0	15	11	1
g	9674	654	981	10	21	0	-2	19	10	1
g	10217	695	984	6	19	1	-3	16	7	1
g	64257	734	982	12	18	0	0	18	12	1
g	64258	774	983	11	17	0	0	17	12	1
g	13	814	1000	0	0	0	0	0	7	2
g	32	854	1000	0	0	0	0	0	7	2
g	33	895	983	5	17	1	0	17	6	2
g	34	935	983	6	6	1	11	17	5	2
g	35	975	983	13	17	1	0	17	14	2
g	36	1014	980	10	23	0	-3	20	10	2
g	37	1056	982	15	19	2	-1	18	18	2
g	38	1094	983	12	18	0	-1	17	13	2
g	39	1135	983	3	6	1	11	17	3	2
g	40	1174	981	6	22	0	-3	19	5	2
g	41	1214	981	6	22	0	-3	19	5	2
g	42	1255	982	9	9	1	9	18	8	2
g	43	1295	987	10	10	1	3	13	10	2
g	44	1334	996	4	6	0	-2	4	4	2
g	45	1375	991	7	3	1	6	9	7	2
g	46	1414	997	4	3	0	0	3	4	2
g	47	1454	983	9	17	0	0	17	8	2
g	48	1495	982	10	19	1	-1	18	10	2
g	49	15	1019	6	17	1	0	17	6	2
g	50	54	1019	10	17	0	0	17	9	2
g	51	94	1019	10	18	0	-1	17	10	2
g	52	134	1019	10	17	0	0	17	10	2
g	53	175	1019	9	18	1	-1	17	10	2
g	54	215	1019	9	18	1	-1	17	10	2
g	55	255	1019	9	17	1	0	17	9	2
g	56	295	1018	9	19	1	-1	18	10	2
g	57	334	1019	10	18	0	-1	17	9	2
g	58	374	1025	5	11	0	0	11	5	2
g	59	414	1024	5	14	0	-2	12	4	2
g	60	454	1024	11	11	0	1	12	10	2
g	61	494	1024	11	8	0	4	12	10	2
g	62	534	1024	10	11	0	1	12	10	2
g	63	575	1018	9	18	1	0	18	9	2
g	64	615	1021	17	18	1	-3	15	18	2
g	65	653	1019	10	17	-1	0	17	10	2
g	66	695	1019	10	17	1	0	17	10	2
g	67	735	1019	10	18	1	-1	17	10	2
g	68	775	1019	10	17	1	0	17	11	2
g	69	815	1019	10	17	1	0	17	10	2
g	70	855	1019	10	17	1	0	17	9	2
g	71	895	1019	10	18	1	-1	17	10	2
g	72	935	1019	10	17	1	0	17	11	2
g	73	975	1019	4	17	1	0	17	5	2
g	74	1014	1019	10	18	0	-1	17	10	2
g	75	1055	1019	11	17	1	0	17	11	2
g	76	1095	1019	8	17	1	0	17	9	2
g	77	1135	1019	12	17	1	0	17	12	2
g	78	1175	1019	11	17	1	0	17	11	2
g	79	1215	1019	10	18	1	-1	17	11	2
g	80	1255	1019	10	17	1	0	17	10	2
g	81	1295	1019	10	20	1	-3	17	10	2
g	82	1335	1019	10	17	1	0	17	10	2
g	83	1374	1019	10	18	0	-1	17	10	2
g	84	1416	1019	9	17	2	0	17	10	2
g	85	1455	1019	11	18	1	-1	17	11	2
g	86	1496	1019	10	17	2	0	17	10	2
g	87	16	1055	14	17	2	0	17	14	2
g	88	54	1055	11	17	0	0	17	10	2
g	89	96	1055	9	17	2	0	17	10	2
g	90	134	1055	10	17	0	0	17	9	2
g	91	173	1053	8	22	-1	-3	19	7	2
g	92	216	1055	5	17	2	0	17	8	2
g	93	255	1053	8	22	1	-3	19	7	2
g	94	295	1055	8	10	1	7	17	9	2
g	95	334	1070	8	2	0	0	2	9	2
g	96	376	1055	3	4	2	13	17	4	2
g	97	415	1059	9	14	1	-1	13	10	2
g	98	454	1055	10	18	0	-1	17	10	2
g	99	495	1059	9	14	1	-1	13	9	2
g	100	535	1055	10	18	1	-1	17	10	2
g	101	575	1059	9	14	1	-1	13	9	2
g	102	615	1055	7	17	1	0	17	6	2
g	103	655	1059	9	18	1	-5	13	10	2
g	104	694	1055	10	17	0	0	17	10	2
g	105	735	1054	5	18	1	0	18	5	2
g	106	772	1054	8	23	-2	-5	18	5	2
g	107	814	1055	10	17	0	0	17	9	2
g	108	854	1055	5	17	0	0	17	4	2
g	109	894	1059	15	13	0	0	13	15	2
g	110	934	1059	10	13	0	0	13	10	2
g	111	975	1059	9	14	1	-1	13	10	2
g	112	1014	1059	10	18	0	-5	13	10	2
g	113	1055	1059	9	18	1	-5	13	10	2
g	114	1094	1059	8	13	0	0	13	7	2
g	115	1134	1059	9	14	0	-1	13	9	2
g	116	1175	1056	6	16	1	0	16	6	2
g	117	1215	1059	9	14	1	-1	13	10	2
g	118	1255	1059	9	13	1	0	13	9	2
g	119	1295	1059	13	13	1	0	13	13	2
g	120	1334	1059	10	13	0	0	13	9	2
g	121	1373	1059	11	18	-1	-5	13	9	2
g	122	1414	1059	9	13	0	0	13	8	2
g	123	1455	1053	7	22	1	-3	19	6	2
g	124	1494	1053	5	21	0	-2	19	3	2
g	125	13	1089	8	22	-1	-3	19	6	2
g	126	55	1099	10	4	1	5	9	11	2
g	160	94	1108	0	0	0	0	0	5	2
g	161	135	1091	5	17	1	0	17	6	2
g	162	175	1091	9	17	1	0	17	9	2
g	163	215	1091	11	17	1	0	17	12	2
g	164	254	1095	13	12	0	1	13	12	2
g	165	295	1091	11	17	1	0	17	12	2
g	166	334	1089	5	21	0	-2	19	3	2
g	167	374	1091	10	22	0	-5	17	9	2
g	168	415	1090	8	4	1	14	18	7	2
g	169	455	1091	18	18	1	-1	17	19	2
g	170	494	1091	7	11	0	6	17	6	2
g	171	536	1097	9	9	2	2	11	11	2
g	172	575	1099	10	5	1	4	9	10	2
g	174	615	1090	10	11	1	7	18	10	2
g	175	658	1092	6	2	4	14	16	11	2
g	176	695	1088	9	9	1	11	20	8	2
g	177	734	1095	11	13	0	0	13	10	2
g	178	775	1087	6	11	1	10	21	6	2
g	179	815	1087	7	11	1	10	21	6	2
g	180	855	1091	5	4	1	13	17	4	2
g	181	894	1095	10	18	0	-5	13	10	2
g	182	935	1091	10	22	1	-5	17	11	2
g	183	975	1099	3	4	1	5	9	5	2
g	184	1013	1108	4	5	-1	-5	0	3	2
g	185	1056	1087	3	11	2	10	21	3	2
g	186	1094	1091	8	11	0	6	17	7	2
g	187	1135	1097	9	9	1	2	11	11	2
g	188	1175	1091	15	17	1	0	17	15	2
g	189	1215	1091	15	17	1	0	17	15	2
g	190	1255	1091	16	17	1	0	17	17	2
g	191	1294	1096	8	18	0	-6	12	9	2
g	192	1333	1086	10	22	-1	0	22	10	2
g	193	1373	1086	10	22	-1	0	22	10	2
g	194	1413	1086	11	22	-1	0	22	10	2
g	195	1453	1086	12	22	-1	0	22	10	2
g	196	1493	1086	11	22	-1	0	22	10	2
g	197	13	1120	11	24	-1	0	24	10	2
g	198	53	1127	18	17	-1	0	17	16	2
g	199	95	1127	10	22	1	-5	17	10	2
g	200	135	1122	10	22	1	0	22	10	2
g	201	175	1122	10	22	1	0	22	10	2
g	202	215	1122	10	22	1	0	22	10	2
g	203	255	1122	10	22	1	0	22	10	2
g	204	295	1122	4	22	1	0	22	5	2
g	205	335	1122	6	22	1	0	22	5	2
g	206	375	1122	6	22	1	0	22	5	2
g	207	415	1122	7	22	1	0	22	5	2
g	208	456	1127	10	17	2	0	17	12	2
g	209	495	1122	11	22	1	0	22	11	2
g	210	535	1122	10	23	1	-1	22	11	2
g	211	575	1122	10	23	1	-1	22	11	2
g	212	615	1122	10	23	1	-1	22	11	2
g	213	655	1122	10	23	1	-1	22	11	2
g	214	695	1122	10	23	1	-1	22	11	2
g	215	734	1132	9	9	0	3	12	9	2
g	216	774	1126	12	19	0	-1	18	12	2
g	217	815	1122	11	23	1	-1	22	11	2
g	218	855	1122	11	23	1	-1	22	11	2
g	219	895	1122	11	23	1	-1	22	11	2
g	220	935	1122	11	23	1	-1	22	11	2
g	221	976	1122	9	22	2	0	22	10	2
g	222	1015	1127	10	17	1	0	17	10	2
g	223	1054	1126	10	18	0	0	18	10	2
g	224	1095	1127	9	18	1	-1	17	10	2
g	225	1135	1127	9	18	1	-1	17	10	2
g	226	1175	1127	9	18	1	-1	17	10	2
g	227	1215	1127	9	18	1	-1	17	10	2
g	228	1255	1126	9	19	1	-1	18	10	2
g	229	1295	1124	9	21	1	-1	20	10	2
g	230	1334	1131	15	14	0	-1	13	15	2
g	231	1375	1131	9	18	1	-5	13	9	2
g	232	1415	1127	9	18	1	-1	17	10	2
g	233	1455	1127	9	18	1	-1	17	10	2
g	234	1495	1127	9	18	1	-1	17	10	2
g	235	15	1162	9	19	1	-1	18	10	2
g	236	54	1163	4	17	0	0	17	4	2
g	237	94	1163	6	17	0	0	17	4	2
g	238	134	1163	6	17	0	0	17	4	2
g	239	174	1162	7	18	0	0	18	4	2
g	240	215	1163	10	18	1	-1	17	10	2
g	241	254	1163	10	17	0	0	17	10	2
g	242	295	1163	9	18	1	-1	17	10	2
g	243	335	1163	9	18	1	-1	17	10	2
g	244	375	1163	9	18	1	-1	17	10	2
g	245	415	1163	9	18	1	-1	17	10	2
g	246	455	1162	9	19	1	-1	18	10	2
g	247	495	1167	10	11	1	2	13	10	2
g	248	534	1166	10	16	0	-2	14	10	2
g	249	575	1163	9	18	1	-1	17	10	2
g	250	615	1163	9	18	1	-1	17	10	2
g	251	655	1163	9	18	1	-1	17	10	2
g	252	695	1162	9	19	1	-1	18	10	2
g	253	733	1163	11	22	-1	-5	17	9	2
g	254	774	1163	10	22	0	-5	17	10	2
g	255	813	1162	11	23	-1	-5	18	9	2
g	256	853	1159	11	21	-1	0	21	10	2
g	257	895	1164	9	17	1	-1	16	10	2
g	258	933	1159	11	21	-1	0	21	10	2
g	259	975	1164	9	17	1	-1	16	10	2
g	260	1013	1163	10	22	-1	-5	17	10	2
g	261	1055	1167	9	18	1	-5	13	10	2
g	262	1095	1158	10	23	1	-1	22	10	2
g	263	1135	1163	9	18	1	-1	17	9	2
g	264	1175	1158	10	23	1	-1	22	10	2
g	265	1215	1163	9	18	1	-1	17	9	2
g	266	1255	1158	10	23	1	-1	22	10	2
g	267	1295	1162	9	19	1	-1	18	9	2
g	268	1335	1158	10	23	1	-1	22	10	2
g	269	1375	1163	9	18	1	-1	17	9	2
g	270	1415	1158	10	22	1	0	22	11	2
g	271	1455	1163	14	18	1	-1	17	10	2
g	272	1496	1163	10	17	2	0	17	12	2
g	273	15	1199	10	18	1	-1	17	10	2
g	274	55	1195	10	21	1	0	21	10	2
g	275	95	1199	9	18	1	-1	17	10	2
g	278	135	1194	10	22	1	0	22	10	2
g	279	175	1198	9	19	1	-1	18	10	2
g	280	215	1199	10	22	1	-5	17	10	2
g	281	255	1203	9	18	1	-5	13	10	2
g	282	295	1194	10	22	1	0	22	10	2
g	283	335	1199	9	18	1	-1	17	10	2
g	284	375	1194	10	23	1	-1	22	10	2
g	285	415	1199	9	22	1	-5	17	10	2
g	286	455	1195	10	22	1	-1	21	10	2
g	287	495	1200	9	21	1	-5	16	10	2
g	288	535	1194	10	23	1	-1	22	10	2
g	289	575	1198	9	23	1	-5	18	10	2
g	290	615	1199	10	22	1	-5	17	10	2
g	291	655	1199	9	22	1	-5	17	10	2
g	292	695	1194	10	22	1	0	22	11	2
g	293	734	1195	10	21	0	0	21	10	2
g	294	775	1199	11	17	1	0	17	11	2
g	295	814	1199	10	17	0	0	17	10	2
g	296	855	1194	7	22	1	0	22	5	2
g	297	894	1199	7	17	0	0	17	4	2
g	298	935	1195	6	21	1	0	21	5	2
g	299	974	1200	6	16	0	0	16	4	2
g	301	1014	1199	6	17	0	0	17	4	2
g	302	1053	1199	6	22	-1	-5	17	4	2
g	303	1094	1198	6	23	0	-5	18	5	2
g	304	1135	1194	5	22	1	0	22	5	2
g	305	1174	1203	4	13	0	0	13	4	2
g	307	1215	1198	9	23	1	-5	18	10	2
g	308	1254	1194	12	23	0	-1	22	10	2
g	309	1292	1199	9	22	-2	-5	17	5	2
g	310	1335	1199	11	22	1	-5	17	11	2
g	311	1374	1199	10	22	0	-5	17	9	2
g	313	1415	1194	8	22	1	0	22	9	2
g	314	1454	1194	7	22	0	0	22	4	2
g	315	1495	1199	8	22	1	-5	17	9	2
g	316	12	1235	7	22	-2	-5	17	4	2
g	317	55	1235	9	17	1	0	17	9	2
g	318	94	1235	9	17	0	0	17	8	2
g	320	135	1230	5	22	1	0	22	5	2
g	321	173	1235	11	17	-1	0	17	10	2
g	322	214	1235	8	17	0	0	17	7	2
g	323	255	1230	11	22	1	0	22	11	2
g	324	294	1235	10	17	0	0	17	10	2
g	325	335	1235	11	22	1	-5	17	11	2
g	326	374	1239	10	18	0	-5	13	10	2
g	327	415	1230	11	22	1	0	22	11	2
g	328	454	1235	10	17	0	0	17	10	2
g	330	495	1235	11	21	1	-4	17	11	2
g	331	534	1239	10	17	0	-4	13	10	2
g	332	575	1231	10	22	1	-1	21	11	2
g	333	615	1236	9	17	1	-1	16	10	2
g	335	655	1235	9	18	1	-1	17	10	2
g	336	695	1230	11	23	1	-1	22	11	2
g	337	735	1235	10	18	1	-1	17	10	2
g	338	775	1235	16	18	1	-1	17	16	2
g	339	815	1239	14	14	1	-1	13	15	2
g	340	855	1230	10	22	1	0	22	10	2
g	341	894	1235	8	17	0	0	17	7	2
g	342	935	1235	10	22	1	-5	17	10	2
g	343	972	1239	10	18	-2	-5	13	7	2
g	344	1015	1230	10	22	1	0	22	10	2
g	345	1054	1235	9	17	0	0	17	7	2
g	346	1094	1230	10	23	0	-1	22	10	2
g	347	1134	1235	9	18	0	-1	17	9	2
g	348	1174	1230	10	23	0	-1	22	10	2
g	349	1214	1235	9	18	0	-1	17	9	2
g	350	1254	1235	10	22	0	-5	17	10	2
g	351	1294	1239	9	18	0	-5	13	9	2
g	352	1334	1230	10	23	0	-1	22	10	2
g	353	1374	1235	9	18	0	-1	17	9	2
g	354	1416	1235	9	22	2	-5	17	10	2
g	355	1455	1236	6	20	1	-4	16	6	2
g	356	1496	1230	9	22	2	0	22	10	2
g	357	15	1271	8	17	1	0	17	6	2
g	358	56	1271	9	17	2	0	17	10	2
g	359	95	1272	6	16	1	0	16	6	2
g	360	135	1266	11	23	1	-1	22	11	2
g	361	175	1271	9	18	1	-1	17	10	2
g	362	215	1267	11	22	1	-1	21	11	2
g	363	255	1272	9	17	1	-1	16	10	2
g	364	295	1266	11	23	1	-1	22	11	2
g	365	335	1271	9	18	1	-1	17	10	2
g	366	375	1264	11	25	1	-1	24	11	2
g	367	415	1268	9	21	1	-1	20	10	2
g	368	455	1266	11	23	1	-1	22	11	2
g	369	495	1271	10	18	1	-1	17	10	2
g	370	535	1271	11	22	1	-5	17	11	2
g	371	575	1275	9	18	1	-5	13	10	2
g	372	616	1266	14	22	2	0	22	14	2
g	373	655	1271	13	17	1	0	17	13	2
g	374	696	1266	9	22	2	0	22	10	2
g	375	733	1271	11	22	-1	-5	17	9	2
g	376	776	1266	9	22	2	0	22	10	2
g	377	814	1266	10	22	0	0	22	9	2
g	378	854	1271	9	17	0	0	17	8	2
g	379	894	1266	10	22	0	0	22	9	2
g	380	934	1270	9	18	0	0	18	8	2
g	381	974	1266	10	22	0	0	22	9	2
g	382	1014	1271	9	17	0	0	17	8	2
g	399	1055	1271	11	18	1	-1	17	12	2
g	402	1093	1270	13	24	-1	-6	18	11	2
g	416	1135	1269	10	20	1	-1	19	11	2
g	417	1175	1273	9	16	1	-1	15	10	2
g	431	1215	1269	13	20	1	-1	19	11	2
g	432	1255	1273	11	16	1	-1	15	10	2
g	461	1293	1266	11	22	-1	0	22	10	2
g	462	1335	1271	9	18	1	-1	17	10	2
g	468	1375	1271	9	18	1	-1	17	10	2
g	485	1415	1275	10	18	1	-5	13	10	2
g	487	1455	1271	9	22	1	-5	17	10	2
g	489	1494	1266	10	22	0	0	22	9	2
g	495	14	1307	10	22	0	-5	17	10	2
g	511	54	1307	10	19	0	-2	17	10	2
g	536	94	1307	10	22	0	-5	17	10	2
g	537	134	1311	9	18	0	-5	13	9	2
g	538	175	1307	10	22	1	-5	17	10	2
g	539	215	1308	6	21	1	-5	16	6	2
g	543	254	1302	10	22	0	0	22	10	2
g	552	295	1307	10	22	1	-5	17	10	2
g	553	335	1311	9	18	1	-5	13	10	2
g	567	372	1311	7	18	-2	-5	13	5	2
g	601	414	1311	9	14	0	-1	13	10	2
g	658	454	1311	10	18	0	-5	13	10	2
g	699	495	1307	3	6	1	11	17	3	2
g	700	535	1307	4	6	1	11	17	3	2
g	710	575	1307	7	4	1	13	17	5	2
g	711	616	1307	6	4	2	13	17	6	2
g	713	655	1307	6	2	1	15	17	5	2
g	728	695	1308	6	3	1	13	16	6	2
g	729	735	1306	4	4	1	14	18	4	2
g	730	776	1304	6	7	2	13	20	6	2
g	731	813	1324	3	5	-1	-5	0	3	2
g	732	855	1307	8	3	1	14	17	7	2
g	733	895	1307	8	4	1	13	17	7	2
g	768	932	1307	4	4	-2	13	17	0	2
g	769	972	1307	4	4	-2	13	17	0	2
g	770	1009	1307	6	4	-5	13	17	0	2
g	771	1049	1307	7	3	-5	14	17	0	2
g	772	1090	1307	6	3	-4	14	17	0	2
g	774	1130	1307	6	4	-4	13	17	0	2
g	775	1172	1306	4	4	-2	14	18	0	2
g	776	1209	1306	7	4	-5	14	18	0	2
g	777	1246	1306	5	5	-8	13	18	0	2
g	778	1290	1304	6	7	-4	13	20	0	2
g	779	1328	1307	7	4	-6	13	17	0	2
g	780	1369	1307	6	4	-5	13	17	0	2
g	786	1411	1307	4	4	-3	13	17	0	2
g	787	1452	1307	4	4	-2	13	17	0	2
g	795	1491	1309	4	4	-3	11	15	0	2
g	803	10	1362	3	3	-4	-5	-2	0	2
g	806	49	1361	4	4	-5	-5	-1	0	2
g	807	90	1360	4	5	-4	-5	0	0	2
g	808	130	1360	3	5	-4	-5	0	0	2
g	821	168	1345	8	2	-6	13	15	0	2
g	822	205	1346	11	2	-9	12	14	0	2
g	823	246	1349	11	8	-8	3	11	0	2
g	824	284	1342	12	19	-10	-1	18	0	2
g	916	333	1343	13	17	-1	0	17	12	2
g	937	374	1343	11	17	0	0	17	11	2
g	956	414	1347	10	18	0	-5	13	10	2
g	960	455	1347	12	13	1	0	13	12	2
g	7808	496	1338	14	22	2	0	22	14	2
g	7809	535	1343	13	17	1	0	17	13	2
g	7810	576	1338	14	22	2	0	22	14	2
g	7811	615	1343	13	17	1	0	17	13	2
g	7812	656	1338	14	22	2	0	22	14	2
g	7813	695	1342	13	18	1	0	18	13	2
g	7840	733	1343	10	22	-1	-5	17	10	2
g	7841	775	1347	9	18	1	-5	13	10	2
g	7842	813	1337	10	23	-1	0	23	10	2
g	7843	855	1342	9	19	1	-1	18	10	2
g	7844	893	1336	14	24	-1	0	24	10	2
g	7845	935	1341	12	20	1	-1	19	10	2
g	7846	973	1335	12	25	-1	0	25	10	2
g	7847	1015	1340	10	21	1	-1	20	10	2
g	7848	1053	1334	14	26	-1	0	26	10	2
g	7849	1095	1339	11	22	1	-1	21	10	2
g	7850	1133	1335	12	25	-1	0	25	10	2
g	7851	1175	1340	9	21	1	-1	20	10	2
g	7852	1213	1338	11	27	-1	-5	22	10	2
g	7853	1255	1343	9	22	1	-5	17	10	2
g	7854	1293	1334	11	26	-1	0	26	10	2
g	7855	1335	1339	9	22	1	-1	21	10	2
g	7856	1373	1334	11	26	-1	0	26	10	2
g	7857	1415	1339	9	22	1	-1	21	10	2
g	7858	1453	1334	11	26	-1	0	26	10	2
g	7859	1495	1338	9	23	1	-1	22	10	2
g	7860	13	1371	12	25	-1	0	25	10	2
g	7861	55	1376	9	21	1	-1	20	10	2
g	7862	93	1374	11	27	-1	-5	22	10	2
g	7863	135	1379	9	22	1	-5	17	10	2
g	7864	175	1379	10	22	1	-5	17	10	2
g	7865	215	1383	9	18	1	-5	13	10	2
g	7866	255	1373	10	23	1	0	23	10	2
g	7867	295	1378	9	19	1	-1	18	10	2
g	7868	335	1374	10	22	1	0	22	10	2
g	7869	375	1379	9	18	1	-1	17	10	2
g	7870	415	1372	13	24	1	0	24	10	2
g	7871	455	1377	12	20	1	-1	19	10	2
g	7872	495	1371	11	25	1	0	25	10	2
g	7873	535	1376	10	21	1	-1	20	10	2
g	7874	575	1370	12	26	1	0	26	10	2
g	7875	615	1375	11	22	1	-1	21	10	2
g	7876	655	1371	10	25	1	0	25	10	2
g	7877	695	1376	9	21	1	-1	20	10	2
g	7878	735	1374	10	27	1	-5	22	10	2
g	7879	775	1379	9	22	1	-5	17	10	2
g	7880	815	1373	6	23	1	0	23	5	2
g	7881	854	1378	6	18	0	0	18	4	2
g	7882	894	1379	5	22	0	-5	17	5	2
g	7883	934	1378	6	23	0	-5	18	5	2
g	7884	975	1379	10	22	1	-5	17	11	2
g	7885	1015	1383	9	18	1	-5	13	10	2
g	7886	1055	1373	10	24	1	-1	23	11	2
g	7887	1095	1378	9	19	1	-1	18	10	2
g	7888	1135	1372	13	25	1	-1	24	11	2
g	7889	1175	1377	12	20	1	-1	19	10	2
g	7890	1215	1371	11	26	1	-1	25	11	2
g	7891	1255	1376	10	21	1	-1	20	10	2
g	7892	1295	1370	12	27	1	-1	26	11	2
g	7893	1335	1375	11	22	1	-1	21	10	2
g	7894	1375	1371	10	26	1	-1	25	11	2
g	7895	1415	1376	9	21	1	-1	20	10	2
g	7896	1455	1374	10	27	1	-5	22	11	2
g	7897	1495	1379	9	22	1	-5	17	10	2
g	7898	15	1410	10	23	1	-1	22	11	2
g	7899	55	1415	9	18	1	-1	17	10	2
g	7900	95	1410	10	23	1	-1	22	11	2
g	7901	135	1415	9	18	1	-1	17	10	2
g	7902	175	1409	10	24	1	-1	23	11	2
g	7903	215	1414	9	19	1	-1	18	10	2
g	7904	255	1410	10	23	1	-1	22	11	2
g	7905	295	1415	9	18	1	-1	17	10	2
g	7906	335	1413	10	24	1	-5	19	11	2
g	7907	375	1417	9	20	1	-5	15	10	2
g	7908	415	1415	11	22	1	-5	17	11	2
g	7909	455	1419	9	18	1	-5	13	10	2
g	7910	495	1409	11	24	1	-1	23	11	2
g	7911	535	1414	9	19	1	-1	18	10	2
g	7912	575	1410	13	23	1	-1	22	11	2
g	7913	615	1415	11	18	1	-1	17	10	2
g	7914	655	1410	13	23	1	-1	22	11	2
g	7915	695	1415	11	18	1	-1	17	10	2
g	7916	735	1409	13	24	1	-1	23	11	2
g	7917	775	1414	11	19	1	-1	18	10	2
g	7918	815	1410	13	23	1	-1	22	11	2
g	7919	855	1415	11	18	1	-1	17	10	2
g	7920	895	1413	13	24	1	-5	19	11	2
g	7921	935	1417	11	20	1	-5	15	10	2
g	7922	976	1410	9	22	2	0	22	10	2
g	7923	1013	1415	11	22	-1	-5	17	9	2
g	7924	1056	1415	9	22	2	-5	17	10	2
g	7925	1093	1419	11	18	-1	-5	13	9	2
g	7926	1136	1409	9	23	2	0	23	10	2
g	7927	1173	1414	11	23	-1	-5	18	9	2
g	7928	1216	1410	9	22	2	0	22	10	2
g	7929	1253	1415	11	22	-1	-5	17	9	2
g	8208	1295	1423	7	3	1	6	9	7	2
g	8211	1335	1424	8	2	1	6	8	9	2
g	8212	1375	1424	13	2	1	6	8	14	2
g	8216	1415	1415	4	6	1	11	17	3	2
g	8217	1455	1415	4	6	1	11	17	3	2
g	8218	1494	1428	4	6	0	-2	4	14	2
g	8220	15	1451	7	6	1	11	17	6	2
g	8221	55	1451	7	6	1	11	17	6	2
g	8222	93	1464	7	6	-1	-2	4	6	2
g	8224	135	1451	7	22	1	-5	17	8	2
g	8225	174	1451	8	22	0	-5	17	8	2
g	8226	215	1458	6	7	1	3	10	7	2
g	8230	254	1465	14	3	0	0	3	15	2
g	8240	295	1451	23	18	1	-1	17	23	2
g	8242	335	1451	4	6	1	11	17	5	2
g	8243	375	1451	7	6	1	11	17	7	2
g	8249	415	1457	6	9	1	2	11	7	2
g	8250	455	1457	6	9	1	2	11	8	2
g	8260	490	1451	14	17	-4	0	17	5	2
g	8308	535	1447	6	11	1	10	21	6	2
g	8309	575	1447	6	11	1	10	21	6	2
g	8310	615	1447	6	11	1	10	21	6	2
g	8311	656	1447	5	11	2	10	21	5	2
g	8312	695	1447	7	11	1	10	21	6	2
g	8313	735	1447	6	11	1	10	21	6	2
g	8355	775	1451	12	17	1	0	17	11	2
g	8364	815	1451	11	18	1	-1	17	11	2
g	8378	855	1451	12	18	1	-1	17	13	2
g	8381	895	1451	12	17	1	0	17	12	2
g	8467	935	1451	9	18	1	-1	17	10	2
g	8482	975	1451	12	9	1	8	17	12	2
g	8486	1014	1451	11	17	0	0	17	11	2
g	8494	1055	1451	18	18	1	-1	17	20	2
g	8539	1095	1451	15	18	1	-1	17	16	2
g	8540	1135	1451	17	18	1	-1	17	18	2
g	8541	1175	1451	16	18	1	-1	17	16	2
g	8542	1214	1451	16	18	0	-1	17	16	2
g	8706	1255	1451	11	18	1	-1	17	12	2
g	8710	1293	1451	13	17	-1	0	17	12	2
g	8719	1334	1448	12	25	0	-5	20	11	2
g	8721	1374	1450	13	23	0	-5	18	12	2
g	8722	1415	1459	10	3	1	6	9	10	2
g	8725	1454	1451	11	17	0	0	17	10	2
g	8729	1495	1457	6	7	1	4	11	7	2
g	8730	14	1485	16	24	0	-5	19	15	2
g	8734	55	1492	14	9	1	3	12	15	2
g	8747	93	1487	10	22	-1	-5	17	8	2
g	8776	134	1492	11	9	0	3	12	11	2
g	8800	174	1490	11	12	0	2	14	10	2
g	8804	214	1490	11	14	0	0	14	10	2
g	8805	254	1490	11	14	0	0	14	10	2
g	9674	295	1486	9	20	1	-2	18	9	2
g	10217	334	1488	7	19	0	-3	16	8	2
g	64257	375	1486	11	18	1	0	18	11	2
g	64258	415	1487	10	17	1	0	17	11	2
g	13	454	1504	0	0	0	0	0	7	3
g	32	494	1504	0	0	0	0	0	7	3
g	33	535	1487	6	17	1	0	17	6	3
g	34	575	1487	8	6	1	11	17	7	3
g	35	615	1487	14	17	1	0	17	14	3
g	36	654	1485	11	21	0	-2	19	10	3
g	37	696	1486	15	19	2	-1	18	18	3
g	38	734	1487	13	18	0	-1	17	14	3
g	39	775	1487	4	6	1	11	17	4	3
g	40	814	1485	7	22	0	-3	19	7	3
g	41	854	1485	8	22	0	-3	19	7	3
g	42	895	1486	9	9	1	9	18	8	3
g	43	934	1491	11	11	0	2	13	10	3
g	44	974	1500	4	7	0	-3	4	5	3
g	45	1014	1495	8	3	0	6	9	8	3
g	46	1054	1500	4	5	0	-1	4	5	3
g	47	1094	1487	10	17	0	0	17	9	3
g	48	1134	1486	11	19	0	-1	18	10	3
g	49	1175	1487	6	17	1	0	17	6	3
g	50	1214	1487	11	17	0	0	17	10	3
g	51	1254	1487	11	18	0	-1	17	10	3
g	52	1294	1487	11	17	0	0	17	11	3
g	53	1334	1487	11	18	0	-1	17	10	3
g	54	1375	1487	10	18	1	-1	17	10	3
g	55	1415	1487	10	17	1	0	17	9	3
g	56	1454	1486	11	19	0	-1	18	10	3
g	57	1494	1487	10	18	0	-1	17	10	3
g	58	15	1528	5	12	1	0	12	6	3
g	59	54	1528	6	15	0	-3	12	5	3
g	60	94	1527	11	12	0	1	13	10	3
g	61	134	1528	11	8	0	4	12	10	3
g	62	174	1527	11	12	0	1	13	10	3
g	63	215	1522	10	19	1	-1	18	10	3
g	64	255	1524	17	18	1	-2	16	18	3
g	65	293	1523	11	17	-1	0	17	11	3
g	66	334	1523	12	17	0	0	17	11	3
g	67	374	1523	11	18	0	-1	17	11	3
g	68	414	1523	11	17	0	0	17	11	3
g	69	454	1523	11	17	0	0	17	10	3
g	70	494	1523	11	17	0	0	17	10	3
g	71	534	1523	11	18	0	-1	17	11	3
g	72	574	1523	12	17	0	0	17	11	3
g	73	614	1523	6	17	0	0	17	5	3
g	74	654	1523	11	18	0	-1	17	10	3
g	75	694	1523	13	17	0	0	17	11	3
g	76	734	1523	10	17	0	0	17	10	3
g	77	774	1523	13	17	0	0	17	13	3
g	78	814	1523	13	17	0	0	17	12	3
g	79	855	1523	10	18	1	-1	17	11	3
g	80	894	1523	12	17	0	0	17	11	3
g	81	935	1523	10	20	1	-3	17	11	3
g	82	974	1523	12	17	0	0	17	11	3
g	83	1014	1523	11	18	0	-1	17	10	3
g	84	1055	1523	11	17	1	0	17	11	3
g	85	1095	1523	11	18	1	-1	17	11	3
g	86	1136	1523	10	17	2	0	17	11	3
g	87	1176	1523	15	17	2	0	17	15	3
g	88	1214	1523	12	17	0	0	17	11	3
g	89	1256	1523	10	17	2	0	17	11	3
g	90	1294	1523	11	17	0	0	17	9	3
g	91	1333	1521	9	23	-1	-4	19	8	3
g	92	1376	1523	7	17	2	0	17	9	3
g	93	1415	1521	8	23	1	-4	19	8	3
g	94	1455	1523	9	10	1	7	17	10	3
g	95	1493	1537	10	3	-1	0	3	9	3
g	96	16	1559	4	4	2	13	17	5	3
g	97	54	1563	11	14	0	-1	13	10	3
g	98	94	1559	10	18	0	-1	17	10	3
g	99	134	1563	10	14	0	-1	13	10	3
g	100	174	1559	11	18	0	-1	17	10	3
g	101	214	1563	10	14	0	-1	13	10	3
g	102	255	1559	7	17	1	0	17	7	3
g	103	294	1563	11	18	0	-5	13	10	3
g	104	334	1559	10	17	0	0	17	10	3
g	105	374	1558	6	18	0	0	18	5	3
g	106	411	1558	9	23	-3	-5	18	5	3
g	107	454	1559	11	17	0	0	17	10	3
g	108	494	1559	6	17	0	0	17	5	3
g	109	534	1563	16	13	0	0	13	15	3
g	110	574	1563	10	13	0	0	13	10	3
g	111	614	1563	10	14	0	-1	13	10	3
g	112	654	1563	11	18	0	-5	13	10	3
g	113	694	1563	11	18	0	-5	13	10	3
g	114	734	1563	9	13	0	0	13	7	3
g	115	774	1563	10	14	0	-1	13	9	3
g	116	815	1560	7	16	1	0	16	7	3
g	117	854	1563	11	14	0	-1	13	10	3
g	118	895	1563	10	13	1	0	13	10	3
g	119	935	1563	14	13	1	0	13	14	3
g	120	973	1563	12	13	-1	0	13	10	3
g	121	1013	1563	12	18	-1	-5	13	9	3
g	122	1054	1563	9	13	0	0	13	9	3
g	123	1095	1557	8	23	1	-4	19	7	3
g	124	1133	1557	7	21	-1	-2	19	4	3
g	125	1173	1557	9	23	-1	-4	19	7	3
g	126	1214	1567	11	4	0	5	9	11	3
g	160	1254	1576	0	0	0	0	0	5	3
g	161	1295	1559	6	17	1	0	17	6	3
g	162	1335	1559	10	17	1	0	17	10	3
g	163	1375	1559	12	17	1	0	17	12	3
g	164	1414	1562	14	13	0	1	14	13	3
g	165	1455	1559	12	17	1	0	17	12	3
g	166	1493	1557	7	21	-1	-2	19	4	3
g	167	14	1595	11	22	0	-5	17	10	3
g	168	55	1594	9	5	1	13	18	8	3
g	169	95	1595	18	18	1	-1	17	19	3
g	170	134	1595	8	11	0	6	17	7	3
g	171	175	1601	10	9	1	2	11	11	3
g	172	214	1603	11	5	0	4	9	10	3
g	174	255	1594	10	11	1	7	18	10	3
g	175	297	1596	6	2	3	14	16	9	3
g	176	335	1592	9	9	1	11	20	8	3
g	177	374	1598	11	14	0	0	14	10	3
g	178	415	1591	7	11	1	10	21	6	3
g	179	455	1591	7	11	1	10	21	6	3
g	180	495	1595	5	4	1	13	17	5	3
g	181	534	1599	11	18	0	-5	13	10	3
g	182	575	1595	11	22	1	-5	17	12	3
g	183	615	1603	4	4	1	5	9	5	3
g	184	653	1612	4	5	-1	-5	0	3	3
g	185	696	1591	4	11	2	10	21	4	3
g	186	734	1595	8	11	0	6	17	7	3
g	187	775	1601	9	9	1	2	11	11	3
g	188	815	1595	16	17	1	0	17	16	3
g	189	855	1595	15	17	1	0	17	16	3
g	190	895	1595	17	17	1	0	17	18	3
g	191	933	1599	10	19	-1	-6	13	10	3
g	192	973	1590	11	22	-1	0	22	11	3
g	193	1013	1590	11	22	-1	0	22	11	3
g	194	1053	1590	12	22	-1	0	22	11	3
g	195	1093	1590	12	22	-1	0	22	11	3
g	196	1133	1590	12	22	-1	0	22	11	3
g	197	1173	1588	12	24	-1	0	24	11	3
g	198	1213	1595	19	17	-1	0	17	17	3
g	199	1254	1595	11	22	0	-5	17	11	3
g	200	1294	1590	11	22	0	0	22	10	3
g	201	1334	1590	11	22	0	0	22	10	3
g	202	1374	1590	11	22	0	0	22	10	3
g	203	1414	1590	11	22	0	0	22	10	3
g	204	1454	1590	6	22	0	0	22	5	3
g	205	1494	1590	8	22	0	0	22	5	3
g	206	14	1626	8	22	0	0	22	5	3
g	207	54	1626	9	22	0	0	22	5	3
g	208	95	1631	11	17	1	0	17	12	3
g	209	134	1626	13	22	0	0	22	12	3
g	210	175	1626	10	23	1	-1	22	11	3
g	211	215	1626	10	23	1	-1	22	11	3
g	212	255	1626	10	23	1	-1	22	11	3
g	213	295	1626	11	23	1	-1	22	11	3
g	214	335	1626	11	23	1	-1	22	11	3
g	215	374	1636	10	9	0	3	12	9	3
g	216	414	1630	12	20	0	-2	18	14	3
g	217	455	1626	11	23	1	-1	22	11	3
g	218	495	1626	11	23	1	-1	22	11	3
g	219	535	1626	11	23	1	-1	22	11	3
g	220	575	1626	11	23	1	-1	22	11	3
g	221	616	1626	10	22	2	0	22	11	3
g	222	654	1631	11	17	0	0	17	11	3
g	223	694	1631	11	17	0	0	17	10	3
g	224	734	1631	11	18	0	-1	17	10	3
g	225	774	1631	11	18	0	-1	17	10	3
g	226	814	1631	11	18	0	-1	17	10	3
g	227	854	1631	11	18	0	-1	17	10	3
g	228	894	1630	11	19	0	-1	18	10	3
g	229	934	1628	11	21	0	-1	20	10	3
g	230	974	1635	16	14	0	-1	13	16	3
g	231	1014	1635	10	18	0	-5	13	10	3
g	232	1054	1631	10	18	0	-1	17	10	3
g	233	1094	1631	10	18	0	-1	17	10	3
g	234	1134	1631	10	18	0	-1	17	10	3
g	235	1174	1630	11	19	0	-1	18	10	3
g	236	1214	1631	5	17	0	0	17	4	3
g	237	1254	1631	7	17	0	0	17	4	3
g	238	1294	1631	7	17	0	0	17	4	3
g	239	1333	1630	9	18	-1	0	18	4	3
g	240	1374	1631	11	18	0	-1	17	10	3
g	241	1414	1631	11	17	0	0	17	10	3
g	242	1454	1631	10	18	0	-1	17	10	3
g	243	1494	1631	10	18	0	-1	17	10	3
g	244	14	1667	10	18	0	-1	17	10	3
g	245	54	1667	11	18	0	-1	17	10	3
g	246	94	1666	11	19	0	-1	18	10	3
g	247	134	1670	11	12	0	2	14	10	3
g	248	174	1670	11	16	0	-2	14	11	3
g	249	214	1667	11	18	0	-1	17	10	3
g	250	254	1667	11	18	0	-1	17	10	3
g	251	294	1667	11	18	0	-1	17	10	3
g	252	334	1666	11	19	0	-1	18	10	3
g	253	373	1667	12	22	-1	-5	17	9	3
g	254	413	1667	11	22	-1	-5	17	10	3
g	255	453	1666	12	23	-1	-5	18	9	3
g	256	493	1663	11	21	-1	0	21	11	3
g	257	534	1668	11	17	0	-1	16	10	3
g	258	573	1663	12	21	-1	0	21	11	3
g	259	614	1668	11	17	0	-1	16	10	3
g	260	653	1667	11	22	-1	-5	17	11	3
g	261	695	1671	10	18	1	-5	13	10	3
g	262	734	1662	11	23	0	-1	22	11	3
g	263	774	1667	10	18	0	-1	17	10	3
g	264	814	1662	11	23	0	-1	22	11	3
g	265	854	1667	10	18	0	-1	17	10	3
g	266	894	1662	11	23	0	-1	22	11	3
g	267	934	1666	10	19	0	-1	18	10	3
g	268	974	1662	11	23	0	-1	22	11	3
g	269	1014	1667	10	18	0	-1	17	10	3
g	270	1054	1662	11	22	0	0	22	11	3
g	271	1094	1667	16	18	0	-1	17	10	3
g	272	1135	1667	11	17	1	0	17	12	3
g	273	1174	1667	12	18	0	-1	17	10	3
g	274	1214	1663	11	21	0	0	21	10	3
g	275	1254	1667	10	18	0	-1	17	10	3
g	278	1294	1662	11	22	0	0	22	10	3
g	279	1334	1666	10	19	0	-1	18	10	3
g	280	1374	1667	11	22	0	-5	17	10	3
g	281	1414	1671	10	18	0	-5	13	10	3
g	282	1454	1662	11	22	0	0	22	10	3
g	283	1494	1667	10	18	0	-1	17	10	3
g	284	14	1698	11	23	0	-1	22	11	3
g	285	54	1703	11	22	0	-5	17	10	3
g	286	94	1699	11	22	0	-1	21	11	3
g	287	134	1704	11	21	0	-5	16	10	3
g	288	174	1698	11	23	0	-1	22	11	3
g	289	214	1702	11	23	0	-5	18	10	3
g	290	254	1703	11	22	0	-5	17	11	3
g	291	294	1703	11	22	0	-5	17	10	3
g	292	334	1698	12	22	0	0	22	11	3
g	293	374	1699	11	21	0	0	21	10	3
g	294	414	1703	13	17	0	0	17	11	3
g	295	454	1703	10	17	0	0	17	10	3
g	296	494	1698	9	22	0	0	22	5	3
g	297	534	1703	8	17	0	0	17	4	3
g	298	574	1699	8	21	0	0	21	5	3
g	299	614	1704	7	16	0	0	16	4	3
g	301	654	1703	7	17	0	0	17	4	3
g	302	693	1703	7	22	-1	-5	17	5	3
g	303	734	1702	6	23	0	-5	18	5	3
g	304	774	1698	7	22	0	0	22	5	3
g	305	814	1707	5	13	0	0	13	4	3
g	307	854	1702	11	23	0	-5	18	10	3
g	308	894	1698	13	23	0	-1	22	10	3
g	309	931	1703	10	22	-3	-5	17	5	3
g	310	974	1703	13	22	0	-5	17	11	3
g	311	1014	1703	11	22	0	-5	17	10	3
g	313	1054	1698	10	22	0	0	22	10	3
g	314	1094	1698	7	22	0	0	22	5	3
g	315	1134	1703	10	22	0	-5	17	10	3
g	316	1172	1703	8	22	-2	-5	17	5	3
g	317	1214	1703	11	17	0	0	17	10	3
g	318	1254	1703	10	17	0	0	17	9	3
g	320	1294	1698	7	22	0	0	22	5	3
g	321	1333	1703	12	17	-1	0	17	11	3
g	322	1374	1703	9	17	0	0	17	8	3
g	323	1414	1698	13	22	0	0	22	12	3
g	324	1454	1703	10	17	0	0	17	10	3
g	325	1494	1703	13	22	0	-5	17	12	3
g	326	14	1743	10	18	0	-5	13	10	3
g	327	54	1734	13	22	0	0	22	12	3
g	328	94	1739	10	17	0	0	17	10	3
g	330	134	1739	13	22	0	-5	17	12	3
g	331	174	1743	10	18	0	-5	13	10	3
g	332	215	1735	10	22	1	-1	21	11	3
g	333	254	1740	10	17	0	-1	16	10	3
g	335	294	1739	10	18	0	-1	17	10	3
g	336	335	1734	11	23	1	-1	22	11	3
g	337	374	1739	11	18	0	-1	17	10	3
g	338	415	1739	16	18	1	-1	17	16	3
g	339	454	1743	16	14	0	-1	13	16	3
g	340	494	1734	12	22	0	0	22	11	3
g	341	534	1739	9	17	0	0	17	7	3
g	342	574	1739	12	22	0	-5	17	11	3
g	343	612	1743	11	18	-2	-5	13	7	3
g	344	654	1734	12	22	0	0	22	11	3
g	345	694	1739	9	17	0	0	17	7	3
g	346	734	1734	11	23	0	-1	22	10	3
g	347	774	1739	10	18	0	-1	17	9	3
g	348	814	1734	11	23	0	-1	22	10	3
g	349	854	1739	10	18	0	-1	17	9	3
g	350	894	1739	11	22	0	-5	17	10	3
g	351	934	1743	10	18	0	-5	13	9	3
g	352	974	1734	11	23	0	-1	22	10	3
g	353	1014	1739	10	18	0	-1	17	9	3
g	354	1055	1739	11	22	1	-5	17	11	3
g	355	1095	1740	7	21	1	-5	16	7	3
g	356	1135	1734	11	22	1	0	22	11	3
g	357	1175	1739	9	17	1	0	17	7	3
g	358	1215	1739	11	17	1	0	17	11	3
g	359	1254	1740	8	16	0	0	16	7	3
g	360	1295	1734	11	23	1	-1	22	11	3
g	361	1334	1739	11	18	0	-1	17	10	3
g	362	1375	1735	11	22	1	-1	21	11	3
g	363	1414	1740	11	17	0	-1	16	10	3
g	364	1455	1735	11	22	1	-1	21	11	3
g	365	1494	1739	11	18	0	-1	17	10	3
g	366	15	1768	11	25	1	-1	24	11	3
g	367	54	1772	11	21	0	-1	20	10	3
g	368	95	1770	12	23	1	-1	22	11	3
g	369	134	1775	11	18	0	-1	17	10	3
g	370	175	1775	11	22	1	-5	17	11	3
g	371	214	1779	11	18	0	-5	13	10	3
g	372	256	1770	15	22	2	0	22	15	3
g	373	295	1775	14	17	1	0	17	14	3
g	374	336	1770	10	22	2	0	22	11	3
g	375	373	1775	12	22	-1	-5	17	9	3
g	376	416	1770	10	22	2	0	22	11	3
g	377	454	1770	11	22	0	0	22	9	3
g	378	494	1775	9	17	0	0	17	9	3
g	379	534	1770	11	22	0	0	22	9	3
g	380	574	1774	9	18	0	0	18	9	3
g	381	614	1770	11	22	0	0	22	9	3
g	382	654	1775	10	17	0	0	17	9	3
g	399	694	1775	13	18	0	-1	17	12	3
g	402	733	1775	14	22	-1	-5	17	11	3
g	416	775	1773	11	20	1	-1	19	11	3
g	417	814	1777	11	16	0	-1	15	10	3
g	431	855	1773	13	20	1	-1	19	11	3
g	432	894	1777	13	16	0	-1	15	10	3
g	461	933	1770	12	22	-1	0	22	11	3
g	462	974	1775	11	18	0	-1	17	10	3
g	468	1014	1775	11	18	0	-1	17	10	3
g	485	1054	1779	11	18	0	-5	13	10	3
g	487	1094	1775	11	22	0	-5	17	10	3
g	489	1134	1770	11	22	0	0	22	10	3
g	495	1174	1775	10	22	0	-5	17	10	3
g	511	1214	1775	11	19	0	-2	17	10	3
g	536	1254	1775	11	22	0	-5	17	10	3
g	537	1294	1779	10	18	0	-5	13	9	3
g	538	1335	1775	11	22	1	-5	17	11	3
g	539	1375	1776	7	21	1	-5	16	7	3
g	543	1414	1770	11	22	0	0	22	10	3
g	552	1454	1775	11	22	0	-5	17	10	3
g	553	1494	1779	10	18	0	-5	13	10	3
g	567	11	1815	8	18	-3	-5	13	5	3
g	601	54	1815	10	14	0	-1	13	10	3
g	658	94	1815	10	18	0	-5	13	10	3
g	699	135	1811	4	6	1	11	17	4	3
g	700	174	1811	6	6	0	11	17	4	3
g	710	215	1811	7	4	1	13	17	6	3
g	711	256	1811	7	4	2	13	17	7	3
g	713	295	1811	6	3	1	14	17	5	3
g	728	335	1812	7	3	1	13	16	6	3
g	729	375	1810	5	5	1	13	18	4	3
g	730	415	1808	7	7	1	13	20	6	3
g	731	453	1828	4	5	-1	-5	0	3	3
g	732	495	1811	8	3	1	14	17	7	3
g	733	535	1811	9	4	1	13	17	8	3
g	768	571	1811	4	4	-3	13	17	0	3
g	769	611	1811	5	4	-3	13	17	0	3
g	770	648	1811	7	4	-6	13	17	0	3
g	771	688	1811	8	3	-6	14	17	0	3
g	772	730	1811	6	3	-4	14	17	0	3
g	774	769	1811	7	4	-5	13	17	0	3
g	775	811	1810	5	5	-3	13	18	0	3
g	776	848	1810	8	5	-6	13	18	0	3
g	777	886	1810	5	5	-8	13	18	0	3
g	778	930	1808	6	7	-4	13	20	0	3
g	779	967	1811	9	4	-7	13	17	0	3
g	780	1008	1811	8	4	-6	13	17	0	3
g	786	1051	1811	5	4	-3	13	17	0	3
g	787	1091	1811	5	4	-3	13	17	0	3
g	795	1131	1813	5	5	-3	10	15	0	3
g	803	1169	1830	4	4	-5	-6	-2	0	3
g	806	1208	1829	5	4	-6	-5	-1	0	3
g	807	1249	1828	5	5	-5	-5	0	0	3
g	808	1289	1828	4	5	-5	-5	0	0	3
g	821	1328	1812	8	3	-6	13	16	0	3
g	822	1364	1813	12	3	-10	12	15	0	3
g	823	1405	1816	12	9	-9	3	12	0	3
g	824	1443	1810	13	19	-11	-1	18	0	3
g	916	1493	1811	13	17	-1	0	17	12	3
g	937	14	1847	12	17	0	0	17	11	3
g	956	54	1851	11	18	0	-5	13	10	3
g	960	95	1851	12	14	1	-1	13	12	3
g	7808	136	1842	15	22	2	0	22	15	3
g	7809	175	1847	14	17	1	0	17	14	3
g	7810	216	1842	15	22	2	0	22	15	3
g	7811	255	1847	14	17	1	0	17	14	3
g	7812	296	1842	15	22	2	0	22	15	3
g	7813	335	1846	14	18	1	0	18	14	3
g	7840	373	1847	11	23	-1	-6	17	11	3
g	7841	414	1851	11	19	0	-6	13	10	3
g	7842	453	1841	11	23	-1	0	23	11	3
g	7843	494	1846	11	19	0	-1	18	10	3
g	7844	533	1840	16	24	-1	0	24	11	3
g	7845	574	1845	14	20	0	-1	19	10	3
g	7846	613	1839	13	25	-1	0	25	11	3
g	7847	654	1844	12	21	0	-1	20	10	3
g	7848	693	1838	15	26	-1	0	26	11	3
g	7849	734	1843	13	22	0	-1	21	10	3
g	7850	773	1839	13	25	-1	0	25	11	3
g	7851	814	1843	11	22	0	-1	21	10	3
g	7852	853	1842	12	28	-1	-6	22	11	3
g	7853	894	1847	11	23	0	-6	17	10	3
g	7854	933	1838	12	26	-1	0	26	11	3
g	7855	974	1843	11	22	0	-1	21	10	3
g	7856	1013	1838	12	26	-1	0	26	11	3
g	7857	1054	1843	11	22	0	-1	21	10	3
g	7858	1093	1838	12	26	-1	0	26	11	3
g	7859	1134	1842	11	23	0	-1	22	10	3
g	7860	1173	1839	13	25	-1	0	25	11	3
g	7861	1214	1843	11	22	0	-1	21	10	3
g	7862	1253	1843	12	27	-1	-6	21	11	3
g	7863	1294	1847	11	23	0	-6	17	10	3
g	7864	1334	1847	11	23	0	-6	17	10	3
g	7865	1374	1851	10	19	0	-6	13	10	3
g	7866	1414	1841	11	23	0	0	23	10	3
g	7867	1454	1846	10	19	0	-1	18	10	3
g	7868	1494	1842	11	22	0	0	22	10	3
g	7869	14	1883	11	18	0	-1	17	10	3
g	7870	54	1876	15	24	0	0	24	10	3
g	7871	94	1881	14	20	0	-1	19	10	3
g	7872	134	1875	12	25	0	0	25	10	3
g	7873	174	1880	12	21	0	-1	20	10	3
g	7874	214	1874	14	26	0	0	26	10	3
g	7875	254	1879	13	22	0	-1	21	10	3
g	7876	294	1875	12	25	0	0	25	10	3
g	7877	334	1879	11	22	0	-1	21	10	3
g	7878	374	1878	11	28	0	-6	22	10	3
g	7879	414	1883	10	23	0	-6	17	10	3
g	7880	454	1877	7	23	0	0	23	5	3
g	7881	494	1882	6	18	0	0	18	4	3
g	7882	534	1883	6	23	0	-6	17	5	3
g	7883	573	1882	7	24	-1	-6	18	5	3
g	7884	615	1883	10	23	1	-6	17	11	3
g	7885	654	1887	10	19	0	-6	13	10	3
g	7886	695	1877	10	24	1	-1	23	11	3
g	7887	734	1882	10	19	0	-1	18	10	3
g	7888	775	1876	14	25	1	-1	24	11	3
g	7889	814	1881	14	20	0	-1	19	10	3
g	7890	855	1875	12	26	1	-1	25	11	3
g	7891	894	1880	12	21	0	-1	20	10	3
g	7892	935	1874	13	27	1	-1	26	11	3
g	7893	974	1879	13	22	0	-1	21	10	3
g	7894	1015	1875	11	26	1	-1	25	11	3
g	7895	1054	1879	11	22	0	-1	21	10	3
g	7896	1095	1878	10	28	1	-6	22	11	3
g	7897	1134	1883	10	23	0	-6	17	10	3
g	7898	1175	1878	11	23	1	-1	22	11	3
g	7899	1214	1883	11	18	0	-1	17	10	3
g	7900	1255	1878	11	23	1	-1	22	11	3
g	7901	1294	1883	11	18	0	-1	17	10	3
g	7902	1335	1877	11	24	1	-1	23	11	3
g	7903	1374	1882	11	19	0	-1	18	10	3
g	7904	1415	1878	11	23	1	-1	22	11	3
g	7905	1454	1882	11	19	0	-1	18	10	3
g	7906	1495	1881	11	25	1	-6	19	11	3
g	7907	14	1921	11	21	0	-6	15	10	3
g	7908	55	1919	11	23	1	-6	17	11	3
g	7909	94	1923	11	19	0	-6	13	10	3
g	7910	135	1913	11	24	1	-1	23	11	3
g	7911	174	1918	11	19	0	-1	18	10	3
g	7912	215	1914	13	23	1	-1	22	11	3
g	7913	254	1919	13	18	0	-1	17	10	3
g	7914	295	1914	13	23	1	-1	22	11	3
g	7915	334	1919	13	18	0	-1	17	10	3
g	7916	375	1913	13	24	1	-1	23	11	3
g	7917	414	1918	13	19	0	-1	18	10	3
g	7918	455	1914	13	23	1	-1	22	11	3
g	7919	494	1919	13	18	0	-1	17	10	3
g	7920	535	1917	13	25	1	-6	19	11	3
g	7921	574	1921	13	21	0	-6	15	10	3
g	7922	616	1914	10	22	2	0	22	11	3
g	7923	653	1919	12	22	-1	-5	17	9	3
g	7924	696	1919	10	23	2	-6	17	11	3
g	7925	733	1923	12	19	-1	-6	13	9	3
g	7926	776	1913	10	23	2	0	23	11	3
g	7927	813	1918	12	23	-1	-5	18	9	3
g	7928	856	1914	10	22	2	0	22	11	3
g	7929	893	1919	12	22	-1	-5	17	9	3
g	8208	934	1927	8	3	0	6	9	8	3
g	8211	974	1927	9	4	0	5	9	9	3
g	8212	1014	1927	14	4	0	5	9	14	3
g	8216	1055	1919	5	6	1	11	17	4	3
g	8217	1094	1919	6	6	0	11	17	4	3
g	8218	1134	1932	4	7	0	-3	4	14	3
g	8220	1175	1919	8	6	1	11	17	7	3
g	8221	1215	1919	8	6	1	11	17	7	3
g	8222	1253	1932	9	7	-1	-3	4	7	3
g	8224	1295	1919	8	22	1	-5	17	8	3
g	8225	1334	1919	9	22	0	-5	17	8	3
g	8226	1374	1926	7	7	0	3	10	7	3
g	8230	1414	1932	15	5	0	-1	4	16	3
g	8240	1455	1919	23	18	1	-1	17	24	3
g	8242	1494	1919	6	6	0	11	17	9	3
g	8243	15	1955	9	6	1	11	17	8	3
g	8249	55	1961	6	9	1	2	11	7	3
g	8250	95	1961	6	9	1	2	11	7	3
g	8260	130	1955	15	17	-4	0	17	5	3
g	8308	175	1951	7	11	1	10	21	6	3
g	8309	215	1951	7	11	1	10	21	6	3
g	8310	255	1951	7	11	1	10	21	6	3
g	8311	295	1951	7	11	1	10	21	6	3
g	8312	335	1951	7	11	1	10	21	6	3
g	8313	375	1951	7	11	1	10	21	6	3
g	8355	415	1955	12	17	1	0	17	11	3
g	8364	455	1955	11	18	1	-1	17	12	3
g	8378	495	1955	12	17	1	0	17	13	3
g	8381	535	1955	12	17	1	0	17	12	3
g	8467	575	1955	10	18	1	-1	17	10	3
g	8482	615	1955	13	9	1	8	17	12	3
g	8486	654	1955	12	17	0	0	17	11	3
g	8494	695	1955	18	18	1	-1	17	19	3
g	8539	735	1955	16	18	1	-1	17	16	3
g	8540	775	1955	17	18	1	-1	17	18	3
g	8541	814	1955	17	18	0	-1	17	17	3
g	8542	855	1955	16	18	1	-1	17	16	3
g	8706	894	1955	12	18	0	-1	17	12	3
g	8710	933	1955	13	17	-1	0	17	12	3
g	8719	974	1952	12	25	0	-5	20	11	3
g	8721	1014	1953	13	24	0	-5	19	12	3
g	8722	1054	1963	11	3	0	6	9	10	3
g	8725	1094	1955	12	17	0	0	17	11	3
g	8729	1135	1961	6	7	1	4	11	7	3
g	8730	1174	1952	18	25	0	-5	20	16	3
g	8734	1215	1960	15	9	1	3	12	15	3
g	8747	1253	1955	10	22	-1	-5	17	8	3
g	8776	1294	1960	12	9	0	3	12	11	3
g	8800	1334	1958	11	12	0	2	14	10	3
g	8804	1374	1957	11	15	0	0	15	10	3
g	8805	1414	1957	11	15	0	0	15	10	3
g	9674	1455	1953	9	21	1	-2	19	10	3
g	10217	1494	1956	7	19	0	-3	16	7	3
g	64257	15	1990	12	18	1	0	18	12	3
g	64258	55	1991	11	17	1	0	17	11	3
