atlas	2048	2048	25	23.193	5.859	29.053
g	13	5	31	0	0	0	0	0	7	0
g	32	41	31	0	0	0	0	0	7	0
g	33	82	13	5	19	5	-1	18	15	0
g	34	116	13	9	9	3	9	18	15	0
g	35	150	13	13	18	1	0	18	15	0
g	36	186	9	12	26	1	-4	22	15	0
g	37	221	13	15	19	0	-1	18	15	0
g	38	257	13	15	19	0	-1	18	15	0
g	39	298	13	4	9	5	9	18	15	0
g	40	332	11	10	23	3	-3	20	15	0
g	41	367	11	10	23	2	-3	20	15	0
g	42	402	16	13	12	1	3	15	15	0
g	43	438	16	13	13	1	2	15	15	0
g	44	478	27	4	10	5	-6	4	15	0
g	45	510	21	13	3	1	7	10	15	0
g	46	550	27	5	5	5	-1	4	15	0
g	47	582	11	13	23	1	-3	20	15	0
g	48	618	13	13	19	1	-1	18	15	0
g	49	655	13	11	18	2	0	18	15	0
g	50	690	13	13	18	1	0	18	15	0
g	51	726	13	12	19	1	-1	18	15	0
g	52	761	13	14	18	0	0	18	15	0
g	53	798	13	13	19	1	-1	18	15	0
g	54	834	13	13	19	1	-1	18	15	0
g	55	870	13	14	18	1	0	18	15	0
g	56	906	13	13	19	1	-1	18	15	0
g	57	942	13	13	19	1	-1	18	15	0
g	58	982	17	5	15	5	-1	14	15	0
g	59	1018	17	5	20	5	-6	14	15	0
g	60	1050	16	12	13	1	2	15	15	0
g	61	1086	18	13	9	1	4	13	15	0
g	62	1122	16	13	13	1	2	15	15	0
g	63	1158	13	12	19	1	-1	18	15	0
g	64	1194	13	13	21	1	-3	18	15	0
g	65	1229	13	15	18	0	0	18	15	0
g	66	1266	13	13	18	1	0	18	15	0
g	67	1302	13	13	19	1	-1	18	15	0
g	68	1338	13	13	18	1	0	18	15	0
g	69	1374	13	13	18	1	0	18	15	0
g	70	1411	13	12	18	2	0	18	15	0
g	71	1445	13	14	19	0	-1	18	15	0
g	72	1482	13	12	18	1	0	18	15	0
g	73	1519	13	11	18	2	0	18	15	0
g	74	1554	13	12	19	1	-1	18	15	0
g	75	1590	13	14	18	1	0	18	15	0
g	76	1626	13	13	18	1	0	18	15	0
g	77	1662	13	13	18	1	0	18	15	0
g	78	1698	13	12	18	1	0	18	15	0
g	79	1733	13	14	19	0	-1	18	15	0
g	80	1770	13	13	18	1	0	18	15	0
g	81	1805	13	14	24	0	-6	18	15	0
g	82	1842	13	13	18	1	0	18	15	0
g	83	1878	13	12	19	1	-1	18	15	0
g	84	1913	13	14	18	0	0	18	15	0
g	85	6	58	12	19	1	-1	18	15	0
g	86	41	58	15	18	0	0	18	15	0
g	87	77	58	15	18	0	0	18	15	0
g	88	113	58	14	18	0	0	18	15	0
g	89	149	58	15	18	0	0	18	15	0
g	90	186	58	13	18	1	0	18	15	0
g	91	225	56	9	23	4	-3	20	15	0
g	92	257	56	14	23	0	-3	20	15	0
g	93	295	56	9	23	2	-3	20	15	0
g	94	331	58	11	8	2	10	18	15	0
g	95	366	76	13	3	1	-3	0	15	0
g	96	405	56	7	7	4	13	20	15	0
g	97	438	62	14	15	1	-1	14	15	0
g	98	474	57	13	20	1	-1	19	15	0
g	99	510	62	13	15	1	-1	14	15	0
g	100	546	57	12	20	1	-1	19	15	0
g	101	582	62	12	15	1	-1	14	15	0
g	102	617	57	14	19	0	0	19	15	0
g	103	654	62	12	20	1	-6	14	15	0
g	104	691	57	11	19	2	0	19	15	0
g	105	726	57	13	19	1	0	19	15	0
g	106	763	57	10	25	2	-6	19	15	0
g	107	798	57	13	19	1	0	19	15	0
g	108	834	57	13	20	1	-1	19	15	0
g	109	870	62	13	14	1	0	14	15	0
g	110	907	62	11	14	2	0	14	15	0
g	111	942	62	12	15	1	-1	14	15	0
g	112	979	62	12	20	2	-6	14	15	0
g	113	1014	62	12	20	1	-6	14	15	0
g	114	1049	62	15	14	0	0	14	15	0
g	115	1086	62	12	15	1	-1	14	15	0
g	116	1121	59	14	18	0	-1	17	15	0
g	117	1158	63	14	14	1	-1	13	15	0
g	118	1193	63	14	13	0	0	13	15	0
g	119	1229	63	14	13	0	0	13	15	0
g	120	1266	63	13	13	1	0	13	15	0
g	121	1301	63	14	19	0	-6	13	15	0
g	122	1339	63	11	13	2	0	13	15	0
g	123	1376	56	10	23	3	-3	20	15	0
g	124	1415	54	3	26	6	-4	22	15	0
g	125	1447	56	10	23	2	-3	20	15	0
g	126	1482	64	13	7	1	5	12	15	0
g	160	1517	76	0	0	0	0	0	15	0
g	161	1558	62	5	19	5	-5	14	15	0
g	162	1590	58	13	23	1	-5	18	15	0
g	163	1626	58	13	18	1	0	18	15	0
g	164	1661	60	14	15	0	1	16	15	0
g	165	1697	58	15	18	0	0	18	15	0
g	166	1739	54	3	26	6	-4	22	15	0
g	167	1769	56	14	23	0	-3	20	15	0
g	168	1808	57	9	4	3	15	19	15	0
g	169	1841	58	15	18	0	0	18	15	0
g	170	1879	58	10	9	2	9	18	15	0
g	171	1913	63	14	13	0	0	13	15	0
g	172	6	109	13	8	1	4	12	15	0
g	174	41	103	15	18	0	0	18	15	0
g	175	79	103	11	3	2	15	18	15	0
g	176	115	103	10	10	2	8	18	15	0
g	177	150	106	13	13	1	2	15	15	0
g	178	189	103	7	9	4	9	18	15	0
g	179	225	103	7	9	4	9	18	15	0
g	180	262	101	6	5	5	15	20	15	0
g	181	294	108	14	19	1	-6	13	15	0
g	182	329	103	15	18	0	0	18	15	0
g	183	370	110	5	5	5	6	11	15	0
g	184	406	120	5	7	5	-6	1	15	0
g	185	441	103	7	9	4	9	18	15	0
g	186	476	103	9	9	3	9	18	15	0
g	187	510	108	13	13	1	0	13	15	0
g	188	545	103	14	18	0	0	18	15	0
g	189	581	103	14	19	0	-1	18	15	0
g	190	618	103	13	18	1	0	18	15	0
g	191	655	107	12	19	2	-5	14	15	0
g	192	689	98	15	23	0	0	23	15	0
g	193	725	98	15	23	0	0	23	15	0
g	194	761	98	15	23	0	0	23	15	0
g	195	797	97	15	24	0	0	24	15	0
g	196	833	98	15	23	0	0	23	15	0
g	197	869	97	15	24	0	0	24	15	0
g	198	905	103	14	18	0	0	18	15	0
g	199	942	103	13	24	1	-6	18	15	0
g	200	978	98	13	23	1	0	23	15	0
g	201	1014	98	13	23	1	0	23	15	0
g	202	1050	98	13	23	1	0	23	15	0
g	203	1086	98	13	23	1	0	23	15	0
g	204	1123	98	11	23	2	0	23	15	0
g	205	1159	98	11	23	2	0	23	15	0
g	206	1195	98	11	23	2	0	23	15	0
g	207	1231	98	11	23	2	0	23	15	0
g	208	1265	103	14	18	0	0	18	15	0
g	209	1302	97	12	24	1	0	24	15	0
g	210	1337	98	14	24	0	-1	23	15	0
g	211	1373	98	14	24	0	-1	23	15	0
g	212	1409	98	14	24	0	-1	23	15	0
g	213	1445	97	14	25	0	-1	24	15	0
g	214	1481	98	14	24	0	-1	23	15	0
g	215	1518	106	13	13	1	2	15	15	0
g	216	1553	102	14	21	0	-2	19	15	0
g	217	1590	98	12	24	1	-1	23	15	0
g	218	1626	98	12	24	1	-1	23	15	0
g	219	1662	98	12	24	1	-1	23	15	0
g	220	1698	98	12	24	1	-1	23	15	0
g	221	1733	98	15	23	0	0	23	15	0
g	222	1770	103	13	18	1	0	18	15	0
g	223	1805	102	15	20	0	-1	19	15	0
g	224	1842	101	14	21	1	-1	20	15	0
g	225	1878	101	14	21	1	-1	20	15	0
g	226	1914	101	14	21	1	-1	20	15	0
g	227	6	146	14	21	1	-1	20	15	0
g	228	42	147	14	20	1	-1	19	15	0
g	229	78	146	14	21	1	-1	20	15	0
g	230	113	152	15	15	0	-1	14	15	0
g	231	150	152	13	20	1	-6	14	15	0
g	232	186	146	12	21	1	-1	20	15	0
g	233	222	146	12	21	1	-1	20	15	0
g	234	258	146	12	21	1	-1	20	15	0
g	235	294	147	12	20	1	-1	19	15	0
g	236	330	146	13	20	1	0	20	15	0
g	237	366	146	13	20	1	0	20	15	0
g	238	402	146	13	20	1	0	20	15	0
g	239	438	147	13	19	1	0	19	15	0
g	240	474	147	13	20	1	-1	19	15	0
g	241	511	146	11	20	2	0	20	15	0
g	242	546	146	12	21	1	-1	20	15	0
g	243	582	146	12	21	1	-1	20	15	0
g	244	618	146	12	21	1	-1	20	15	0
g	245	654	146	12	21	1	-1	20	15	0
g	246	690	147	12	20	1	-1	19	15	0
g	247	726	150	13	15	1	1	16	15	0
g	248	762	151	12	17	1	-2	15	15	0
g	249	798	146	14	21	1	-1	20	15	0
g	250	834	146	14	21	1	-1	20	15	0
g	251	870	146	14	21	1	-1	20	15	0
g	252	906	147	14	20	1	-1	19	15	0
g	253	941	146	14	26	0	-6	20	15	0
g	254	979	147	12	25	2	-6	19	15	0
g	255	1013	147	14	25	0	-6	19	15	0
g	256	1049	144	15	22	0	0	22	15	0
g	257	1086	148	14	19	1	-1	18	15	0
g	258	1121	143	15	23	0	0	23	15	0
g	259	1158	146	14	21	1	-1	20	15	0
g	260	1193	148	15	24	0	-6	18	15	0
g	261	1230	152	14	20	1	-6	14	15	0
g	262	1266	143	13	24	1	-1	23	15	0
g	263	1302	146	13	21	1	-1	20	15	0
g	264	1338	143	13	24	1	-1	23	15	0
g	265	1374	146	13	21	1	-1	20	15	0
g	266	1410	143	13	24	1	-1	23	15	0
g	267	1446	147	13	20	1	-1	19	15	0
g	268	1482	143	13	24	1	-1	23	15	0
g	269	1518	146	13	21	1	-1	20	15	0
g	270	1554	143	13	23	1	0	23	15	0
g	271	1590	146	16	21	1	-1	20	15	0
g	272	1625	148	14	18	0	0	18	15	0
g	273	1662	147	13	20	1	-1	19	15	0
g	274	1698	144	13	22	1	0	22	15	0
g	275	1734	148	12	19	1	-1	18	15	0
g	276	1770	143	13	23	1	0	23	15	0
g	277	1806	146	12	21	1	-1	20	15	0
g	278	1842	143	13	23	1	0	23	15	0
g	279	1878	147	12	20	1	-1	19	15	0
g	280	1914	148	13	24	1	-6	18	15	0
g	281	6	197	12	20	1	-6	14	15	0
g	282	42	188	13	23	1	0	23	15	0
g	283	78	191	12	21	1	-1	20	15	0
g	284	113	188	14	24	0	-1	23	15	0
g	285	150	191	12	26	1	-6	20	15	0
g	286	185	188	14	24	0	-1	23	15	0
g	287	222	191	12	26	1	-6	20	15	0
g	288	257	188	14	24	0	-1	23	15	0
g	289	294	192	12	25	1	-6	19	15	0
g	290	329	193	14	25	0	-7	18	15	0
g	291	366	190	12	27	1	-6	21	15	0
g	292	402	188	12	23	1	0	23	15	0
g	293	436	187	14	24	-1	0	24	15	0
g	294	473	193	15	18	0	0	18	15	0
g	295	509	192	13	19	0	0	19	15	0
g	296	547	187	11	24	2	0	24	15	0
g	297	582	191	13	20	1	0	20	15	0
g	298	619	189	11	22	2	0	22	15	0
g	299	654	193	13	18	1	0	18	15	0
g	300	691	188	11	23	2	0	23	15	0
g	301	726	191	13	20	1	0	20	15	0
g	302	763	193	11	24	2	-6	18	15	0
g	303	798	192	13	25	1	-6	19	15	0
g	304	835	188	11	23	2	0	23	15	0
g	305	870	198	13	13	1	0	13	15	0
g	306	905	193	14	19	0	-1	18	15	0
g	307	943	192	11	25	2	-6	19	15	0
g	308	978	188	13	24	1	-1	23	15	0
g	309	1015	191	12	26	2	-6	20	15	0
g	310	1050	193	14	25	1	-7	18	15	0
g	311	1086	192	13	26	1	-7	19	15	0
g	312	1122	198	13	13	1	0	13	15	0
g	313	1158	188	13	23	1	0	23	15	0
g	314	1194	187	13	25	1	-1	24	15	0
g	315	1230	193	13	25	1	-7	18	15	0
g	316	1266	192	13	26	1	-7	19	15	0
g	317	1302	191	13	20	1	0	20	15	0
g	318	1338	191	13	21	1	-1	20	15	0
g	319	1374	193	13	18	1	0	18	15	0
g	320	1410	192	13	20	1	-1	19	15	0
g	321	1445	193	14	18	0	0	18	15	0
g	322	1482	192	13	20	1	-1	19	15	0
g	323	1518	188	12	23	1	0	23	15	0
g	324	1555	191	11	20	2	0	20	15	0
g	325	1590	193	12	25	1	-7	18	15	0
g	326	1627	197	11	21	2	-7	14	15	0
g	327	1662	188	12	23	1	0	23	15	0
g	328	1699	191	11	20	2	0	20	15	0
g	329	1733	190	13	21	0	0	21	15	0
g	330	1770	193	12	24	1	-6	18	15	0
g	331	1807	197	11	20	2	-6	14	15	0
g	332	1841	189	14	23	0	-1	22	15	0
g	333	1878	193	12	19	1	-1	18	15	0
g	334	1913	188	14	24	0	-1	23	15	0
g	335	6	236	12	21	1	-1	20	15	0
g	336	41	233	14	24	0	-1	23	15	0
g	337	78	236	12	21	1	-1	20	15	0
g	338	113	238	14	19	0	-1	18	15	0
g	339	149	242	15	15	0	-1	14	15	0
g	340	186	233	13	23	1	0	23	15	0
g	341	221	236	15	20	0	0	20	15	0
g	342	258	238	13	25	1	-7	18	15	0
g	343	293	242	15	21	0	-7	14	15	0
g	344	330	233	13	23	1	0	23	15	0
g	345	365	236	15	20	0	0	20	15	0
g	346	402	233	12	24	1	-1	23	15	0
g	347	438	236	12	21	1	-1	20	15	0
g	348	474	233	12	24	1	-1	23	15	0
g	349	510	236	12	21	1	-1	20	15	0
g	350	546	238	12	24	1	-6	18	15	0
g	351	582	242	12	20	1	-6	14	15	0
g	352	618	233	12	24	1	-1	23	15	0
g	353	654	236	12	21	1	-1	20	15	0
g	354	689	238	14	24	0	-6	18	15	0
g	355	725	239	14	23	0	-6	17	15	0
g	356	761	233	14	23	0	0	23	15	0
g	357	797	236	14	21	0	-1	20	15	0
g	358	833	238	14	18	0	0	18	15	0
g	359	869	239	14	18	0	-1	17	15	0
g	360	906	232	12	25	1	-1	24	15	0
g	361	942	236	14	21	1	-1	20	15	0
g	362	978	234	12	23	1	-1	22	15	0
g	363	1014	238	14	19	1	-1	18	15	0
g	364	1050	233	12	24	1	-1	23	15	0
g	365	1086	236	14	21	1	-1	20	15	0
g	366	1122	232	12	25	1	-1	24	15	0
g	367	1158	236	14	21	1	-1	20	15	0
g	368	1194	233	13	24	1	-1	23	15	0
g	369	1230	236	14	21	1	-1	20	15	0
g	370	1266	238	12	24	1	-6	18	15	0
g	371	1302	243	14	19	1	-6	13	15	0
g	372	1337	233	15	23	0	0	23	15	0
g	373	1373	236	14	20	0	0	20	15	0
g	374	1409	233	15	23	0	0	23	15	0
g	375	1445	236	14	26	0	-6	20	15	0
g	376	1481	233	15	23	0	0	23	15	0
g	377	1518	233	13	23	1	0	23	15	0
g	378	1555	236	11	20	2	0	20	15	0
g	379	1590	233	13	23	1	0	23	15	0
g	380	1627	237	11	19	2	0	19	15	0
g	381	1662	233	13	23	1	0	23	15	0
g	382	1699	236	11	20	2	0	20	15	0
g	383	1733	237	15	19	0	0	19	15	0
g	390	1769	238	14	19	0	-1	18	15	0
g	393	1805	238	14	18	0	0	18	15	0
g	398	1842	238	12	18	1	0	18	15	0
g	399	1877	238	14	19	0	-1	18	15	0
g	400	1914	238	13	19	1	-1	18	15	0
g	401	4	283	15	24	-1	-6	18	15	0
g	402	41	282	14	25	0	-6	19	15	0
g	404	77	283	15	24	0	-6	18	15	0
g	406	114	282	13	20	1	-1	19	15	0
g	410	150	282	13	20	1	-1	19	15	0
g	411	185	282	15	20	0	-1	19	15	0
g	413	220	283	14	24	-1	-6	18	15	0
g	416	257	280	16	22	0	-1	21	15	0
g	417	294	284	14	18	1	-1	17	15	0
g	425	330	283	13	18	1	0	18	15	0
g	431	366	280	15	22	1	-1	21	15	0
g	432	402	284	14	18	1	-1	17	15	0
g	433	437	283	14	19	0	-1	18	15	0
g	434	474	283	12	19	1	-1	18	15	0
g	439	509	283	14	19	0	-1	18	15	0
g	461	545	278	15	23	0	0	23	15	0
g	462	582	281	14	21	1	-1	20	15	0
g	477	618	287	12	15	1	-1	14	15	0
g	484	653	283	15	19	0	-1	18	15	0
g	485	689	287	15	20	0	-6	14	15	0
g	486	725	278	14	24	0	-1	23	15	0
g	487	762	281	12	26	1	-6	20	15	0
g	490	797	283	14	24	0	-6	18	15	0
g	491	834	287	12	20	1	-6	14	15	0
g	496	871	281	12	26	2	-6	20	15	0
g	506	905	275	15	26	0	0	26	15	0
g	507	942	277	14	25	1	-1	24	15	0
g	508	977	278	14	23	0	0	23	15	0
g	509	1013	281	15	21	0	-1	20	15	0
g	510	1049	278	14	25	0	-2	23	15	0
g	511	1086	281	12	22	1	-2	20	15	0
g	536	1122	283	12	25	1	-7	18	15	0
g	537	1158	287	12	21	1	-7	14	15	0
g	538	1193	283	14	25	0	-7	18	15	0
g	539	1229	284	14	24	0	-7	17	15	0
g	542	1266	278	12	23	1	0	23	15	0
g	543	1300	277	14	24	-1	0	24	15	0
g	562	1337	279	15	22	0	0	22	15	0
g	563	1373	283	14	24	0	-6	18	15	0
g	567	1411	288	9	19	2	-6	13	15	0
g	570	1445	280	15	26	0	-5	21	15	0
g	571	1482	280	13	26	1	-5	21	15	0
g	573	1516	283	15	18	-1	0	18	15	0
g	574	1553	280	14	26	0	-5	21	15	0
g	581	1589	283	15	18	0	0	18	15	0
g	593	1625	287	15	15	0	-1	14	15	0
g	596	1662	287	12	15	1	-1	14	15	0
g	598	1698	282	16	25	1	-6	19	15	0
g	601	1734	287	12	15	1	-1	14	15	0
g	603	1771	287	11	15	2	-1	14	15	0
g	610	1806	287	13	15	1	-1	14	15	0
g	611	1841	288	14	19	0	-6	13	15	0
g	617	1878	288	12	14	1	-1	13	15	0
g	618	1915	288	11	13	2	0	13	15	0
g	619	5	327	14	20	0	-1	19	15	0
g	620	40	327	15	20	-1	-1	19	15	0
g	626	75	332	15	20	-2	-6	14	15	0
g	643	114	327	14	25	1	-6	19	15	0
g	650	150	333	13	14	1	-1	13	15	0
g	651	186	333	12	14	1	-1	13	15	0
g	652	222	333	13	13	1	0	13	15	0
g	658	257	333	13	19	0	-6	13	15	0
g	660	294	327	12	19	1	0	19	15	0
g	661	331	327	12	19	2	0	19	15	0
g	671	366	332	13	14	1	0	14	15	0
g	679	401	328	16	24	0	-6	18	15	0
g	695	439	328	10	9	2	9	18	15	0
g	696	476	328	9	12	3	6	18	15	0
g	699	513	327	6	10	4	9	19	15	0
g	700	549	328	6	10	4	8	18	15	0
g	704	583	326	10	11	2	9	20	15	0
g	710	620	326	9	5	3	15	20	15	0
g	711	656	326	9	6	3	14	20	15	0
g	713	691	328	11	3	2	15	18	15	0
g	720	729	333	6	13	4	0	13	15	0
g	728	764	326	9	5	3	15	20	15	0
g	729	802	327	4	4	5	15	19	15	0
g	730	837	326	7	6	4	14	20	15	0
g	731	873	345	6	7	4	-6	1	15	0
g	732	907	326	10	5	2	15	20	15	0
g	733	944	326	10	5	3	15	20	15	0
g	768	981	326	6	5	4	15	20	0	0
g	769	1018	326	6	5	5	15	20	0	0
g	770	1052	326	9	5	3	15	20	0	0
g	771	1087	326	10	5	2	15	20	0	0
g	772	1123	328	11	3	2	15	18	0	0
g	774	1160	326	9	5	3	15	20	0	0
g	775	1198	327	4	4	5	15	19	0	0
g	776	1232	327	9	4	3	15	19	0	0
g	777	1269	325	6	6	4	15	21	0	0
g	778	1305	326	7	6	4	14	20	0	0
g	779	1340	326	10	5	3	15	20	0	0
g	780	1376	326	9	6	3	14	20	0	0
g	786	1414	325	4	7	5	14	21	0	0
g	787	1451	326	4	6	6	14	20	0	0
g	789	1487	326	4	6	6	14	20	0	0
g	795	1521	329	7	7	4	10	17	0	0
g	803	1558	347	4	5	5	-6	-1	0	0
g	805	1593	346	7	7	4	-7	0	0	0
g	806	1630	347	5	6	5	-7	-1	0	0
g	807	1666	345	5	7	5	-6	1	0	0
g	808	1701	345	6	7	4	-6	1	0	0
g	817	1735	348	11	3	2	-5	-2	0	0
g	818	1768	348	17	3	-1	-5	-2	0	0
g	832	1809	326	6	5	4	15	20	0	0
g	833	1846	326	6	5	5	15	20	0	0
g	834	1879	326	10	5	2	15	20	0	0
g	884	1917	328	6	10	4	8	18	15	0
g	885	10	387	4	10	5	-6	4	15	0
g	894	46	377	5	20	5	-6	14	15	0
g	900	82	371	6	5	5	15	20	15	0
g	901	114	371	13	5	1	15	20	15	0
g	902	148	373	16	18	-1	0	18	15	0
g	903	190	377	5	5	5	9	14	15	0
g	904	220	373	15	18	-1	0	18	15	0
g	905	256	373	14	18	-1	0	18	15	0
g	906	292	373	14	18	-1	0	18	15	0
g	908	328	373	15	19	-1	-1	18	15	0
g	910	364	373	16	18	-1	0	18	15	0
g	911	400	373	15	18	-1	0	18	15	0
g	912	438	371	12	21	1	-1	20	15	0
g	913	473	373	15	18	0	0	18	15	0
g	914	510	373	13	18	1	0	18	15	0
g	915	547	373	12	18	2	0	18	15	0
g	916	581	373	15	18	0	0	18	15	0
g	917	618	373	13	18	1	0	18	15	0
g	918	654	373	13	18	1	0	18	15	0
g	919	690	373	12	18	1	0	18	15	0
g	920	725	373	14	19	0	-1	18	15	0
g	921	763	373	11	18	2	0	18	15	0
g	922	798	373	14	18	1	0	18	15	0
g	923	833	373	15	18	0	0	18	15	0
g	924	870	373	13	18	1	0	18	15	0
g	925	906	373	12	18	1	0	18	15	0
g	926	942	373	13	18	1	0	18	15	0
g	927	977	373	14	19	0	-1	18	15	0
g	928	1014	373	12	18	1	0	18	15	0
g	929	1050	373	13	18	1	0	18	15	0
g	931	1086	373	13	18	1	0	18	15	0
g	932	1121	373	14	18	0	0	18	15	0
g	933	1157	373	15	18	0	0	18	15	0
g	934	1193	373	14	19	0	-1	18	15	0
g	935	1229	373	14	18	0	0	18	15	0
g	936	1265	373	14	18	0	0	18	15	0
g	937	1301	373	14	18	0	0	18	15	0
g	938	1339	368	11	23	2	0	23	15	0
g	939	1373	368	15	23	0	0	23	15	0
g	940	1409	371	15	21	0	-1	20	15	0
g	941	1447	371	11	21	2	-1	20	15	0
g	942	1483	371	11	26	2	-6	20	15	0
g	943	1518	371	12	21	1	-1	20	15	0
g	944	1553	371	14	21	0	-1	20	15	0
g	945	1589	377	15	15	0	-1	14	15	0
g	946	1626	372	13	25	1	-6	19	15	0
g	947	1661	377	14	20	0	-6	14	15	0
g	948	1698	372	13	20	1	-1	19	15	0
g	949	1735	377	11	15	2	-1	14	15	0
g	950	1771	372	12	25	2	-6	19	15	0
g	951	1807	377	11	20	2	-6	14	15	0
g	952	1842	372	12	20	1	-1	19	15	0
g	953	1878	378	12	14	1	-1	13	15	0
g	954	1914	377	14	14	1	0	14	15	0
g	955	5	417	15	20	0	-1	19	15	0
g	956	42	423	14	19	1	-6	13	15	0
g	957	77	422	14	14	0	0	14	15	0
g	958	114	417	13	25	1	-6	19	15	0
g	959	150	422	12	15	1	-1	14	15	0
g	960	185	423	14	14	0	-1	13	15	0
g	961	223	422	12	20	2	-6	14	15	0
g	962	258	422	13	20	1	-6	14	15	0
g	963	294	423	13	14	1	-1	13	15	0
g	964	330	423	12	14	1	-1	13	15	0
g	965	365	423	13	14	0	-1	13	15	0
g	966	402	417	13	25	1	-6	19	15	0
g	967	437	422	14	20	0	-6	14	15	0
g	968	474	417	13	25	1	-6	19	15	0
g	969	510	423	13	14	1	-1	13	15	0
g	970	546	417	12	20	1	-1	19	15	0
g	971	581	417	13	20	0	-1	19	15	0
g	972	618	416	12	21	1	-1	20	15	0
g	973	653	416	13	21	0	-1	20	15	0
g	974	690	416	13	21	1	-1	20	15	0
g	975	726	418	14	23	1	-5	18	15	0
g	983	762	422	13	19	1	-5	14	15	0
g	1024	798	413	13	23	1	0	23	15	0
g	1025	834	413	13	23	1	0	23	15	0
g	1026	868	418	15	18	-1	0	18	15	0
g	1027	907	413	12	23	2	0	23	15	0
g	1028	942	418	14	19	1	-1	18	15	0
g	1029	978	418	12	19	1	-1	18	15	0
g	1030	1015	418	11	18	2	0	18	15	0
g	1031	1051	413	11	23	2	0	23	15	0
g	1032	1086	418	12	19	1	-1	18	15	0
g	1033	1121	418	14	18	0	0	18	15	0
g	1034	1158	418	13	18	1	0	18	15	0
g	1035	1193	418	13	18	0	0	18	15	0
g	1036	1230	413	13	24	1	-1	23	15	0
g	1037	1266	413	12	23	1	0	23	15	0
g	1038	1302	413	14	23	1	0	23	15	0
g	1039	1338	418	12	22	1	-4	18	15	0
g	1040	1373	418	15	18	0	0	18	15	0
g	1041	1410	418	13	18	1	0	18	15	0
g	1042	1446	418	13	18	1	0	18	15	0
g	1043	1483	418	12	18	2	0	18	15	0
g	1044	1517	418	15	22	0	-4	18	15	0
g	1045	1554	418	13	18	1	0	18	15	0
g	1046	1589	418	15	19	0	-1	18	15	0
g	1047	1625	418	14	19	0	-1	18	15	0
g	1048	1662	418	12	18	1	0	18	15	0
g	1049	1698	413	12	23	1	0	23	15	0
g	1050	1734	418	13	19	1	-1	18	15	0
g	1051	1769	418	13	18	0	0	18	15	0
g	1052	1806	418	13	18	1	0	18	15	0
g	1053	1842	418	12	18	1	0	18	15	0
g	1054	1877	418	14	19	0	-1	18	15	0
g	1055	1914	418	12	18	1	0	18	15	0
g	1056	6	463	13	18	1	0	18	15	0
g	1057	42	463	13	19	1	-1	18	15	0
g	1058	77	463	14	18	0	0	18	15	0
g	1059	114	463	14	18	1	0	18	15	0
g	1060	149	463	14	19	0	-1	18	15	0
g	1061	185	463	14	18	0	0	18	15	0
g	1062	222	463	14	22	1	-4	18	15	0
g	1063	258	463	12	18	1	0	18	15	0
g	1064	294	463	13	18	1	0	18	15	0
g	1065	330	463	14	22	1	-4	18	15	0
g	1066	364	463	15	18	-1	0	18	15	0
g	1067	402	463	13	18	1	0	18	15	0
g	1068	438	463	13	18	1	0	18	15	0
g	1069	473	463	14	19	0	-1	18	15	0
g	1070	509	463	14	19	0	-1	18	15	0
g	1071	545	463	13	19	0	-1	18	15	0
g	1072	582	467	14	15	1	-1	14	15	0
g	1073	618	462	13	20	1	-1	19	15	0
g	1074	655	468	12	13	2	0	13	15	0
g	1075	692	468	10	13	3	0	13	15	0
g	1076	725	468	14	17	0	-4	13	15	0
g	1077	762	467	12	15	1	-1	14	15	0
g	1078	797	467	15	15	0	-1	14	15	0
g	1079	834	467	12	15	1	-1	14	15	0
g	1080	871	468	11	13	2	0	13	15	0
g	1081	907	461	11	20	2	0	20	15	0
g	1082	942	467	12	15	1	-1	14	15	0
g	1083	977	468	13	13	0	0	13	15	0
g	1084	1014	468	13	13	1	0	13	15	0
g	1085	1051	468	11	13	2	0	13	15	0
g	1086	1086	467	12	15	1	-1	14	15	0
g	1087	1123	468	11	13	2	0	13	15	0
g	1088	1159	467	12	20	2	-6	14	15	0
g	1089	1194	467	13	15	1	-1	14	15	0
g	1090	1230	468	13	13	1	0	13	15	0
g	1091	1265	468	14	19	0	-6	13	15	0
g	1092	1301	462	15	25	0	-6	19	15	0
g	1093	1338	468	13	13	1	0	13	15	0
g	1094	1374	468	13	17	1	-4	13	15	0
g	1095	1410	468	12	13	1	0	13	15	0
g	1096	1446	468	13	13	1	0	13	15	0
g	1097	1482	468	14	17	1	-4	13	15	0
g	1098	1517	468	14	13	0	0	13	15	0
g	1099	1554	468	13	13	1	0	13	15	0
g	1100	1591	468	12	13	2	0	13	15	0
g	1101	1626	467	12	15	1	-1	14	15	0
g	1102	1662	467	13	15	1	-1	14	15	0
g	1103	1698	468	12	14	1	-1	13	15	0
g	1104	1734	461	12	21	1	-1	20	15	0
g	1105	1770	462	12	20	1	-1	19	15	0
g	1106	1805	462	13	25	0	-6	19	15	0
g	1107	1844	461	10	20	3	0	20	15	0
g	1108	1878	467	13	15	1	-1	14	15	0
g	1109	1914	467	12	15	1	-1	14	15	0
g	1110	6	507	13	19	1	0	19	15	0
g	1111	42	507	13	19	1	0	19	15	0
g	1112	79	507	10	25	2	-6	19	15	0
g	1113	113	513	15	13	0	0	13	15	0
g	1114	150	513	14	13	1	0	13	15	0
g	1115	185	507	13	19	0	0	19	15	0
g	1116	222	506	12	21	1	-1	20	15	0
g	1117	259	506	11	20	2	0	20	15	0
g	1118	293	506	14	26	0	-6	20	15	0
g	1119	331	513	11	17	2	-4	13	15	0
g	1168	367	504	12	22	2	0	22	15	0
g	1169	404	509	10	17	3	0	17	15	0
g	1170	436	508	15	18	-1	0	18	15	0
g	1171	473	513	13	13	0	0	13	15	0
g	1174	509	508	15	22	0	-4	18	15	0
g	1175	545	512	15	18	0	-4	14	15	0
g	1178	582	508	14	22	1	-4	18	15	0
g	1179	618	512	14	18	1	-4	14	15	0
g	1186	654	508	14	22	1	-4	18	15	0
g	1187	691	513	13	17	2	-4	13	15	0
g	1198	725	508	15	18	0	0	18	15	0
g	1199	761	513	14	19	0	-6	13	15	0
g	1200	797	508	15	18	0	0	18	15	0
g	1201	833	513	14	19	0	-6	13	15	0
g	1202	869	508	15	22	0	-4	18	15	0
g	1203	906	513	14	17	1	-4	13	15	0
g	1206	942	508	13	22	1	-4	18	15	0
g	1207	978	513	13	17	1	-4	13	15	0
g	1210	1014	508	12	18	1	0	18	15	0
g	1211	1051	507	11	19	2	0	19	15	0
g	1216	1087	508	11	18	2	0	18	15	0
g	1231	1122	513	13	13	1	0	13	15	0
g	1240	1157	508	14	19	0	-1	18	15	0
g	1241	1194	512	12	15	1	-1	14	15	0
g	1250	1230	504	12	22	1	0	22	15	0
g	1251	1267	508	11	18	2	0	18	15	0
g	1256	1301	508	14	19	0	-1	18	15	0
g	1257	1338	512	12	15	1	-1	14	15	0
g	1262	1374	504	14	22	1	0	22	15	0
g	1263	1409	508	14	24	0	-6	18	15	0
g	1463	1445	510	25	20	0	-4	16	15	0
g	1464	1481	510	25	22	0	-6	16	15	0
g	1465	1523	506	3	4	6	16	20	0	0
g	1466	1559	506	3	4	6	16	20	0	0
g	1468	1589	510	24	14	0	2	16	15	0
g	1470	1627	511	10	3	2	12	15	15	0
g	1472	1667	507	3	19	6	0	19	15	0
g	1473	1697	506	24	18	0	2	20	15	0
g	1474	1733	506	24	18	0	2	20	15	0
g	1479	1769	510	14	22	0	-6	16	15	0
g	1488	1805	511	14	15	0	0	15	15	0
g	1489	1842	510	13	16	1	0	16	15	0
g	1490	1878	511	11	16	1	-1	15	15	0
g	1491	1913	511	13	15	0	0	15	15	0
g	1492	6	555	12	16	1	0	16	15	0
g	1493	43	556	8	15	2	0	15	15	0
g	1494	79	556	9	15	2	0	15	15	0
g	1495	114	555	12	16	1	0	16	15	0
g	1496	150	556	12	16	1	-1	15	15	0
g	1497	186	556	10	10	1	5	15	15	0
g	1498	221	555	12	22	0	-6	16	15	0
g	1499	258	555	11	16	1	0	16	15	0
g	1500	294	552	11	20	1	-1	19	15	0
g	1501	330	555	12	16	1	0	16	15	0
g	1502	365	556	13	15	0	0	15	15	0
g	1503	403	556	9	21	2	-6	15	15	0
g	1504	438	556	11	15	1	0	15	15	0
g	1505	474	555	12	17	1	-1	16	15	0
g	1506	510	556	12	15	1	0	15	15	0
g	1507	546	556	12	21	1	-6	15	15	0
g	1508	582	556	12	15	1	0	15	15	0
g	1509	618	556	12	21	1	-6	15	15	0
g	1510	654	556	12	15	1	0	15	15	0
g	1511	690	556	12	21	1	-6	15	15	0
g	1512	725	555	12	16	0	0	16	15	0
g	1513	762	556	12	16	1	-1	15	15	0
g	1514	797	556	14	15	0	0	15	15	0
g	1523	837	553	7	10	4	8	18	15	0
g	1524	870	553	13	10	1	8	18	15	0
g	1536	905	569	14	6	0	-4	2	15	0
g	1537	941	572	15	4	0	-5	-1	15	0
g	1538	977	569	14	6	0	-4	2	15	0
g	1539	1013	568	15	7	0	-4	3	15	0
g	1540	1049	564	15	8	0	-1	7	15	0
g	1541	1085	562	15	4	0	5	9	15	0
g	1542	1121	552	15	19	0	0	19	15	0
g	1543	1157	552	15	19	0	0	19	15	0
g	1544	1190	562	19	15	-3	-6	9	15	0
g	1545	1230	553	14	19	1	-1	18	15	0
g	1547	1264	553	14	25	-1	-7	18	15	0
g	1548	1306	564	5	8	5	-1	7	15	0
g	1549	1340	558	9	13	3	0	13	15	0
g	1550	1373	564	15	8	0	-1	7	15	0
g	1551	1409	559	15	21	0	-9	12	15	0
g	1563	1450	557	5	15	5	-1	14	15	0
g	1566	1483	549	11	12	2	10	22	15	0
g	1567	1520	553	10	19	3	-1	18	15	0
g	1568	1553	561	14	20	0	-10	10	15	0
g	1569	1593	562	8	10	4	-1	9	15	0
g	1570	1628	552	8	19	3	0	19	15	0
g	1571	1665	550	6	21	4	0	21	15	0
g	1572	1698	555	12	22	1	-6	16	15	0
g	1573	1737	553	6	25	4	-7	18	15	0
g	1574	1768	559	15	17	-1	-5	12	15	0
g	1575	1810	553	4	18	5	0	18	15	0
g	1576	1841	562	15	15	0	-6	9	15	0
g	1577	1879	555	11	17	2	-1	16	15	0
g	1578	1913	558	15	14	0	-1	13	15	0
g	1579	5	600	15	17	0	-1	16	15	0
g	1580	41	605	14	19	0	-8	11	15	0
g	1581	77	605	14	19	0	-8	11	15	0
g	1582	113	600	14	24	0	-8	16	15	0
g	1583	151	604	11	13	2	-1	12	15	0
g	1584	187	598	11	19	2	-1	18	15	0
g	1585	223	608	11	14	2	-6	8	15	0
g	1586	259	603	11	19	2	-6	13	15	0
g	1587	293	608	14	13	0	-5	8	15	0
g	1588	329	600	14	21	0	-5	16	15	0
g	1589	365	605	15	16	0	-5	11	15	0
g	1590	401	600	15	21	0	-5	16	15	0
g	1591	437	598	15	19	0	-1	18	15	0
g	1592	473	598	15	19	0	-1	18	15	0
g	1593	509	604	14	20	0	-8	12	15	0
g	1594	545	599	14	25	0	-8	17	15	0
g	1595	581	597	15	20	0	-1	19	15	0
g	1596	617	598	15	26	0	-8	18	15	0
g	1597	653	605	14	16	0	-5	11	15	0
g	1598	688	606	15	15	-1	-5	10	15	0
g	1599	724	603	15	18	-1	-5	13	15	0
g	1600	760	613	17	4	-1	-1	3	15	0
g	1601	797	598	15	19	0	-1	18	15	0
g	1602	833	602	15	20	0	-6	14	15	0
g	1603	869	598	14	19	0	-1	18	15	0
g	1604	905	598	14	23	0	-5	18	15	0
g	1605	942	606	12	18	1	-8	10	15	0
g	1606	977	604	14	17	0	-5	12	15	0
g	1607	1015	604	11	13	2	-1	12	15	0
g	1608	1050	607	12	15	1	-6	9	15	0
g	1609	1085	606	14	15	0	-5	10	15	0
g	1610	1121	606	14	19	0	-9	10	15	0
g	1611	1161	594	7	7	4	15	22	0	0
g	1612	1196	596	8	7	3	13	20	0	0
g	1613	1233	616	7	7	4	-7	0	0	0
g	1614	1269	597	7	4	4	15	19	0	0
g	1615	1305	596	6	7	4	13	20	0	0
g	1616	1341	616	7	4	4	-4	0	0	0
g	1617	1377	597	7	6	4	13	19	0	0
g	1618	1414	597	5	6	5	13	19	0	0
g	1619	1448	598	9	4	3	14	18	0	0
g	1620	1485	596	7	7	4	13	20	0	0
g	1621	1521	617	6	6	4	-7	-1	0	0
g	1622	1559	617	3	6	6	-7	-1	0	0
g	1624	1594	598	5	5	5	13	18	0	0
g	1626	1625	600	14	14	0	2	16	15	0
g	1627	1661	600	14	14	0	2	16	15	0
g	1631	1697	600	14	23	0	-7	16	15	0
g	1632	1737	607	6	6	4	3	9	15	0
g	1633	1773	598	7	18	4	0	18	15	0
g	1634	1806	598	12	18	1	0	18	15	0
g	1635	1841	598	14	18	0	0	18	15	0
g	1636	1879	598	11	19	2	-1	18	15	0
g	1637	1914	602	12	15	1	-1	14	15	0
g	1638	6	643	12	18	1	0	18	15	0
g	1639	41	643	15	18	0	0	18	15	0
g	1640	77	643	15	19	0	-1	18	15	0
g	1641	114	643	13	19	1	-1	18	15	0
g	1642	150	643	13	19	1	-1	18	15	0
g	1643	190	657	5	8	5	-4	4	15	0
g	1644	226	657	5	8	5	-4	4	15	0
g	1645	260	649	8	8	3	4	12	15	0
g	1646	293	652	15	10	0	-1	9	15	0
g	1647	329	652	15	15	0	-6	9	15	0
g	1648	371	648	3	6	6	7	13	0	0
g	1649	403	640	9	21	2	0	21	15	0
g	1650	440	640	8	21	3	0	21	15	0
g	1651	475	643	9	25	2	-7	18	15	0
g	1652	513	641	7	7	4	13	20	0	0
g	1653	550	642	10	19	5	0	19	15	0
g	1654	582	645	14	22	1	-6	16	15	0
g	1655	618	646	13	21	1	-6	15	15	0
g	1656	653	644	17	22	0	-5	17	15	0
g	1657	689	644	15	18	0	-1	17	15	0
g	1658	725	646	15	16	0	-1	15	15	0
g	1659	761	652	15	17	0	-8	9	15	0
g	1660	797	648	15	16	0	-3	13	15	0
g	1661	833	645	15	17	0	-1	16	15	0
g	1662	869	652	15	17	0	-8	9	15	0
g	1663	905	646	15	16	0	-1	15	15	0
g	1664	941	652	15	17	0	-8	9	15	0
g	1665	977	644	14	25	0	-8	17	15	0
g	1666	1013	642	14	27	0	-8	19	15	0
g	1667	1049	650	14	19	0	-8	11	15	0
g	1668	1085	650	14	19	0	-8	11	15	0
g	1669	1121	642	14	27	0	-8	19	15	0
g	1670	1157	650	14	19	0	-8	11	15	0
g	1671	1193	650	14	19	0	-8	11	15	0
g	1672	1231	640	11	22	2	-1	21	15	0
g	1673	1267	649	11	15	2	-3	12	15	0
g	1674	1303	649	11	18	2	-6	12	15	0
g	1675	1339	640	11	27	2	-6	21	15	0
g	1676	1375	643	11	19	2	-1	18	15	0
g	1677	1411	649	11	18	2	-6	12	15	0
g	1678	1447	640	11	22	2	-1	21	15	0
g	1679	1483	640	11	22	2	-1	21	15	0
g	1680	1519	641	11	21	2	-1	20	15	0
g	1681	1555	645	11	22	2	-6	16	15	0
g	1682	1591	648	11	19	2	-6	13	15	0
g	1683	1627	653	11	17	2	-9	8	15	0
g	1684	1663	653	11	18	2	-10	8	15	0
g	1685	1699	653	11	18	2	-10	8	15	0
g	1686	1735	653	11	18	2	-10	8	15	0
g	1687	1771	648	11	19	2	-6	13	15	0
g	1688	1807	645	11	22	2	-6	16	15	0
g	1689	1843	646	11	21	2	-6	15	15	0
g	1690	1877	647	14	20	0	-6	14	15	0
g	1691	1913	653	14	16	0	-8	8	15	0
g	1692	5	690	14	24	0	-8	16	15	0
g	1693	41	695	15	17	0	-6	11	15	0
g	1694	77	687	15	24	0	-5	19	15	0
g	1695	113	687	15	20	0	-1	19	15	0
g	1696	149	686	14	28	0	-8	20	15	0
g	1697	185	694	15	13	0	-1	12	15	0
g	1698	221	694	15	18	0	-6	12	15	0
g	1699	257	688	15	24	0	-6	18	15	0
g	1700	293	686	15	21	0	-1	20	15	0
g	1701	329	694	15	20	0	-8	12	15	0
g	1702	365	687	15	20	0	-1	19	15	0
g	1703	401	691	15	21	0	-6	15	15	0
g	1704	437	689	15	23	0	-6	17	15	0
g	1705	473	688	15	19	0	-1	18	15	0
g	1706	509	692	15	15	0	-1	14	15	0
g	1707	545	688	16	19	0	-1	18	15	0
g	1708	581	688	14	19	0	-1	18	15	0
g	1709	617	687	14	20	0	-1	19	15	0
g	1710	653	688	14	26	0	-8	18	15	0
g	1711	689	685	15	22	0	-1	21	15	0
g	1712	725	685	16	22	0	-1	21	15	0
g	1713	761	684	15	23	0	-1	22	15	0
g	1714	797	685	15	27	0	-6	21	15	0
g	1715	833	685	15	29	0	-8	21	15	0
g	1716	869	683	15	24	0	-1	23	15	0
g	1717	905	683	15	28	0	-5	23	15	0
g	1718	941	683	14	28	0	-5	23	15	0
g	1719	977	681	15	30	0	-5	25	15	0
g	1720	1013	688	14	30	0	-12	18	15	0
g	1721	1049	694	14	21	0	-9	12	15	0
g	1722	1085	698	14	13	0	-5	8	15	0
g	1723	1121	691	14	20	0	-5	15	15	0
g	1724	1157	694	14	20	0	-8	12	15	0
g	1725	1193	691	14	20	0	-5	15	15	0
g	1726	1229	694	15	13	0	-1	12	15	0
g	1727	1265	690	14	24	0	-8	16	15	0
g	1728	1303	688	11	19	2	-1	18	15	0
g	1729	1339	694	11	13	2	-1	12	15	0
g	1730	1375	688	11	19	2	-1	18	15	0
g	1731	1411	690	11	17	2	-1	16	15	0
g	1732	1446	697	12	15	1	-6	9	15	0
g	1733	1482	697	12	15	1	-6	9	15	0
g	1734	1518	691	12	21	1	-6	15	15	0
g	1735	1554	690	12	22	1	-6	16	15	0
g	1736	1590	689	12	23	1	-6	17	15	0
g	1737	1626	692	12	20	1	-6	14	15	0
g	1738	1662	692	12	20	1	-6	14	15	0
g	1739	1698	689	12	23	1	-6	17	15	0
g	1740	1733	696	14	15	0	-5	10	15	0
g	1741	1766	696	17	15	-3	-5	10	15	0
g	1742	1805	695	14	16	0	-5	11	15	0
g	1743	1842	691	12	21	1	-6	15	15	0
g	1744	1877	696	14	22	0	-12	10	15	0
g	1745	1913	696	14	22	0	-12	10	15	0
g	1746	5	741	15	11	0	-1	10	15	0
g	1747	41	735	15	17	0	-1	16	15	0
g	1748	81	748	7	3	4	0	3	15	0
g	1749	115	739	11	13	2	-1	12	15	0
g	1757	149	740	15	16	0	-5	11	15	0
g	1758	185	739	15	15	0	-3	12	15	0
g	1762	226	733	5	6	5	12	18	0	0
g	1768	262	731	5	7	5	13	20	0	0
g	1774	295	733	11	19	2	-1	18	15	0
g	1775	331	738	11	19	2	-6	13	15	0
g	1776	369	742	6	6	4	3	9	15	0
g	1777	405	733	7	18	4	0	18	15	0
g	1778	438	733	12	18	1	0	18	15	0
g	1779	473	733	14	18	0	0	18	15	0
g	1780	510	733	13	18	1	0	18	15	0
g	1781	546	735	13	17	1	-1	16	15	0
g	1782	582	733	13	19	1	-1	18	15	0
g	1783	617	733	15	18	0	0	18	15	0
g	1784	653	733	15	19	0	-1	18	15	0
g	1785	690	733	13	19	1	-1	18	15	0
g	1786	725	735	14	22	0	-6	16	15	0
g	1787	761	735	15	22	0	-6	16	15	0
g	1788	797	734	14	25	0	-8	17	15	0
g	1789	837	742	8	15	4	-6	9	15	0
g	1790	870	741	12	18	1	-8	10	15	0
g	1791	905	735	15	17	0	-1	16	15	0
g	1872	941	742	15	14	0	-5	9	15	0
g	1873	977	735	15	22	0	-6	16	15	0
g	1874	1013	742	15	17	0	-8	9	15	0
g	1875	1049	738	15	21	0	-8	13	15	0
g	1876	1085	738	15	19	0	-6	13	15	0
g	1877	1121	742	15	15	0	-6	9	15	0
g	1878	1157	738	15	14	0	-1	13	15	0
g	1879	1193	735	14	24	0	-8	16	15	0
g	1880	1229	740	14	19	0	-8	11	15	0
g	1881	1267	730	11	29	2	-8	21	15	0
g	1882	1303	739	11	18	2	-6	12	15	0
g	1883	1339	743	11	14	2	-6	8	15	0
g	1884	1373	735	14	21	0	-5	16	15	0
g	1885	1409	734	14	25	0	-8	17	15	0
g	1886	1445	731	14	28	0	-8	20	15	0
g	1887	1481	731	14	28	0	-8	20	15	0
g	1888	1517	739	15	18	0	-6	12	15	0
g	1889	1553	739	15	20	0	-8	12	15	0
g	1890	1589	732	15	20	0	-1	19	15	0
g	1891	1625	730	15	22	0	-1	21	15	0
g	1892	1661	733	15	26	0	-8	18	15	0
g	1893	1698	736	12	23	1	-8	15	15	0
g	1894	1734	741	12	18	1	-8	10	15	0
g	1895	1769	739	14	21	0	-9	12	15	0
g	1896	1805	733	14	23	0	-5	18	15	0
g	1897	1841	735	14	21	0	-5	16	15	0
g	1898	1877	733	16	23	0	-5	18	15	0
g	1899	1915	735	11	22	2	-6	16	15	0
g	1900	7	782	11	20	2	-6	14	15	0
g	1901	41	780	14	21	0	-5	16	15	0
g	1902	77	785	14	19	0	-8	11	15	0
g	1903	113	785	14	19	0	-8	11	15	0
g	1904	149	777	14	24	0	-5	19	15	0
g	1905	187	777	11	25	2	-6	19	15	0
g	1906	221	777	14	27	0	-8	19	15	0
g	1907	259	777	7	19	2	0	19	15	0
g	1908	295	777	7	19	2	0	19	15	0
g	1909	329	784	15	17	0	-5	12	15	0
g	1910	365	784	15	17	0	-5	12	15	0
g	1911	401	786	15	21	0	-11	10	15	0
g	1912	438	780	12	22	1	-6	16	15	0
g	1913	474	780	12	22	1	-6	16	15	0
g	1914	509	783	15	14	0	-1	13	15	0
g	1915	545	783	15	14	0	-1	13	15	0
g	1916	581	785	14	19	0	-8	11	15	0
g	1917	617	781	14	20	0	-5	15	15	0
g	1918	653	783	14	18	0	-5	13	15	0
g	1919	689	778	14	19	0	-1	18	15	0
g	2208	725	787	15	15	0	-6	9	15	0
g	2209	761	782	15	20	0	-6	14	15	0
g	2210	797	780	14	24	0	-8	16	15	0
g	2211	833	778	15	19	0	-1	18	15	0
g	2212	869	776	15	26	0	-6	20	15	0
g	2213	905	782	15	24	0	-10	14	15	0
g	2214	941	778	16	23	0	-5	18	15	0
g	2215	978	778	12	26	1	-8	18	15	0
g	2216	1012	784	16	21	-1	-9	12	15	0
g	2217	1049	785	15	20	0	-9	11	15	0
g	2218	1086	788	12	16	1	-8	8	15	0
g	2219	1122	787	12	15	1	-6	9	15	0
g	2220	1158	785	15	17	1	-6	11	15	0
g	2222	1195	784	11	20	2	-8	12	15	0
g	2223	1229	785	15	19	0	-8	11	15	0
g	2224	1265	778	16	19	0	-1	18	15	0
g	2225	1305	787	12	15	4	-6	9	15	0
g	2226	1339	779	11	23	2	-6	17	15	0
g	2227	1373	784	14	20	0	-8	12	15	0
g	2228	1409	778	14	24	0	-6	18	15	0
g	2230	1445	782	15	20	0	-6	14	15	0
g	2231	1481	782	15	22	0	-8	14	15	0
g	2232	1517	782	15	15	0	-1	14	15	0
g	2234	1552	784	16	21	-1	-9	12	15	0
g	2236	1589	787	15	15	0	-6	9	15	0
g	2237	1625	788	14	13	0	-5	8	15	0
g	3647	1662	774	13	26	1	-4	22	15	0
g	7424	1697	782	15	14	0	0	14	15	0
g	7611	1736	778	8	9	3	9	18	15	0
g	7615	1772	776	9	11	3	9	20	15	0
g	7716	1806	778	12	24	1	-6	18	15	0
g	7717	1843	777	11	25	2	-6	19	15	0
g	7728	1878	773	14	23	1	0	23	15	0
g	7730	1914	778	14	24	1	-6	18	15	0
g	7731	6	822	13	25	1	-6	19	15	0
g	7732	42	823	14	23	1	-5	18	15	0
g	7733	78	822	13	24	1	-5	19	15	0
g	7734	114	823	13	24	1	-6	18	15	0
g	7735	150	822	13	25	1	-6	19	15	0
g	7738	186	823	13	23	1	-5	18	15	0
g	7739	222	822	13	24	1	-5	19	15	0
g	7752	258	823	12	23	1	-5	18	15	0
g	7753	295	827	11	19	2	-5	14	15	0
g	7760	329	814	14	28	0	-1	27	15	0
g	7761	366	817	12	25	1	-1	24	15	0
g	7762	401	814	14	28	0	-1	27	15	0
g	7763	438	817	12	25	1	-1	24	15	0
g	7770	474	823	13	24	1	-6	18	15	0
g	7771	509	827	15	20	0	-6	14	15	0
g	7778	546	823	12	24	1	-6	18	15	0
g	7779	582	827	12	20	1	-6	14	15	0
g	7790	617	823	14	23	0	-5	18	15	0
g	7808	653	818	15	23	0	0	23	15	0
g	7809	689	821	14	20	0	0	20	15	0
g	7810	725	818	15	23	0	0	23	15	0
g	7811	761	821	14	20	0	0	20	15	0
g	7812	797	818	15	23	0	0	23	15	0
g	7813	833	822	14	19	0	0	19	15	0
g	7838	870	823	14	19	1	-1	18	15	0
g	7840	905	823	15	24	0	-6	18	15	0
g	7841	942	827	14	20	1	-6	14	15	0
g	7842	977	817	15	24	0	0	24	15	0
g	7843	1014	820	14	22	1	-1	21	15	0
g	7844	1049	815	17	26	0	0	26	15	0
g	7845	1086	816	14	26	1	-1	25	15	0
g	7846	1121	815	15	26	0	0	26	15	0
g	7847	1158	816	14	26	1	-1	25	15	0
g	7848	1193	814	15	27	0	0	27	15	0
g	7849	1230	816	14	26	1	-1	25	15	0
g	7850	1265	813	15	28	0	0	28	15	0
g	7851	1302	815	14	27	1	-1	26	15	0
g	7852	1337	818	15	29	0	-6	23	15	0
g	7853	1374	821	14	26	1	-6	20	15	0
g	7854	1409	813	15	28	0	0	28	15	0
g	7855	1446	815	14	27	1	-1	26	15	0
g	7856	1481	813	15	28	0	0	28	15	0
g	7857	1518	815	14	27	1	-1	26	15	0
g	7858	1553	812	15	29	0	0	29	15	0
g	7859	1590	814	14	28	1	-1	27	15	0
g	7860	1625	813	15	28	0	0	28	15	0
g	7861	1662	815	14	27	1	-1	26	15	0
g	7862	1697	818	15	29	0	-6	23	15	0
g	7863	1734	821	14	26	1	-6	20	15	0
g	7864	1770	823	13	24	1	-6	18	15	0
g	7865	1806	827	12	20	1	-6	14	15	0
g	7866	1842	817	13	24	1	0	24	15	0
g	7867	1878	820	12	22	1	-1	21	15	0
g	7868	1914	817	13	24	1	0	24	15	0
g	7869	6	866	12	21	1	-1	20	15	0
g	7870	42	860	16	26	1	0	26	15	0
g	7871	78	861	15	26	1	-1	25	15	0
g	7872	114	860	13	26	1	0	26	15	0
g	7873	150	861	13	26	1	-1	25	15	0
g	7874	186	859	14	27	1	0	27	15	0
g	7875	222	861	14	26	1	-1	25	15	0
g	7876	258	858	13	28	1	0	28	15	0
g	7877	294	860	12	27	1	-1	26	15	0
g	7878	330	863	13	29	1	-6	23	15	0
g	7879	366	866	12	26	1	-6	20	15	0
g	7880	403	862	11	24	2	0	24	15	0
g	7881	438	865	13	21	1	0	21	15	0
g	7882	475	868	11	24	2	-6	18	15	0
g	7883	510	867	13	25	1	-6	19	15	0
g	7884	545	868	14	24	0	-6	18	15	0
g	7885	582	872	12	20	1	-6	14	15	0
g	7886	617	862	14	25	0	-1	24	15	0
g	7887	654	865	12	22	1	-1	21	15	0
g	7888	689	860	17	27	0	-1	26	15	0
g	7889	726	861	15	26	1	-1	25	15	0
g	7890	761	860	14	27	0	-1	26	15	0
g	7891	798	861	13	26	1	-1	25	15	0
g	7892	833	859	15	28	0	-1	27	15	0
g	7893	870	861	14	26	1	-1	25	15	0
g	7894	905	858	14	29	0	-1	28	15	0
g	7895	942	860	12	27	1	-1	26	15	0
g	7896	977	863	14	29	0	-6	23	15	0
g	7897	1014	866	12	26	1	-6	20	15	0
g	7898	1049	863	16	24	0	-1	23	15	0
g	7899	1086	866	14	21	1	-1	20	15	0
g	7900	1121	863	16	24	0	-1	23	15	0
g	7901	1158	866	14	21	1	-1	20	15	0
g	7902	1193	862	16	25	0	-1	24	15	0
g	7903	1230	865	14	22	1	-1	21	15	0
g	7904	1265	862	16	25	0	-1	24	15	0
g	7905	1302	866	14	21	1	-1	20	15	0
g	7906	1337	865	16	27	0	-6	21	15	0
g	7907	1374	869	14	23	1	-6	17	15	0
g	7908	1410	868	12	24	1	-6	18	15	0
g	7909	1446	873	14	19	1	-6	13	15	0
g	7910	1482	862	12	25	1	-1	24	15	0
g	7911	1518	865	14	22	1	-1	21	15	0
g	7912	1554	863	15	24	1	-1	23	15	0
g	7913	1590	866	14	21	1	-1	20	15	0
g	7914	1626	863	15	24	1	-1	23	15	0
g	7915	1662	866	14	21	1	-1	20	15	0
g	7916	1698	862	15	25	1	-1	24	15	0
g	7917	1734	865	14	22	1	-1	21	15	0
g	7918	1770	862	15	25	1	-1	24	15	0
g	7919	1806	866	14	21	1	-1	20	15	0
g	7920	1842	865	15	27	1	-6	21	15	0
g	7921	1878	869	14	23	1	-6	17	15	0
g	7922	1913	863	15	23	0	0	23	15	0
g	7923	5	911	14	26	0	-6	20	15	0
g	7924	41	913	15	24	0	-6	18	15	0
g	7925	77	918	14	19	0	-6	13	15	0
g	7926	113	907	15	24	0	0	24	15	0
g	7927	149	910	14	27	0	-6	21	15	0
g	7928	185	907	15	24	0	0	24	15	0
g	7929	221	911	14	26	0	-6	20	15	0
g	8200	257	931	0	0	0	0	0	15	0
g	8208	294	921	13	3	1	7	10	15	0
g	8209	330	921	13	3	1	7	10	15	0
g	8211	365	921	14	3	0	7	10	15	0
g	8212	401	921	15	3	0	7	10	15	0
g	8213	437	921	15	3	0	7	10	15	0
g	8215	474	931	13	6	1	-6	0	15	0
g	8216	513	913	6	10	4	8	18	15	0
g	8217	549	913	6	10	4	8	18	15	0
g	8218	585	927	6	11	4	-7	4	15	0
g	8219	621	913	6	10	4	8	18	15	0
g	8220	655	913	11	10	2	8	18	15	0
g	8221	691	913	11	10	2	8	18	15	0
g	8222	727	927	11	11	2	-7	4	15	0
g	8224	763	913	10	15	2	3	18	15	0
g	8225	799	913	10	15	2	3	18	15	0
g	8226	836	918	8	8	3	5	13	15	0
g	8228	874	927	5	5	5	-1	4	15	0
g	8230	905	927	14	5	0	-1	4	15	0
g	8232	941	931	0	0	0	0	0	15	0
g	8240	977	913	15	19	0	-1	18	15	0
g	8242	1018	913	5	9	5	9	18	15	0
g	8243	1051	913	11	9	2	9	18	15	0
g	8249	1088	918	8	13	3	0	13	15	0
g	8250	1125	918	8	13	4	0	13	15	0
g	8252	1159	913	11	19	2	-1	18	15	0
g	8254	1194	909	13	3	1	19	22	15	0
g	8260	1230	917	13	11	1	3	14	15	0
g	8304	1268	913	9	9	3	9	18	15	0
g	8308	1304	913	8	9	3	9	18	15	0
g	8309	1341	913	7	9	4	9	18	15	0
g	8310	1376	913	8	9	3	9	18	15	0
g	8311	1412	913	8	9	3	9	18	15	0
g	8312	1448	913	8	9	3	9	18	15	0
g	8313	1484	913	8	9	3	9	18	15	0
g	8319	1520	913	9	9	3	9	18	15	0
g	8320	1556	923	9	9	3	-1	8	15	0
g	8321	1593	923	7	9	4	-1	8	15	0
g	8322	1629	923	7	9	4	-1	8	15	0
g	8323	1665	923	7	9	4	-1	8	15	0
g	8324	1700	923	8	8	3	0	8	15	0
g	8325	1737	923	7	9	4	-1	8	15	0
g	8326	1772	923	8	9	3	-1	8	15	0
g	8327	1808	923	8	8	3	0	8	15	0
g	8328	1844	923	8	9	3	-1	8	15	0
g	8329	1880	923	8	9	3	-1	8	15	0
g	8352	1913	913	14	18	0	0	18	15	0
g	8353	6	955	13	26	1	-5	21	15	0
g	8355	41	958	14	18	0	0	18	15	0
g	8356	78	958	13	18	1	0	18	15	0
g	8358	113	958	15	18	0	0	18	15	0
g	8359	149	958	15	18	0	0	18	15	0
g	8360	185	958	15	19	0	-1	18	15	0
g	8361	221	958	15	18	0	0	18	15	0
g	8362	257	960	14	17	0	-1	16	15	0
g	8363	294	957	13	24	1	-5	19	15	0
g	8364	329	958	15	19	0	-1	18	15	0
g	8365	365	958	15	18	0	0	18	15	0
g	8366	401	958	14	18	0	0	18	15	0
g	8369	437	958	15	18	0	0	18	15	0
g	8370	473	954	14	26	0	-4	22	15	0
g	8372	509	958	14	19	0	-1	18	15	0
g	8373	546	954	13	26	1	-4	22	15	0
g	8376	581	958	14	18	0	0	18	15	0
g	8377	618	958	13	18	1	0	18	15	0
g	8378	654	958	13	19	1	-1	18	15	0
g	8380	689	958	14	18	0	0	18	15	0
g	8381	725	958	14	18	0	0	18	15	0
g	8382	761	956	14	20	0	0	20	15	0
g	8383	798	954	13	26	1	-4	22	15	0
g	8453	833	958	14	19	0	-1	18	15	0
g	8467	869	958	14	18	0	0	18	15	0
g	8470	905	958	15	18	0	0	18	15	0
g	8471	941	958	15	18	0	0	18	15	0
g	8478	978	958	15	22	1	-4	18	15	0
g	8482	1013	958	14	9	0	9	18	15	0
g	8486	1049	958	14	18	0	0	18	15	0
g	8494	1085	962	14	15	0	-1	14	15	0
g	8539	1121	958	14	19	0	-1	18	15	0
g	8540	1158	958	13	19	1	-1	18	15	0
g	8541	1193	958	14	19	0	-1	18	15	0
g	8542	1229	958	14	19	0	-1	18	15	0
g	8592	1265	960	14	14	0	2	16	15	0
g	8593	1301	958	14	18	0	0	18	15	0
g	8594	1338	960	13	14	1	2	16	15	0
g	8595	1373	958	14	19	0	-1	18	15	0
g	8596	1409	961	14	12	0	3	15	15	0
g	8597	1445	958	14	19	0	-1	18	15	0
g	8616	1481	958	14	21	0	-3	18	15	0
g	8626	1517	962	14	15	0	-1	14	15	0
g	8673	1553	958	14	18	0	0	18	15	0
g	8675	1589	958	14	19	0	-1	18	15	0
g	8706	1626	958	13	19	1	-1	18	15	0
g	8710	1661	958	15	18	0	0	18	15	0
g	8719	1697	958	14	21	0	-3	18	15	0
g	8721	1734	958	13	21	1	-3	18	15	0
g	8722	1770	966	13	3	1	7	10	15	0
g	8725	1806	956	13	23	1	-3	20	15	0
g	8729	1844	963	8	8	3	5	13	15	0
g	8730	1878	958	13	21	1	-3	18	15	0
g	8734	1913	962	14	10	0	4	14	15	0
g	8735	6	1008	13	13	1	0	13	15	0
g	8745	42	1007	12	14	1	0	14	15	0
g	8747	78	1003	13	24	1	-6	18	15	0
g	8758	118	1005	5	15	5	1	16	15	0
g	8776	150	1006	13	13	1	2	15	15	0
g	8800	186	1003	13	18	1	0	18	15	0
g	8801	222	1006	13	13	1	2	15	15	0
g	8802	258	1003	13	18	1	0	18	15	0
g	8803	294	1005	13	14	1	2	16	15	0
g	8804	330	1006	13	14	1	1	15	15	0
g	8805	366	1006	13	14	1	1	15	15	0
g	8962	402	1007	13	14	1	0	14	15	0
g	8976	438	1009	13	8	1	4	12	15	0
g	8992	479	1003	8	28	6	-10	18	15	0
g	8993	510	993	8	34	1	-6	28	15	0
g	9135	543	1011	18	3	-2	7	10	15	0
g	9166	581	1007	14	15	0	-1	14	15	0
g	9216	618	1003	13	19	1	-1	18	15	0
g	9217	654	1003	13	18	1	0	18	15	0
g	9218	690	1003	14	18	1	0	18	15	0
g	9219	726	1003	14	18	1	0	18	15	0
g	9220	762	1003	14	18	1	0	18	15	0
g	9221	798	1003	14	21	1	-3	18	15	0
g	9222	833	1003	15	18	0	0	18	15	0
g	9223	870	1003	13	18	1	0	18	15	0
g	9224	906	1003	13	19	1	-1	18	15	0
g	9225	942	1003	14	18	1	0	18	15	0
g	9226	978	1003	13	18	1	0	18	15	0
g	9227	1013	1003	15	18	0	0	18	15	0
g	9228	1050	1003	13	18	1	0	18	15	0
g	9229	1085	1003	15	18	0	0	18	15	0
g	9230	1122	1003	14	19	1	-1	18	15	0
g	9231	1158	1003	13	18	1	0	18	15	0
g	9232	1194	1003	13	18	1	0	18	15	0
g	9233	1230	1003	13	18	1	0	18	15	0
g	9234	1266	1003	13	18	1	0	18	15	0
g	9235	1302	1003	13	19	1	-1	18	15	0
g	9236	1338	1003	14	18	1	0	18	15	0
g	9237	1374	1003	14	18	1	0	18	15	0
g	9238	1410	1003	14	18	1	0	18	15	0
g	9239	1446	1003	14	18	1	0	18	15	0
g	9240	1481	1003	14	18	0	0	18	15	0
g	9241	1518	1003	13	18	1	0	18	15	0
g	9242	1554	1003	14	18	1	0	18	15	0
g	9243	1590	1003	14	19	1	-1	18	15	0
g	9244	1626	1003	13	19	1	-1	18	15	0
g	9245	1661	1003	14	19	0	-1	18	15	0
g	9246	1698	1003	13	19	1	-1	18	15	0
g	9247	1734	1003	13	19	1	-1	18	15	0
g	9248	1770	1003	14	18	1	0	18	15	0
g	9249	1806	1003	14	18	1	0	18	15	0
g	9250	1841	1002	14	20	0	-1	19	15	0
g	9251	1878	1021	13	5	1	-5	0	15	0
g	9252	1914	1003	13	18	1	0	18	15	0
g	9253	5	1049	14	16	0	1	17	15	0
g	9254	43	1048	11	19	2	-1	18	15	0
g	9255	78	1051	12	13	1	2	15	15	0
g	9256	114	1048	12	18	1	0	18	15	0
g	9257	149	1042	15	30	0	-6	24	15	0
g	9472	183	1056	18	3	-2	7	10	15	0
g	9473	219	1054	18	6	-2	6	12	15	0
g	9474	263	1042	3	31	6	-7	24	15	0
g	9475	297	1042	6	31	4	-7	24	15	0
g	9476	329	1056	14	3	0	7	10	15	0
g	9477	365	1054	14	6	0	6	12	15	0
g	9478	407	1045	3	24	6	-3	21	15	0
g	9479	441	1045	6	24	4	-3	21	15	0
g	9480	473	1056	15	3	0	7	10	15	0
g	9481	509	1054	15	6	0	6	12	15	0
g	9482	551	1045	3	25	6	-4	21	15	0
g	9483	585	1045	6	25	4	-4	21	15	0
g	9484	623	1056	10	17	6	-7	10	15	0
g	9485	659	1054	10	19	6	-7	12	15	0
g	9486	693	1056	12	17	4	-7	10	15	0
g	9487	729	1054	12	19	4	-7	12	15	0
g	9488	759	1056	11	17	-2	-7	10	15	0
g	9489	795	1054	11	19	-2	-7	12	15	0
g	9490	831	1056	12	17	-2	-7	10	15	0
g	9491	867	1054	12	19	-2	-7	12	15	0
g	9492	911	1042	10	17	6	7	24	15	0
g	9493	947	1042	10	18	6	6	24	15	0
g	9494	981	1042	12	17	4	7	24	15	0
g	9495	1017	1042	12	18	4	6	24	15	0
g	9496	1047	1042	11	17	-2	7	24	15	0
g	9497	1083	1042	11	18	-2	6	24	15	0
g	9498	1119	1042	12	17	-2	7	24	15	0
g	9499	1155	1042	12	18	-2	6	24	15	0
g	9500	1199	1042	10	31	6	-7	24	15	0
g	9501	1235	1042	10	31	6	-7	24	15	0
g	9502	1269	1042	12	31	4	-7	24	15	0
g	9503	1305	1042	12	31	4	-7	24	15	0
g	9504	1341	1042	12	31	4	-7	24	15	0
g	9505	1377	1042	12	31	4	-7	24	15	0
g	9506	1413	1042	12	31	4	-7	24	15	0
g	9507	1449	1042	12	31	4	-7	24	15	0
g	9508	1479	1042	11	31	-2	-7	24	15	0
g	9509	1515	1042	11	31	-2	-7	24	15	0
g	9510	1551	1042	12	31	-2	-7	24	15	0
g	9511	1587	1042	12	31	-2	-7	24	15	0
g	9512	1623	1042	12	31	-2	-7	24	15	0
g	9513	1659	1042	12	31	-2	-7	24	15	0
g	9514	1695	1042	12	31	-2	-7	24	15	0
g	9515	1731	1042	12	31	-2	-7	24	15	0
g	9516	1767	1056	18	17	-2	-7	10	15	0
g	9517	1803	1054	18	19	-2	-7	12	15	0
g	9518	1839	1054	18	19	-2	-7	12	15	0
g	9519	1875	1054	18	19	-2	-7	12	15	0
g	9520	1911	1056	18	17	-2	-7	10	15	0
g	9521	3	1099	18	19	-2	-7	12	15	0
g	9522	39	1099	18	19	-2	-7	12	15	0
g	9523	75	1099	18	19	-2	-7	12	15	0
g	9524	111	1087	18	17	-2	7	24	15	0
g	9525	147	1087	18	18	-2	6	24	15	0
g	9526	183	1087	18	18	-2	6	24	15	0
g	9527	219	1087	18	18	-2	6	24	15	0
g	9528	255	1087	18	17	-2	7	24	15	0
g	9529	291	1087	18	18	-2	6	24	15	0
g	9530	327	1087	18	18	-2	6	24	15	0
g	9531	363	1087	18	18	-2	6	24	15	0
g	9532	399	1087	18	31	-2	-7	24	15	0
g	9533	435	1087	18	31	-2	-7	24	15	0
g	9534	471	1087	18	31	-2	-7	24	15	0
g	9535	507	1087	18	31	-2	-7	24	15	0
g	9536	543	1087	18	31	-2	-7	24	15	0
g	9537	579	1087	18	31	-2	-7	24	15	0
g	9538	615	1087	18	31	-2	-7	24	15	0
g	9539	651	1087	18	31	-2	-7	24	15	0
g	9540	687	1087	18	31	-2	-7	24	15	0
g	9541	723	1087	18	31	-2	-7	24	15	0
g	9542	759	1087	18	31	-2	-7	24	15	0
g	9543	795	1087	18	31	-2	-7	24	15	0
g	9544	831	1087	18	31	-2	-7	24	15	0
g	9545	867	1087	18	31	-2	-7	24	15	0
g	9546	903	1087	18	31	-2	-7	24	15	0
g	9547	939	1087	18	31	-2	-7	24	15	0
g	9548	978	1101	12	3	1	7	10	15	0
g	9549	1014	1099	12	6	1	6	12	15	0
g	9550	1055	1092	3	21	6	-2	19	15	0
g	9551	1089	1092	6	21	4	-2	19	15	0
g	9552	1119	1098	18	9	-2	4	13	15	0
g	9553	1160	1087	9	31	3	-7	24	15	0
g	9554	1199	1098	10	20	6	-7	13	15	0
g	9555	1232	1101	13	17	3	-7	10	15	0
g	9556	1268	1098	13	20	3	-7	13	15	0
g	9557	1299	1098	11	20	-2	-7	13	15	0
g	9558	1335	1101	14	17	-2	-7	10	15	0
g	9559	1371	1098	14	20	-2	-7	13	15	0
g	9560	1415	1087	10	20	6	4	24	15	0
g	9561	1448	1087	13	17	3	7	24	15	0
g	9562	1484	1087	13	20	3	4	24	15	0
g	9563	1515	1087	11	20	-2	4	24	15	0
g	9564	1551	1087	14	17	-2	7	24	15	0
g	9565	1587	1087	14	20	-2	4	24	15	0
g	9566	1631	1087	10	31	6	-7	24	15	0
g	9567	1664	1087	13	31	3	-7	24	15	0
g	9568	1700	1087	13	31	3	-7	24	15	0
g	9569	1731	1087	11	31	-2	-7	24	15	0
g	9570	1767	1087	14	31	-2	-7	24	15	0
g	9571	1803	1087	14	31	-2	-7	24	15	0
g	9572	1839	1098	18	20	-2	-7	13	15	0
g	9573	1875	1101	18	17	-2	-7	10	15	0
g	9574	1911	1098	18	20	-2	-7	13	15	0
g	9575	3	1132	18	20	-2	4	24	15	0
g	9576	39	1132	18	17	-2	7	24	15	0
g	9577	75	1132	18	20	-2	4	24	15	0
g	9578	111	1132	18	31	-2	-7	24	15	0
g	9579	147	1132	18	31	-2	-7	24	15	0
g	9580	183	1132	18	31	-2	-7	24	15	0
g	9581	227	1146	10	17	6	-7	10	15	0
g	9582	255	1146	11	17	-2	-7	10	15	0
g	9583	291	1132	11	17	-2	7	24	15	0
g	9584	335	1132	10	17	6	7	24	15	0
g	9585	365	1134	15	27	0	-5	22	15	0
g	9586	401	1134	15	27	0	-5	22	15	0
g	9587	437	1134	15	27	0	-5	22	15	0
g	9588	471	1146	11	3	-2	7	10	15	0
g	9589	515	1132	3	17	6	7	24	15	0
g	9590	551	1146	10	3	6	7	10	15	0
g	9591	587	1146	3	17	6	-7	10	15	0
g	9592	615	1144	11	6	-2	6	12	15	0
g	9593	657	1132	6	17	4	7	24	15	0
g	9594	695	1144	10	6	6	6	12	15	0
g	9595	729	1146	6	17	4	-7	10	15	0
g	9596	759	1144	18	6	-2	6	12	15	0
g	9597	801	1132	6	31	4	-7	24	15	0
g	9598	831	1144	18	6	-2	6	12	15	0
g	9599	873	1132	6	31	4	-7	24	15	0
g	9600	905	1132	15	16	0	8	24	15	0
g	9601	941	1158	15	4	0	-6	-2	15	0
g	9602	977	1154	15	8	0	-6	2	15	0
g	9603	1013	1150	15	12	0	-6	6	15	0
g	9604	1049	1147	15	15	0	-6	9	15	0
g	9605	1085	1143	15	19	0	-6	13	15	0
g	9606	1121	1140	15	22	0	-6	16	15	0
g	9607	1157	1136	15	26	0	-6	20	15	0
g	9608	1193	1132	15	30	0	-6	24	15	0
g	9609	1229	1132	13	30	0	-6	24	15	0
g	9610	1265	1132	11	30	0	-6	24	15	0
g	9611	1301	1132	10	30	0	-6	24	15	0
g	9612	1337	1132	8	30	0	-6	24	15	0
g	9613	1373	1132	6	30	0	-6	24	15	0
g	9614	1409	1132	4	30	0	-6	24	15	0
g	9615	1445	1132	2	30	0	-6	24	15	0
g	9616	1488	1132	8	30	7	-6	24	15	0
g	9617	1517	1132	15	30	0	-6	24	15	0
g	9618	1553	1132	15	30	0	-6	24	15	0
g	9619	1589	1132	15	30	0	-6	24	15	0
g	9620	1625	1132	15	5	0	19	24	15	0
g	9621	1673	1132	3	30	12	-6	24	15	0
g	9622	1697	1147	8	15	0	-6	9	15	0
g	9623	1740	1147	8	15	7	-6	9	15	0
g	9624	1769	1132	8	16	0	8	24	15	0
g	9625	1805	1132	15	30	0	-6	24	15	0
g	9626	1841	1132	15	30	0	-6	24	15	0
g	9627	1877	1132	15	30	0	-6	24	15	0
g	9628	1913	1132	15	30	0	-6	24	15	0
g	9629	12	1177	8	16	7	8	24	15	0
g	9630	41	1177	15	30	0	-6	24	15	0
g	9631	77	1177	15	30	0	-6	24	15	0
g	9632	113	1185	14	14	0	2	16	15	0
g	9633	149	1185	14	14	0	2	16	15	0
g	9634	185	1185	14	14	0	2	16	15	0
g	9635	221	1185	14	14	0	2	16	15	0
g	9636	257	1185	14	14	0	2	16	15	0
g	9637	293	1185	14	14	0	2	16	15	0
g	9638	329	1185	14	14	0	2	16	15	0
g	9639	365	1185	14	14	0	2	16	15	0
g	9640	401	1185	14	14	0	2	16	15	0
g	9641	437	1185	14	14	0	2	16	15	0
g	9642	476	1188	8	8	3	5	13	15	0
g	9643	512	1188	8	8	3	5	13	15	0
g	9644	545	1188	15	8	0	5	13	15	0
g	9645	581	1188	15	8	0	5	13	15	0
g	9646	620	1185	8	15	3	1	16	15	0
g	9647	656	1185	8	15	3	1	16	15	0
g	9648	689	1188	15	8	0	5	13	15	0
g	9649	725	1188	15	8	0	5	13	15	0
g	9650	761	1185	15	14	0	2	16	15	0
g	9651	797	1185	15	14	0	2	16	15	0
g	9652	834	1187	13	11	1	3	14	15	0
g	9653	870	1187	13	11	1	3	14	15	0
g	9654	906	1185	13	15	1	1	16	15	0
g	9655	942	1185	13	15	1	1	16	15	0
g	9656	979	1186	11	13	2	2	15	15	0
g	9657	1015	1186	11	13	2	2	15	15	0
g	9658	1050	1187	13	10	1	4	14	15	0
g	9659	1086	1187	13	10	1	4	14	15	0
g	9660	1121	1186	15	13	0	2	15	15	0
g	9661	1157	1186	15	13	0	2	15	15	0
g	9662	1194	1187	13	11	1	3	14	15	0
g	9663	1230	1187	13	11	1	3	14	15	0
g	9664	1265	1185	14	15	0	1	16	15	0
g	9665	1301	1185	14	15	0	1	16	15	0
g	9666	1339	1186	11	13	2	2	15	15	0
g	9667	1375	1186	11	13	2	2	15	15	0
g	9668	1409	1187	14	10	0	4	14	15	0
g	9669	1445	1187	14	10	0	4	14	15	0
g	9670	1481	1185	15	15	0	1	16	15	0
g	9671	1517	1185	15	15	0	1	16	15	0
g	9672	1553	1185	15	15	0	1	16	15	0
g	9673	1589	1185	14	14	0	2	16	15	0
g	9674	1625	1183	14	18	0	0	18	15	0
g	9675	1661	1185	14	14	0	2	16	15	0
g	9676	1697	1185	14	14	0	2	16	15	0
g	9677	1733	1185	14	14	0	2	16	15	0
g	9678	1769	1185	15	15	0	1	16	15	0
g	9679	1805	1185	14	14	0	2	16	15	0
g	9680	1841	1185	14	14	0	2	16	15	0
g	9681	1877	1185	14	14	0	2	16	15	0
g	9682	1913	1185	14	14	0	2	16	15	0
g	9683	5	1230	14	14	0	2	16	15	0
g	9684	41	1230	14	14	0	2	16	15	0
g	9685	77	1230	14	14	0	2	16	15	0
g	9686	113	1230	8	14	0	2	16	15	0
g	9687	156	1230	7	14	7	2	16	15	0
g	9688	185	1230	14	14	0	2	16	15	0
g	9689	221	1230	15	15	0	1	16	15	0
g	9690	257	1230	15	8	0	8	16	15	0
g	9691	293	1237	15	8	0	1	9	15	0
g	9692	329	1230	8	8	0	8	16	15	0
g	9693	372	1230	7	8	7	8	16	15	0
g	9694	408	1237	7	7	7	2	9	15	0
g	9695	437	1237	8	7	0	2	9	15	0
g	9696	473	1230	14	8	0	8	16	15	0
g	9697	509	1237	14	7	0	2	9	15	0
g	9698	545	1230	14	14	0	2	16	15	0
g	9699	581	1230	14	14	0	2	16	15	0
g	9700	617	1230	14	14	0	2	16	15	0
g	9701	653	1230	14	14	0	2	16	15	0
g	9702	692	1233	8	8	3	5	13	15	0
g	9703	725	1230	14	14	0	2	16	15	0
g	9704	761	1230	14	14	0	2	16	15	0
g	9705	797	1230	14	14	0	2	16	15	0
g	9706	833	1230	14	14	0	2	16	15	0
g	9707	869	1230	14	14	0	2	16	15	0
g	9708	905	1230	15	14	0	2	16	15	0
g	9709	941	1230	15	14	0	2	16	15	0
g	9710	977	1230	15	14	0	2	16	15	0
g	9711	1013	1230	15	15	0	1	16	15	0
g	9712	1049	1230	14	14	0	2	16	15	0
g	9713	1085	1230	14	14	0	2	16	15	0
g	9714	1121	1230	14	14	0	2	16	15	0
g	9715	1157	1230	14	14	0	2	16	15	0
g	9716	1193	1230	14	14	0	2	16	15	0
g	9717	1229	1230	14	14	0	2	16	15	0
g	9718	1265	1230	14	14	0	2	16	15	0
g	9719	1301	1230	14	14	0	2	16	15	0
g	9720	1337	1230	14	14	0	2	16	15	0
g	9721	1373	1230	14	14	0	2	16	15	0
g	9722	1409	1230	14	14	0	2	16	15	0
g	9723	1446	1231	12	12	1	3	15	15	0
g	9724	1482	1231	12	12	1	3	15	15	0
g	9725	1519	1232	10	10	2	4	14	15	0
g	9726	1555	1232	10	10	2	4	14	15	0
g	9727	1589	1230	14	14	0	2	16	15	0
g	9753	1625	1230	15	16	0	0	16	15	0
g	9786	1661	1230	15	15	0	1	16	15	0
g	9787	1697	1230	15	15	0	1	16	15	0
g	9788	1733	1230	15	15	0	1	16	15	0
g	9792	1770	1228	12	18	1	0	18	15	0
g	9794	1805	1228	15	19	0	-1	18	15	0
g	9824	1842	1230	13	16	1	0	16	15	0
g	9827	1877	1230	15	16	0	0	16	15	0
g	9829	1913	1230	14	16	0	0	16	15	0
g	9830	6	1275	13	16	1	0	16	15	0
g	9834	42	1273	13	19	1	-1	18	15	0
g	9835	77	1273	14	19	0	-1	18	15	0
g	10003	114	1273	13	18	1	0	18	15	0
g	10087	149	1275	15	16	0	0	16	15	0
g	10092	187	1273	11	18	2	0	18	15	0
g	10093	223	1273	10	18	2	0	18	15	0
g	10094	259	1273	11	18	2	0	18	15	0
g	10095	294	1273	12	18	1	0	18	15	0
g	10096	332	1273	8	18	3	0	18	15	0
g	10097	368	1273	8	18	3	0	18	15	0
g	10241	403	1273	5	5	2	13	18	15	0
g	10242	439	1278	5	5	2	8	13	15	0
g	10243	475	1273	5	10	2	8	18	15	0
g	10244	511	1284	5	4	2	3	7	15	0
g	10245	547	1273	5	15	2	3	18	15	0
g	10246	583	1278	5	10	2	3	13	15	0
g	10247	619	1273	5	15	2	3	18	15	0
g	10248	661	1273	5	5	8	13	18	15	0
g	10249	691	1273	11	5	2	13	18	15	0
g	10250	727	1273	11	10	2	8	18	15	0
g	10251	763	1273	11	10	2	8	18	15	0
g	10252	799	1273	11	15	2	3	18	15	0
g	10253	835	1273	11	15	2	3	18	15	0
g	10254	871	1273	11	15	2	3	18	15	0
g	10255	907	1273	11	15	2	3	18	15	0
g	10256	949	1278	5	5	8	8	13	15	0
g	10257	979	1273	11	10	2	8	18	15	0
g	10258	1015	1278	11	5	2	8	13	15	0
g	10259	1051	1273	11	10	2	8	18	15	0
g	10260	1087	1278	11	10	2	3	13	15	0
g	10261	1123	1273	11	15	2	3	18	15	0
g	10262	1159	1278	11	10	2	3	13	15	0
g	10263	1195	1273	11	15	2	3	18	15	0
g	10264	1237	1273	5	10	8	8	18	15	0
g	10265	1267	1273	11	10	2	8	18	15	0
g	10266	1303	1273	11	10	2	8	18	15	0
g	10267	1339	1273	11	10	2	8	18	15	0
g	10268	1375	1273	11	15	2	3	18	15	0
g	10269	1411	1273	11	15	2	3	18	15	0
g	10270	1447	1273	11	15	2	3	18	15	0
g	10271	1483	1273	11	15	2	3	18	15	0
g	10272	1525	1284	5	4	8	3	7	15	0
g	10273	1555	1273	11	15	2	3	18	15	0
g	10274	1591	1278	11	10	2	3	13	15	0
g	10275	1627	1273	11	15	2	3	18	15	0
g	10276	1663	1284	11	4	2	3	7	15	0
g	10277	1699	1273	11	15	2	3	18	15	0
g	10278	1735	1278	11	10	2	3	13	15	0
g	10279	1771	1273	11	15	2	3	18	15	0
g	10280	1813	1273	5	15	8	3	18	15	0
g	10281	1843	1273	11	15	2	3	18	15	0
g	10282	1879	1273	11	15	2	3	18	15	0
g	10283	1915	1273	11	15	2	3	18	15	0
g	10284	7	1318	11	15	2	3	18	15	0
g	10285	43	1318	11	15	2	3	18	15	0
g	10286	79	1318	11	15	2	3	18	15	0
g	10287	115	1318	11	15	2	3	18	15	0
g	10288	157	1323	5	10	8	3	13	15	0
g	10289	187	1318	11	15	2	3	18	15	0
g	10290	223	1323	11	10	2	3	13	15	0
g	10291	259	1318	11	15	2	3	18	15	0
g	10292	295	1323	11	10	2	3	13	15	0
g	10293	331	1318	11	15	2	3	18	15	0
g	10294	367	1323	11	10	2	3	13	15	0
g	10295	403	1318	11	15	2	3	18	15	0
g	10296	445	1318	5	15	8	3	18	15	0
g	10297	475	1318	11	15	2	3	18	15	0
g	10298	511	1318	11	15	2	3	18	15	0
g	10299	547	1318	11	15	2	3	18	15	0
g	10300	583	1318	11	15	2	3	18	15	0
g	10301	619	1318	11	15	2	3	18	15	0
g	10302	655	1318	11	15	2	3	18	15	0
g	10303	691	1318	11	15	2	3	18	15	0
g	10304	727	1334	5	5	2	-3	2	15	0
g	10305	763	1318	5	21	2	-3	18	15	0
g	10306	799	1323	5	16	2	-3	13	15	0
g	10307	835	1318	5	21	2	-3	18	15	0
g	10308	871	1329	5	10	2	-3	7	15	0
g	10309	907	1318	5	21	2	-3	18	15	0
g	10310	943	1323	5	16	2	-3	13	15	0
g	10311	979	1318	5	21	2	-3	18	15	0
g	10312	1015	1318	11	21	2	-3	18	15	0
g	10313	1051	1318	11	21	2	-3	18	15	0
g	10314	1087	1318	11	21	2	-3	18	15	0
g	10315	1123	1318	11	21	2	-3	18	15	0
g	10316	1159	1318	11	21	2	-3	18	15	0
g	10317	1195	1318	11	21	2	-3	18	15	0
g	10318	1231	1318	11	21	2	-3	18	15	0
g	10319	1267	1318	11	21	2	-3	18	15	0
g	10320	1303	1323	11	16	2	-3	13	15	0
g	10321	1339	1318	11	21	2	-3	18	15	0
g	10322	1375	1323	11	16	2	-3	13	15	0
g	10323	1411	1318	11	21	2	-3	18	15	0
g	10324	1447	1323	11	16	2	-3	13	15	0
g	10325	1483	1318	11	21	2	-3	18	15	0
g	10326	1519	1323	11	16	2	-3	13	15	0
g	10327	1555	1318	11	21	2	-3	18	15	0
g	10328	1591	1318	11	21	2	-3	18	15	0
g	10329	1627	1318	11	21	2	-3	18	15	0
g	10330	1663	1318	11	21	2	-3	18	15	0
g	10331	1699	1318	11	21	2	-3	18	15	0
g	10332	1735	1318	11	21	2	-3	18	15	0
g	10333	1771	1318	11	21	2	-3	18	15	0
g	10334	1807	1318	11	21	2	-3	18	15	0
g	10335	1843	1318	11	21	2	-3	18	15	0
g	10336	1879	1329	11	10	2	-3	7	15	0
g	10337	1915	1318	11	21	2	-3	18	15	0
g	10338	7	1368	11	16	2	-3	13	15	0
g	10339	43	1363	11	21	2	-3	18	15	0
g	10340	79	1374	11	10	2	-3	7	15	0
g	10341	115	1363	11	21	2	-3	18	15	0
g	10342	151	1368	11	16	2	-3	13	15	0
g	10343	187	1363	11	21	2	-3	18	15	0
g	10344	223	1363	11	21	2	-3	18	15	0
g	10345	259	1363	11	21	2	-3	18	15	0
g	10346	295	1363	11	21	2	-3	18	15	0
g	10347	331	1363	11	21	2	-3	18	15	0
g	10348	367	1363	11	21	2	-3	18	15	0
g	10349	403	1363	11	21	2	-3	18	15	0
g	10350	439	1363	11	21	2	-3	18	15	0
g	10351	475	1363	11	21	2	-3	18	15	0
g	10352	511	1368	11	16	2	-3	13	15	0
g	10353	547	1363	11	21	2	-3	18	15	0
g	10354	583	1368	11	16	2	-3	13	15	0
g	10355	619	1363	11	21	2	-3	18	15	0
g	10356	655	1368	11	16	2	-3	13	15	0
g	10357	691	1363	11	21	2	-3	18	15	0
g	10358	727	1368	11	16	2	-3	13	15	0
g	10359	763	1363	11	21	2	-3	18	15	0
g	10360	799	1363	11	21	2	-3	18	15	0
g	10361	835	1363	11	21	2	-3	18	15	0
g	10362	871	1363	11	21	2	-3	18	15	0
g	10363	907	1363	11	21	2	-3	18	15	0
g	10364	943	1363	11	21	2	-3	18	15	0
g	10365	979	1363	11	21	2	-3	18	15	0
g	10366	1015	1363	11	21	2	-3	18	15	0
g	10367	1051	1363	11	21	2	-3	18	15	0
g	10368	1093	1379	5	5	8	-3	2	15	0
g	10369	1123	1363	11	21	2	-3	18	15	0
g	10370	1159	1368	11	16	2	-3	13	15	0
g	10371	1195	1363	11	21	2	-3	18	15	0
g	10372	1231	1374	11	10	2	-3	7	15	0
g	10373	1267	1363	11	21	2	-3	18	15	0
g	10374	1303	1368	11	16	2	-3	13	15	0
g	10375	1339	1363	11	21	2	-3	18	15	0
g	10376	1381	1363	5	21	8	-3	18	15	0
g	10377	1411	1363	11	21	2	-3	18	15	0
g	10378	1447	1363	11	21	2	-3	18	15	0
g	10379	1483	1363	11	21	2	-3	18	15	0
g	10380	1519	1363	11	21	2	-3	18	15	0
g	10381	1555	1363	11	21	2	-3	18	15	0
g	10382	1591	1363	11	21	2	-3	18	15	0
g	10383	1627	1363	11	21	2	-3	18	15	0
g	10384	1669	1368	5	16	8	-3	13	15	0
g	10385	1699	1363	11	21	2	-3	18	15	0
g	10386	1735	1368	11	16	2	-3	13	15	0
g	10387	1771	1363	11	21	2	-3	18	15	0
g	10388	1807	1368	11	16	2	-3	13	15	0
g	10389	1843	1363	11	21	2	-3	18	15	0
g	10390	1879	1368	11	16	2	-3	13	15	0
g	10391	1915	1363	11	21	2	-3	18	15	0
g	10392	13	1408	5	21	8	-3	18	15	0
g	10393	43	1408	11	21	2	-3	18	15	0
g	10394	79	1408	11	21	2	-3	18	15	0
g	10395	115	1408	11	21	2	-3	18	15	0
g	10396	151	1408	11	21	2	-3	18	15	0
g	10397	187	1408	11	21	2	-3	18	15	0
g	10398	223	1408	11	21	2	-3	18	15	0
g	10399	259	1408	11	21	2	-3	18	15	0
g	10400	301	1419	5	10	8	-3	7	15	0
g	10401	331	1408	11	21	2	-3	18	15	0
g	10402	367	1413	11	16	2	-3	13	15	0
g	10403	403	1408	11	21	2	-3	18	15	0
g	10404	439	1419	11	10	2	-3	7	15	0
g	10405	475	1408	11	21	2	-3	18	15	0
g	10406	511	1413	11	16	2	-3	13	15	0
g	10407	547	1408	11	21	2	-3	18	15	0
g	10408	589	1408	5	21	8	-3	18	15	0
g	10409	619	1408	11	21	2	-3	18	15	0
g	10410	655	1408	11	21	2	-3	18	15	0
g	10411	691	1408	11	21	2	-3	18	15	0
g	10412	727	1408	11	21	2	-3	18	15	0
g	10413	763	1408	11	21	2	-3	18	15	0
g	10414	799	1408	11	21	2	-3	18	15	0
g	10415	835	1408	11	21	2	-3	18	15	0
g	10416	877	1413	5	16	8	-3	13	15	0
g	10417	907	1408	11	21	2	-3	18	15	0
g	10418	943	1413	11	16	2	-3	13	15	0
g	10419	979	1408	11	21	2	-3	18	15	0
g	10420	1015	1413	11	16	2	-3	13	15	0
g	10421	1051	1408	11	21	2	-3	18	15	0
g	10422	1087	1413	11	16	2	-3	13	15	0
g	10423	1123	1408	11	21	2	-3	18	15	0
g	10424	1165	1408	5	21	8	-3	18	15	0
g	10425	1195	1408	11	21	2	-3	18	15	0
g	10426	1231	1408	11	21	2	-3	18	15	0
g	10427	1267	1408	11	21	2	-3	18	15	0
g	10428	1303	1408	11	21	2	-3	18	15	0
g	10429	1339	1408	11	21	2	-3	18	15	0
g	10430	1375	1408	11	21	2	-3	18	15	0
g	10431	1411	1408	11	21	2	-3	18	15	0
g	10432	1447	1424	11	5	2	-3	2	15	0
g	10433	1483	1408	11	21	2	-3	18	15	0
g	10434	1519	1413	11	16	2	-3	13	15	0
g	10435	1555	1408	11	21	2	-3	18	15	0
g	10436	1591	1419	11	10	2	-3	7	15	0
g	10437	1627	1408	11	21	2	-3	18	15	0
g	10438	1663	1413	11	16	2	-3	13	15	0
g	10439	1699	1408	11	21	2	-3	18	15	0
g	10440	1735	1408	11	21	2	-3	18	15	0
g	10441	1771	1408	11	21	2	-3	18	15	0
g	10442	1807	1408	11	21	2	-3	18	15	0
g	10443	1843	1408	11	21	2	-3	18	15	0
g	10444	1879	1408	11	21	2	-3	18	15	0
g	10445	1915	1408	11	21	2	-3	18	15	0
g	10446	7	1453	11	21	2	-3	18	15	0
g	10447	43	1453	11	21	2	-3	18	15	0
g	10448	79	1458	11	16	2	-3	13	15	0
g	10449	115	1453	11	21	2	-3	18	15	0
g	10450	151	1458	11	16	2	-3	13	15	0
g	10451	187	1453	11	21	2	-3	18	15	0
g	10452	223	1458	11	16	2	-3	13	15	0
g	10453	259	1453	11	21	2	-3	18	15	0
g	10454	295	1458	11	16	2	-3	13	15	0
g	10455	331	1453	11	21	2	-3	18	15	0
g	10456	367	1453	11	21	2	-3	18	15	0
g	10457	403	1453	11	21	2	-3	18	15	0
g	10458	439	1453	11	21	2	-3	18	15	0
g	10459	475	1453	11	21	2	-3	18	15	0
g	10460	511	1453	11	21	2	-3	18	15	0
g	10461	547	1453	11	21	2	-3	18	15	0
g	10462	583	1453	11	21	2	-3	18	15	0
g	10463	619	1453	11	21	2	-3	18	15	0
g	10464	655	1464	11	10	2	-3	7	15	0
g	10465	691	1453	11	21	2	-3	18	15	0
g	10466	727	1458	11	16	2	-3	13	15	0
g	10467	763	1453	11	21	2	-3	18	15	0
g	10468	799	1464	11	10	2	-3	7	15	0
g	10469	835	1453	11	21	2	-3	18	15	0
g	10470	871	1458	11	16	2	-3	13	15	0
g	10471	907	1453	11	21	2	-3	18	15	0
g	10472	943	1453	11	21	2	-3	18	15	0
g	10473	979	1453	11	21	2	-3	18	15	0
g	10474	1015	1453	11	21	2	-3	18	15	0
g	10475	1051	1453	11	21	2	-3	18	15	0
g	10476	1087	1453	11	21	2	-3	18	15	0
g	10477	1123	1453	11	21	2	-3	18	15	0
g	10478	1159	1453	11	21	2	-3	18	15	0
g	10479	1195	1453	11	21	2	-3	18	15	0
g	10480	1231	1458	11	16	2	-3	13	15	0
g	10481	1267	1453	11	21	2	-3	18	15	0
g	10482	1303	1458	11	16	2	-3	13	15	0
g	10483	1339	1453	11	21	2	-3	18	15	0
g	10484	1375	1458	11	16	2	-3	13	15	0
g	10485	1411	1453	11	21	2	-3	18	15	0
g	10486	1447	1458	11	16	2	-3	13	15	0
g	10487	1483	1453	11	21	2	-3	18	15	0
g	10488	1519	1453	11	21	2	-3	18	15	0
g	10489	1555	1453	11	21	2	-3	18	15	0
g	10490	1591	1453	11	21	2	-3	18	15	0
g	10491	1627	1453	11	21	2	-3	18	15	0
g	10492	1663	1453	11	21	2	-3	18	15	0
g	10493	1699	1453	11	21	2	-3	18	15	0
g	10494	1735	1453	11	21	2	-3	18	15	0
g	10495	1771	1453	11	21	2	-3	18	15	0
g	10799	1806	1456	13	13	1	2	15	15	0
g	11026	1841	1455	14	14	0	2	16	15	0
g	11027	1877	1455	14	14	0	2	16	15	0
g	11028	1913	1455	14	14	0	2	16	15	0
g	11029	5	1500	14	14	0	2	16	15	0
g	11030	41	1500	15	15	0	1	16	15	0
g	11031	77	1500	15	15	0	1	16	15	0
g	11032	113	1500	15	15	0	1	16	15	0
g	11033	149	1500	15	15	0	1	16	15	0
g	11034	185	1500	14	14	0	2	16	15	0
g	11035	221	1500	15	15	0	1	16	15	0
g	11036	257	1500	15	15	0	1	16	15	0
g	11037	297	1504	7	7	4	5	12	15	0
g	11038	333	1504	7	7	4	5	12	15	0
g	11039	365	1500	15	14	0	2	16	15	0
g	11040	401	1500	15	14	0	2	16	15	0
g	11041	437	1500	14	15	0	1	16	15	0
g	11042	473	1500	14	15	0	1	16	15	0
g	11043	509	1500	15	14	0	2	16	15	0
g	11044	545	1500	15	15	0	1	16	15	0
g	11045	583	1502	11	11	2	3	14	15	0
g	11046	619	1502	11	11	2	3	14	15	0
g	11047	657	1501	7	12	4	3	15	15	0
g	11048	693	1501	7	12	4	3	15	15	0
g	11049	730	1505	5	5	5	6	11	15	0
g	11050	766	1503	5	9	5	4	13	15	0
g	11051	802	1503	5	9	5	4	13	15	0
g	11052	833	1503	14	9	0	4	13	15	0
g	11053	869	1503	14	9	0	4	13	15	0
g	11054	908	1500	9	14	3	2	16	15	0
g	11055	944	1500	9	14	3	2	16	15	0
g	11205	980	1504	9	8	3	4	12	15	0
g	11206	1016	1503	9	8	3	5	13	15	0
g	11207	1052	1503	8	9	3	4	13	15	0
g	11208	1089	1503	8	9	4	4	13	15	0
g	11210	1121	1500	14	8	0	8	16	15	0
g	11211	1157	1507	14	7	0	2	9	15	0
g	11362	1192	1498	15	18	-1	0	18	15	0
g	11373	1229	1498	15	19	0	-1	18	15	0
g	64257	1265	1497	29	19	0	0	19	15	0
g	64258	1301	1497	28	20	0	-1	19	15	0
g	64298	1338	1496	12	21	1	-1	20	15	0
g	64299	1374	1496	12	21	1	-1	20	15	0
g	64300	1410	1496	12	21	1	-1	20	0	0
g	64301	1446	1496	12	21	1	-1	20	0	0
g	64302	1481	1501	14	19	0	-4	15	15	0
g	64303	1517	1501	14	21	0	-6	15	15	0
g	64304	1553	1501	14	15	0	0	15	0	0
g	64305	1590	1500	13	16	1	0	16	15	0
g	64306	1626	1501	11	16	1	-1	15	15	0
g	64307	1661	1501	13	15	0	0	15	15	0
g	64308	1698	1500	12	16	1	0	16	15	0
g	64309	1735	1501	8	15	2	0	15	15	0
g	64310	1771	1501	9	15	2	0	15	15	0
g	64312	1806	1501	12	16	1	-1	15	15	0
g	64313	1842	1501	10	10	1	5	15	15	0
g	64314	1877	1500	12	22	0	-6	16	15	0
g	64315	1914	1500	11	16	1	0	16	15	0
g	64316	6	1542	11	20	1	-1	19	15	0
g	64318	41	1546	13	15	0	0	15	15	0
g	64320	78	1546	11	15	1	0	15	15	0
g	64321	114	1545	12	17	1	-1	16	15	0
g	64323	150	1546	12	21	1	-6	15	15	0
g	64324	186	1546	12	15	1	0	15	15	0
g	64326	222	1546	12	15	1	0	15	15	0
g	64327	258	1546	12	21	1	-6	15	15	0
g	64328	293	1545	12	16	0	0	16	15	0
g	64329	330	1546	12	16	1	-1	15	0	0
g	64330	365	1546	14	15	0	0	15	15	0
g	64331	403	1541	8	20	2	0	20	15	0
g	64444	441	1561	6	6	4	-6	0	15	0
g	64448	477	1547	7	6	4	8	14	15	0
g	64603	511	1537	11	25	2	-1	24	15	0
g	64604	547	1544	11	23	2	-6	17	15	0
g	64605	581	1547	14	19	0	-5	14	15	0
g	64656	617	1549	16	18	0	-6	12	15	0
g	64729	652	1542	15	20	-1	-1	19	15	0
g	64828	692	1542	13	20	3	-1	19	15	0
g	64829	730	1542	12	19	5	0	19	15	0
g	64830	763	1541	9	23	2	-3	20	15	0
g	64831	800	1541	9	23	3	-3	20	15	0
g	65010	833	1546	29	16	0	-1	15	15	0
g	65533	869	1545	15	15	0	1	16	15	0
g	117793	906	1539	5	12	1	10	22	15	0
g	117794	950	1539	4	12	9	10	22	15	0
g	117795	978	1539	12	12	1	10	22	15	0
g	117796	1014	1554	5	12	1	-5	7	15	0
g	117797	1050	1539	5	27	1	-5	22	15	0
g	117798	1086	1539	12	27	1	-5	22	15	0
g	117799	1122	1539	12	27	1	-5	22	15	0
g	117800	1166	1554	4	12	9	-5	7	15	0
g	117801	1194	1539	12	27	1	-5	22	15	0
g	117802	1238	1539	4	27	9	-5	22	15	0
g	117803	1266	1539	12	27	1	-5	22	15	0
g	117804	1302	1554	12	12	1	-5	7	15	0
g	117805	1338	1539	12	27	1	-5	22	15	0
g	117806	1374	1539	12	27	1	-5	22	15	0
g	117807	1410	1539	12	27	1	-5	22	15	0
g	118016	1445	1545	8	8	0	8	16	15	0
g	118017	1481	1537	15	16	0	8	24	15	0
g	118018	1517	1537	15	16	0	8	24	15	0
g	118019	1560	1545	8	8	7	8	16	15	0
g	118020	1589	1537	15	16	0	8	24	15	0
g	118021	1625	1537	15	16	0	8	24	15	0
g	118022	1661	1545	15	8	0	8	16	15	0
g	118023	1697	1537	15	16	0	8	24	15	0
g	118024	1733	1537	15	16	0	8	24	15	0
g	118025	1769	1552	8	8	0	1	9	15	0
g	118026	1805	1537	8	23	0	1	24	15	0
g	118027	1841	1537	15	23	0	1	24	15	0
g	118028	1877	1537	15	23	0	1	24	15	0
g	118029	1913	1537	8	23	0	1	24	15	0
g	118030	5	1582	15	23	0	1	24	15	0
g	118031	41	1582	15	23	0	1	24	15	0
g	118032	77	1590	15	15	0	1	16	15	0
g	118033	113	1582	15	23	0	1	24	15	0
g	118034	149	1582	15	23	0	1	24	15	0
g	118035	185	1582	15	23	0	1	24	15	0
g	118036	221	1590	15	15	0	1	16	15	0
g	118037	257	1582	15	23	0	1	24	15	0
g	118038	293	1582	15	23	0	1	24	15	0
g	118039	329	1582	15	23	0	1	24	15	0
g	118040	372	1597	8	8	7	1	9	15	0
g	118041	401	1582	15	23	0	1	24	15	0
g	118042	444	1582	8	23	7	1	24	15	0
g	118043	473	1582	15	23	0	1	24	15	0
g	118044	509	1590	15	15	0	1	16	15	0
g	118045	545	1582	15	23	0	1	24	15	0
g	118046	581	1582	15	23	0	1	24	15	0
g	118047	617	1582	15	23	0	1	24	15	0
g	118048	653	1582	15	23	0	1	24	15	0
g	118049	696	1582	8	23	7	1	24	15	0
g	118050	725	1582	15	23	0	1	24	15	0
g	118051	761	1590	15	15	0	1	16	15	0
g	118052	797	1582	15	23	0	1	24	15	0
g	118053	833	1582	15	23	0	1	24	15	0
g	118054	869	1582	15	23	0	1	24	15	0
g	118055	905	1597	15	8	0	1	9	15	0
g	118056	941	1582	15	23	0	1	24	15	0
g	118057	977	1582	15	23	0	1	24	15	0
g	118058	1013	1582	15	23	0	1	24	15	0
g	118059	1049	1590	15	15	0	1	16	15	0
g	118060	1085	1582	15	23	0	1	24	15	0
g	118061	1121	1582	15	23	0	1	24	15	0
g	118062	1157	1582	15	23	0	1	24	15	0
g	118063	1193	1590	15	15	0	1	16	15	0
g	118064	1229	1582	15	23	0	1	24	15	0
g	118065	1265	1582	15	23	0	1	24	15	0
g	118066	1301	1582	15	23	0	1	24	15	0
g	118067	1337	1590	15	15	0	1	16	15	0
g	118068	1373	1582	15	23	0	1	24	15	0
g	118069	1409	1582	15	23	0	1	24	15	0
g	118070	1445	1582	8	30	0	-6	24	15	0
g	118071	1481	1582	15	30	0	-6	24	15	0
g	118072	1517	1582	15	30	0	-6	24	15	0
g	118073	1553	1590	8	22	0	-6	16	15	0
g	118074	1589	1582	8	30	0	-6	24	15	0
g	118075	1625	1582	15	30	0	-6	24	15	0
g	118076	1661	1582	15	30	0	-6	24	15	0
g	118077	1697	1590	15	22	0	-6	16	15	0
g	118078	1733	1582	15	30	0	-6	24	15	0
g	118079	1769	1582	15	30	0	-6	24	15	0
g	118080	1805	1582	15	30	0	-6	24	15	0
g	118081	1841	1590	15	22	0	-6	16	15	0
g	118082	1877	1582	15	30	0	-6	24	15	0
g	118083	1913	1582	15	30	0	-6	24	15	0
g	118084	5	1627	15	30	0	-6	24	15	0
g	118085	41	1627	8	30	0	-6	24	15	0
g	118086	77	1627	15	30	0	-6	24	15	0
g	118087	113	1627	15	30	0	-6	24	15	0
g	118088	149	1635	8	22	0	-6	16	15	0
g	118089	185	1627	15	30	0	-6	24	15	0
g	118090	221	1627	15	30	0	-6	24	15	0
g	118091	257	1635	15	22	0	-6	16	15	0
g	118092	293	1627	15	30	0	-6	24	15	0
g	118093	329	1627	15	30	0	-6	24	15	0
g	118094	365	1635	15	22	0	-6	16	15	0
g	118095	401	1627	15	30	0	-6	24	15	0
g	118096	437	1627	15	30	0	-6	24	15	0
g	118097	473	1642	15	15	0	-6	9	15	0
g	118098	509	1627	15	30	0	-6	24	15	0
g	118099	545	1627	15	30	0	-6	24	15	0
g	118100	581	1627	15	30	0	-6	24	15	0
g	118101	617	1635	15	22	0	-6	16	15	0
g	118102	653	1627	15	30	0	-6	24	15	0
g	118103	689	1627	15	30	0	-6	24	15	0
g	118104	725	1627	15	30	0	-6	24	15	0
g	118105	761	1635	15	22	0	-6	16	15	0
g	118106	797	1627	15	30	0	-6	24	15	0
g	118107	833	1627	15	30	0	-6	24	15	0
g	118108	869	1627	15	30	0	-6	24	15	0
g	118109	905	1635	15	22	0	-6	16	15	0
g	118110	941	1627	15	30	0	-6	24	15	0
g	118111	977	1627	15	30	0	-6	24	15	0
g	118112	1013	1627	15	30	0	-6	24	15	0
g	118113	1049	1642	15	15	0	-6	9	15	0
g	118114	1085	1627	15	30	0	-6	24	15	0
g	118115	1121	1627	15	30	0	-6	24	15	0
g	118116	1157	1627	15	30	0	-6	24	15	0
g	118117	1193	1635	15	22	0	-6	16	15	0
g	118118	1229	1627	15	30	0	-6	24	15	0
g	118119	1265	1627	15	30	0	-6	24	15	0
g	118120	1301	1627	15	30	0	-6	24	15	0
g	118121	1337	1635	15	22	0	-6	16	15	0
g	118122	1373	1627	15	30	0	-6	24	15	0
g	118123	1409	1627	15	30	0	-6	24	15	0
g	118124	1445	1627	15	30	0	-6	24	15	0
g	118125	1481	1635	15	22	0	-6	16	15	0
g	118126	1517	1627	15	30	0	-6	24	15	0
g	118127	1553	1627	15	30	0	-6	24	15	0
g	118128	1589	1627	15	30	0	-6	24	15	0
g	118129	1625	1627	15	30	0	-6	24	15	0
g	118130	1668	1627	8	30	7	-6	24	15	0
g	118131	1697	1627	15	30	0	-6	24	15	0
g	118132	1733	1635	15	22	0	-6	16	15	0
g	118133	1769	1627	15	30	0	-6	24	15	0
g	118134	1805	1627	15	30	0	-6	24	15	0
g	118135	1841	1627	15	30	0	-6	24	15	0
g	118136	1884	1635	8	22	7	-6	16	15	0
g	118137	1913	1627	15	30	0	-6	24	15	0
g	118138	12	1672	8	30	7	-6	24	15	0
g	118139	41	1672	15	30	0	-6	24	15	0
g	118140	77	1680	15	22	0	-6	16	15	0
g	118141	113	1672	15	30	0	-6	24	15	0
g	118142	149	1672	15	30	0	-6	24	15	0
g	118143	185	1672	15	30	0	-6	24	15	0
g	118144	221	1687	15	15	0	-6	9	15	0
g	118145	257	1672	15	30	0	-6	24	15	0
g	118146	293	1672	15	30	0	-6	24	15	0
g	118147	329	1672	15	30	0	-6	24	15	0
g	118148	365	1680	15	22	0	-6	16	15	0
g	118149	401	1672	15	30	0	-6	24	15	0
g	118150	437	1672	15	30	0	-6	24	15	0
g	118151	473	1672	15	30	0	-6	24	15	0
g	118152	509	1680	15	22	0	-6	16	15	0
g	118153	545	1672	15	30	0	-6	24	15	0
g	118154	581	1672	15	30	0	-6	24	15	0
g	118155	617	1672	15	30	0	-6	24	15	0
g	118156	653	1680	15	22	0	-6	16	15	0
g	118157	689	1672	15	30	0	-6	24	15	0
g	118158	725	1672	15	30	0	-6	24	15	0
g	118159	761	1672	15	30	0	-6	24	15	0
g	118160	797	1672	15	30	0	-6	24	15	0
g	118161	840	1672	8	30	7	-6	24	15	0
g	118162	869	1672	15	30	0	-6	24	15	0
g	118163	905	1680	15	22	0	-6	16	15	0
g	118164	941	1672	15	30	0	-6	24	15	0
g	118165	977	1672	15	30	0	-6	24	15	0
g	118166	1020	1680	8	22	7	-6	16	15	0
g	118167	1049	1672	15	30	0	-6	24	15	0
g	118168	1085	1672	15	30	0	-6	24	15	0
g	118169	1121	1680	15	22	0	-6	16	15	0
g	118170	1157	1672	15	30	0	-6	24	15	0
g	118171	1193	1672	15	30	0	-6	24	15	0
g	118172	1229	1687	15	15	0	-6	9	15	0
g	118173	1265	1672	15	30	0	-6	24	15	0
g	118174	1301	1672	15	30	0	-6	24	15	0
g	118175	1337	1672	15	30	0	-6	24	15	0
g	118176	1373	1680	15	22	0	-6	16	15	0
g	118177	1409	1672	15	30	0	-6	24	15	0
g	118178	1445	1672	15	30	0	-6	24	15	0
g	118179	1481	1672	15	30	0	-6	24	15	0
g	118180	1517	1680	15	22	0	-6	16	15	0
g	118181	1553	1672	15	30	0	-6	24	15	0
g	118182	1589	1672	15	30	0	-6	24	15	0
g	118183	1625	1672	15	30	0	-6	24	15	0
g	118184	1661	1680	15	22	0	-6	16	15	0
g	118185	1697	1672	15	30	0	-6	24	15	0
g	118186	1733	1672	15	30	0	-6	24	15	0
g	118187	1769	1672	15	30	0	-6	24	15	0
g	118188	1805	1672	15	30	0	-6	24	15	0
g	118189	1841	1672	15	30	0	-6	24	15	0
g	118190	1877	1672	15	30	0	-6	24	15	0
g	118191	1913	1680	15	22	0	-6	16	15	0
g	118192	5	1717	15	30	0	-6	24	15	0
g	118193	41	1717	15	30	0	-6	24	15	0
g	118194	77	1717	15	30	0	-6	24	15	0
g	118195	113	1725	15	22	0	-6	16	15	0
g	118196	149	1717	15	30	0	-6	24	15	0
g	118197	185	1717	15	30	0	-6	24	15	0
g	118198	221	1717	15	30	0	-6	24	15	0
g	118199	257	1725	15	22	0	-6	16	15	0
g	118200	293	1717	15	30	0	-6	24	15	0
g	118201	329	1717	15	30	0	-6	24	15	0
g	118202	365	1717	15	30	0	-6	24	15	0
g	118203	401	1732	15	15	0	-6	9	15	0
g	118204	437	1717	15	30	0	-6	24	15	0
g	118205	473	1717	15	30	0	-6	24	15	0
g	118206	509	1717	15	30	0	-6	24	15	0
g	118207	545	1725	15	22	0	-6	16	15	0
g	118208	581	1717	15	30	0	-6	24	15	0
g	118209	617	1717	15	30	0	-6	24	15	0
g	118210	653	1717	15	30	0	-6	24	15	0
g	118211	689	1725	15	22	0	-6	16	15	0
g	118212	725	1717	15	30	0	-6	24	15	0
g	118213	761	1717	15	30	0	-6	24	15	0
g	118214	797	1717	15	30	0	-6	24	15	0
g	118215	833	1725	15	22	0	-6	16	15	0
g	118216	869	1717	15	30	0	-6	24	15	0
g	118217	905	1717	15	30	0	-6	24	15	0
g	118218	941	1717	15	30	0	-6	24	15	0
g	118219	977	1732	15	15	0	-6	9	15	0
g	118220	1013	1717	15	30	0	-6	24	15	0
g	118221	1049	1717	15	30	0	-6	24	15	0
g	118222	1085	1717	15	30	0	-6	24	15	0
g	118223	1121	1725	15	22	0	-6	16	15	0
g	118224	1157	1717	15	30	0	-6	24	15	0
g	118225	1193	1717	15	30	0	-6	24	15	0
g	118226	1229	1717	15	30	0	-6	24	15	0
g	118227	1265	1725	15	22	0	-6	16	15	0
g	118228	1301	1717	15	30	0	-6	24	15	0
g	118229	1337	1717	15	30	0	-6	24	15	0
g	118230	1373	1717	15	30	0	-6	24	15	0
g	118231	1409	1725	15	22	0	-6	16	15	0
g	118232	1445	1717	15	30	0	-6	24	15	0
g	118233	1481	1717	15	30	0	-6	24	15	0
g	118234	1517	1717	15	30	0	-6	24	15	0
g	118235	1553	1717	15	30	0	-6	24	15	0
g	118236	1589	1717	15	30	0	-6	24	15	0
g	118237	1625	1717	15	30	0	-6	24	15	0
g	118238	1661	1725	15	22	0	-6	16	15	0
g	118239	1697	1717	15	30	0	-6	24	15	0
g	118240	1733	1717	15	30	0	-6	24	15	0
g	118241	1769	1725	15	22	0	-6	16	15	0
g	118242	1805	1717	15	30	0	-6	24	15	0
g	118243	1841	1717	15	30	0	-6	24	15	0
g	118244	1877	1717	15	30	0	-6	24	15	0
g	118245	1913	1717	15	30	0	-6	24	15	0
g	118298	9	1774	11	18	4	-6	12	15	0
g	118299	45	1774	11	18	4	-6	12	15	0
g	118300	81	1774	6	18	4	-6	12	15	0
g	118301	117	1774	11	18	4	-6	12	15	0
g	118302	153	1774	11	7	4	5	12	15	0
g	118303	185	1774	15	7	0	5	12	15	0
g	118304	221	1774	15	18	0	-6	12	15	0
g	118305	257	1782	15	10	0	-6	4	15	0
g	118306	293	1782	10	10	0	-6	4	15	0
g	118307	333	1786	6	6	4	-6	0	15	0
g	118308	365	1774	10	18	0	-6	12	15	0
g	118309	401	1774	10	7	0	5	12	15	0
g	118310	437	1774	10	18	0	-6	12	15	0
g	118311	473	1774	10	18	0	-6	12	15	0
g	118312	513	1762	11	30	4	-6	24	15	0
g	118313	549	1762	6	30	4	-6	24	15	0
g	118314	585	1762	11	30	4	-6	24	15	0
g	118315	621	1762	11	11	4	13	24	15	0
g	118316	657	1782	11	10	4	-6	4	15	0
g	118317	693	1762	6	7	4	17	24	15	0
g	118318	729	1762	11	30	4	-6	24	15	0
g	118319	761	1767	15	21	0	-2	19	15	0
g	118320	801	1762	6	4	4	20	24	15	0
g	118321	837	1789	6	3	4	-6	-3	15	0
g	118322	869	1767	15	21	0	-2	19	15	0
g	118323	905	1767	15	25	0	-6	19	15	0
g	118324	941	1767	15	21	0	-2	19	15	0
g	118325	981	1767	11	25	4	-6	19	15	0
g	118326	1013	1762	10	30	0	-6	24	15	0
g	118327	1049	1762	10	30	0	-6	24	15	0
g	118328	1085	1762	10	30	0	-6	24	15	0
g	118329	1121	1762	10	30	0	-6	24	15	0
g	118330	1157	1762	15	30	0	-6	24	15	0
g	118331	1193	1762	10	11	0	13	24	15	0
g	118332	1233	1762	6	19	4	5	24	15	0
g	118333	1269	1762	11	19	4	5	24	15	0
g	118334	1305	1762	11	19	4	5	24	15	0
g	118335	1341	1762	11	19	4	5	24	15	0
g	118336	1373	1762	15	19	0	5	24	15	0
g	118337	1409	1767	15	13	0	6	19	15	0
g	118338	1445	1762	15	11	0	13	24	15	0
g	118339	1481	1762	10	19	0	5	24	15	0
g	118340	1517	1762	10	19	0	5	24	15	0
g	118341	1553	1762	11	25	0	-1	24	15	0
g	118342	1589	1762	10	19	0	5	24	15	0
g	118343	1629	1780	6	12	4	-6	6	15	0
g	118344	1665	1768	6	24	4	-6	18	15	0
g	118345	1701	1780	6	7	4	-1	6	15	0
g	118346	1737	1774	6	13	4	-1	12	15	0
g	118347	1773	1768	6	19	4	-1	18	15	0
g	118348	1809	1762	6	25	4	-1	24	15	0
g	118349	1845	1774	6	7	4	5	12	15	0
g	118350	1881	1768	6	13	4	5	18	15	0
g	118351	1917	1768	6	7	4	11	18	15	0
g	118352	9	1807	6	13	4	11	24	15	0
g	118353	42	1809	5	7	1	15	22	15	0
g	118354	86	1809	4	7	9	15	22	15	0
g	118355	114	1809	12	7	1	15	22	15	0
g	118356	150	1819	5	7	1	5	12	15	0
g	118357	186	1809	5	17	1	5	22	15	0
g	118358	222	1809	12	17	1	5	22	15	0
g	118359	258	1809	12	17	1	5	22	15	0
g	118360	302	1819	4	7	9	5	12	15	0
g	118361	330	1809	12	17	1	5	22	15	0
g	118362	374	1809	4	17	9	5	22	15	0
g	118363	402	1809	12	17	1	5	22	15	0
g	118364	438	1819	12	7	1	5	12	15	0
g	118365	474	1809	12	17	1	5	22	15	0
g	118366	510	1809	12	17	1	5	22	15	0
g	118367	546	1809	12	17	1	5	22	15	0
g	118368	582	1829	5	7	1	-5	2	15	0
g	118369	618	1809	5	27	1	-5	22	15	0
g	118370	654	1809	12	27	1	-5	22	15	0
g	118371	690	1809	12	27	1	-5	22	15	0
g	118372	726	1819	5	17	1	-5	12	15	0
g	118373	762	1809	5	27	1	-5	22	15	0
g	118374	798	1809	12	27	1	-5	22	15	0
g	118375	834	1809	12	27	1	-5	22	15	0
g	118376	870	1819	12	17	1	-5	12	15	0
g	118377	906	1809	12	27	1	-5	22	15	0
g	118378	942	1809	12	27	1	-5	22	15	0
g	118379	978	1809	12	27	1	-5	22	15	0
g	118380	1014	1819	12	17	1	-5	12	15	0
g	118381	1050	1809	12	27	1	-5	22	15	0
g	118382	1086	1809	12	27	1	-5	22	15	0
g	118383	1122	1809	12	27	1	-5	22	15	0
g	118384	1166	1829	4	7	9	-5	2	15	0
g	118385	1194	1809	12	27	1	-5	22	15	0
g	118386	1238	1809	4	27	9	-5	22	15	0
g	118387	1266	1809	12	27	1	-5	22	15	0
g	118388	1302	1819	12	17	1	-5	12	15	0
g	118389	1338	1809	12	27	1	-5	22	15	0
g	118390	1374	1809	12	27	1	-5	22	15	0
g	118391	1410	1809	12	27	1	-5	22	15	0
g	118392	1454	1819	4	17	9	-5	12	15	0
g	118393	1482	1809	12	27	1	-5	22	15	0
g	118394	1526	1809	4	27	9	-5	22	15	0
g	118395	1554	1809	12	27	1	-5	22	15	0
g	118396	1590	1819	12	17	1	-5	12	15	0
g	118397	1626	1809	12	27	1	-5	22	15	0
g	118398	1662	1809	12	27	1	-5	22	15	0
g	118399	1698	1809	12	27	1	-5	22	15	0
g	118400	1734	1829	12	7	1	-5	2	15	0
g	118401	1770	1809	12	27	1	-5	22	15	0
g	118402	1806	1809	12	27	1	-5	22	15	0
g	118403	1842	1809	12	27	1	-5	22	15	0
g	118404	1878	1819	12	17	1	-5	12	15	0
g	118405	1914	1809	12	27	1	-5	22	15	0
g	118406	6	1854	12	27	1	-5	22	15	0
g	118407	42	1854	12	27	1	-5	22	15	0
g	118408	78	1864	12	17	1	-5	12	15	0
g	118409	114	1854	12	27	1	-5	22	15	0
g	118410	150	1854	12	27	1	-5	22	15	0
g	118411	186	1854	12	27	1	-5	22	15	0
g	118412	222	1864	12	17	1	-5	12	15	0
g	118413	258	1854	12	27	1	-5	22	15	0
g	118414	294	1854	12	27	1	-5	22	15	0
g	118415	330	1854	12	27	1	-5	22	15	0
g	118416	365	1852	4	9	0	15	24	15	0
g	118417	404	1852	5	9	3	15	24	15	0
g	118418	444	1852	4	9	7	15	24	15	0
g	118419	483	1852	5	9	10	15	24	15	0
g	118420	509	1860	4	8	0	8	16	15	0
g	118421	548	1860	5	8	3	8	16	15	0
g	118422	588	1860	4	8	7	8	16	15	0
g	118423	627	1860	5	8	10	8	16	15	0
g	118424	653	1867	4	8	0	1	9	15	0
g	118425	692	1867	5	8	3	1	9	15	0
g	118426	732	1867	4	8	7	1	9	15	0
g	118427	771	1867	5	8	10	1	9	15	0
g	118428	797	1874	4	8	0	-6	2	15	0
g	118429	836	1874	5	8	3	-6	2	15	0
g	118430	876	1874	4	8	7	-6	2	15	0
g	118431	915	1874	5	8	10	-6	2	15	0
g	118432	948	1874	8	8	7	-6	2	15	0
g	118433	980	1874	12	8	3	-6	2	15	0
g	118434	1013	1874	11	8	0	-6	2	15	0
g	118435	1049	1874	8	8	0	-6	2	15	0
g	118436	1085	1867	4	15	0	-6	9	15	0
g	118437	1121	1860	4	22	0	-6	16	15	0
g	118438	1157	1852	4	23	0	1	24	15	0
g	118439	1193	1852	4	16	0	8	24	15	0
g	118440	1229	1852	8	9	0	15	24	15	0
g	118441	1265	1852	11	9	0	15	24	15	0
g	118442	1304	1852	12	9	3	15	24	15	0
g	118443	1344	1852	8	9	7	15	24	15	0
g	118444	1383	1852	5	16	10	8	24	15	0
g	118445	1419	1852	5	23	10	1	24	15	0
g	118446	1455	1860	5	22	10	-6	16	15	0
g	118447	1491	1867	5	15	10	-6	9	15	0
g	129792	1517	1852	8	11	0	13	24	15	0
g	129793	1560	1852	8	11	7	13	24	15	0
g	129794	1589	1852	15	11	0	13	24	15	0
g	129795	1625	1862	8	11	0	3	14	15	0
g	129796	1661	1852	8	21	0	3	24	15	0
g	129797	1697	1852	15	21	0	3	24	15	0
g	129798	1733	1852	15	21	0	3	24	15	0
g	129799	1776	1862	8	11	7	3	14	15	0
g	129800	1805	1852	15	21	0	3	24	15	0
g	129801	1848	1852	8	21	7	3	24	15	0
g	129802	1877	1852	15	21	0	3	24	15	0
g	129803	1913	1862	15	11	0	3	14	15	0
g	129804	5	1897	15	21	0	3	24	15	0
g	129805	41	1897	15	21	0	3	24	15	0
g	129806	77	1897	15	21	0	3	24	15	0
g	129807	113	1917	8	10	0	-6	4	15	0
g	129808	149	1897	8	30	0	-6	24	15	0
g	129809	185	1897	15	30	0	-6	24	15	0
g	129810	221	1897	15	30	0	-6	24	15	0
g	129811	257	1907	8	20	0	-6	14	15	0
g	129812	293	1897	15	30	0	-6	24	15	0
g	129813	329	1897	15	30	0	-6	24	15	0
g	129814	365	1907	15	20	0	-6	14	15	0
g	129815	401	1897	15	30	0	-6	24	15	0
g	129816	437	1897	15	30	0	-6	24	15	0
g	129817	473	1897	15	30	0	-6	24	15	0
g	129818	509	1907	15	20	0	-6	14	15	0
g	129819	545	1897	15	30	0	-6	24	15	0
g	129820	581	1897	15	30	0	-6	24	15	0
g	129821	617	1897	15	30	0	-6	24	15	0
g	129822	660	1917	8	10	7	-6	4	15	0
g	129823	689	1897	15	30	0	-6	24	15	0
g	129824	732	1897	8	30	7	-6	24	15	0
g	129825	761	1897	15	30	0	-6	24	15	0
g	129826	797	1907	15	20	0	-6	14	15	0
g	129827	833	1897	15	30	0	-6	24	15	0
g	129828	869	1897	15	30	0	-6	24	15	0
g	129829	905	1897	15	30	0	-6	24	15	0
g	129830	948	1907	8	20	7	-6	14	15	0
g	129831	977	1897	15	30	0	-6	24	15	0
g	129832	1013	1897	15	30	0	-6	24	15	0
g	129833	1049	1907	15	20	0	-6	14	15	0
g	129834	1085	1897	15	30	0	-6	24	15	0
g	129835	1121	1897	15	30	0	-6	24	15	0
g	129836	1157	1897	15	30	0	-6	24	15	0
g	129837	1193	1917	15	10	0	-6	4	15	0
g	129838	1229	1897	15	30	0	-6	24	15	0
g	129839	1265	1897	15	30	0	-6	24	15	0
g	129840	1301	1897	15	30	0	-6	24	15	0
g	129841	1337	1907	15	20	0	-6	14	15	0
g	129842	1373	1897	15	30	0	-6	24	15	0
g	129843	1409	1897	15	30	0	-6	24	15	0
g	129844	1445	1897	15	30	0	-6	24	15	0
g	129845	1481	1907	15	20	0	-6	14	15	0
g	129846	1517	1897	15	30	0	-6	24	15	0
g	129847	1553	1897	15	30	0	-6	24	15	0
g	129848	1589	1897	15	30	0	-6	24	15	0
g	129849	1625	1907	15	20	0	-6	14	15	0
g	129850	1661	1897	15	30	0	-6	24	15	0
g	129851	1697	1897	15	30	0	-6	24	15	0
g	129852	1733	1917	8	10	0	-6	4	15	0
g	129853	1769	1917	15	10	0	-6	4	15	0
g	129854	1805	1907	8	20	0	-6	14	15	0
g	129855	1841	1907	15	20	0	-6	14	15	0
g	129856	1877	1897	8	30	0	-6	24	15	0
g	129857	1913	1897	15	30	0	-6	24	15	0
g	129858	5	1942	15	30	0	-6	24	15	0
g	129859	41	1942	15	30	0	-6	24	15	0
g	129860	77	1942	15	30	0	-6	24	15	0
g	129861	113	1942	15	30	0	-6	24	15	0
g	129862	149	1952	15	20	0	-6	14	15	0
g	129863	192	1962	8	10	7	-6	4	15	0
g	129864	221	1962	15	10	0	-6	4	15	0
g	129865	264	1952	8	20	7	-6	14	15	0
g	129866	293	1952	15	20	0	-6	14	15	0
g	129867	336	1942	8	30	7	-6	24	15	0
g	129868	365	1942	15	30	0	-6	24	15	0
g	129869	401	1942	15	30	0	-6	24	15	0
g	129870	437	1942	15	30	0	-6	24	15	0
g	129871	473	1942	15	30	0	-6	24	15	0
g	129872	509	1942	15	30	0	-6	24	15	0
g	129873	545	1952	15	20	0	-6	14	15	0
g	129874	581	1942	15	30	0	-6	24	15	0
g	129875	617	1942	15	30	0	-6	24	15	0
g	129876	653	1942	15	30	0	-6	24	15	0
g	129877	689	1942	15	30	0	-6	24	15	0
g	129878	725	1942	15	30	0	-6	24	15	0
g	129879	761	1942	8	11	0	13	24	15	0
g	129880	797	1942	15	11	0	13	24	15	0
g	129881	833	1942	8	21	0	3	24	15	0
g	129882	869	1942	15	21	0	3	24	15	0
g	129883	905	1942	8	30	0	-6	24	15	0
g	129884	941	1942	15	21	0	3	24	15	0
g	129885	977	1942	15	30	0	-6	24	15	0
g	129886	1013	1942	15	30	0	-6	24	15	0
g	129887	1049	1942	15	30	0	-6	24	15	0
g	129888	1085	1942	15	30	0	-6	24	15	0
g	129889	1121	1942	15	30	0	-6	24	15	0
g	129890	1164	1942	8	11	7	13	24	15	0
g	129891	1193	1942	15	11	0	13	24	15	0
g	129892	1236	1942	8	21	7	3	24	15	0
g	129893	1265	1942	15	21	0	3	24	15	0
g	129894	1308	1942	8	30	7	-6	24	15	0
g	129895	1337	1942	15	21	0	3	24	15	0
g	129896	1373	1942	15	30	0	-6	24	15	0
g	129897	1409	1942	15	30	0	-6	24	15	0
g	129898	1445	1942	15	30	0	-6	24	15	0
g	129899	1481	1942	15	30	0	-6	24	15	0
g	129900	1517	1942	8	30	0	-6	24	15	0
g	129901	1553	1942	15	16	0	8	24	15	0
g	129902	1596	1942	8	30	7	-6	24	15	0
g	129903	1625	1957	15	15	0	-6	9	15	0
g	129904	1662	1942	3	30	1	-6	24	15	0
g	129905	1700	1942	3	30	3	-6	24	15	0
g	129906	1738	1942	3	30	5	-6	24	15	0
g	129907	1776	1942	3	30	7	-6	24	15	0
g	129908	1814	1942	2	30	9	-6	24	15	0
g	129909	1851	1942	3	30	10	-6	24	15	0
g	129910	1877	1946	15	5	0	15	20	15	0
g	129911	1913	1950	15	4	0	12	16	15	0
g	129912	5	1998	15	5	0	8	13	15	0
g	129913	41	2002	15	4	0	5	9	15	0
g	129914	77	2005	15	5	0	1	6	15	0
g	129915	113	2009	15	5	0	-3	2	15	0
g	129916	149	1987	15	30	0	-6	24	15	0
g	129917	185	1987	15	30	0	-6	24	15	0
g	129918	221	1987	15	30	0	-6	24	15	0
g	129919	257	1987	15	30	0	-6	24	15	0
g	129920	293	1987	15	30	0	-6	24	15	0
g	129922	329	1987	15	9	0	15	24	15	0
g	129923	365	1987	15	12	0	12	24	15	0
g	129924	401	1987	15	19	0	5	24	15	0
g	129925	437	1987	15	23	0	1	24	15	0
g	129926	473	1987	15	27	0	-3	24	15	0
g	129927	519	1987	5	30	10	-6	24	15	0
g	129928	554	1987	6	30	9	-6	24	15	0
g	129929	586	1987	10	30	5	-6	24	15	0
g	129930	620	1987	12	30	3	-6	24	15	0
g	129931	654	1987	14	30	1	-6	24	15	0
g	129941	689	1987	15	30	0	-6	24	15	0
g	129942	725	1987	15	30	0	-6	24	15	0
g	129943	761	1995	15	22	0	-6	16	15	0
g	129946	797	1987	15	30	0	-6	24	15	0
g	129947	833	1987	15	30	0	-6	24	15	0
g	129998	869	1987	10	30	0	-6	24	15	0
g	129999	905	1987	5	30	0	-6	24	15	0
g	130020	944	1987	8	16	3	8	24	15	0
g	130021	980	2002	8	15	3	-6	9	15	0
g	130022	1013	1995	8	15	0	1	16	15	0
g	130023	1056	1995	8	15	7	1	16	15	0
g	130024	1085	1987	15	16	0	8	24	15	0
g	130025	1128	1987	8	30	7	-6	24	15	0
g	130026	1157	2002	15	15	0	-6	9	15	0
g	130027	1193	1987	8	30	0	-6	24	15	0
g	130028	1236	1987	8	16	7	8	24	15	0
g	130029	1265	2002	8	15	0	-6	9	15	0
g	130030	1308	2002	8	15	7	-6	9	15	0
g	130031	1337	1987	8	16	0	8	24	15	0
g	130032	1374	1993	12	18	1	0	18	15	0
g	130033	1419	1996	3	13	10	2	15	15	0
g	130034	1446	1993	12	18	1	0	18	15	0
g	130035	1485	1993	9	18	4	0	18	15	0
g	130036	1518	1996	12	13	1	2	15	15	0
g	130037	1554	1993	12	18	1	0	18	15	0
g	130038	1590	1993	12	18	1	0	18	15	0
g	130039	1626	1993	12	16	1	2	18	15	0
g	130040	1662	1993	12	18	1	0	18	15	0
g	130041	1698	1993	12	18	1	0	18	15	0
