atlas	1024	2048	15	13.916	3.516	17.432
g	13	4	5	0	0	0	0	0	4	0
g	32	28	5	0	0	0	0	0	4	0
g	33	55	8	3	12	3	-15	-3	9	0
g	34	78	8	5	6	2	-9	-3	9	0
g	35	100	8	9	11	0	-14	-3	9	0
g	36	124	6	8	16	0	-17	-1	9	0
g	37	148	8	9	12	0	-15	-3	9	0
g	38	172	8	9	12	0	-15	-3	9	0
g	39	199	8	3	6	3	-9	-3	9	0
g	40	221	7	7	14	1	-16	-2	9	0
g	41	245	7	6	14	1	-16	-2	9	0
g	42	268	10	8	8	0	-13	-5	9	0
g	43	292	9	9	9	0	-13	-4	9	0
g	44	319	17	3	6	3	-18	-12	9	0
g	45	340	13	9	2	0	-10	-8	9	0
g	46	367	16	3	4	3	-15	-11	9	0
g	47	388	7	9	14	0	-16	-2	9	0
g	48	412	8	8	12	0	-15	-3	9	0
g	49	437	8	7	11	1	-14	-3	9	0
g	50	460	8	8	11	0	-14	-3	9	0
g	51	484	8	8	12	0	-15	-3	9	0
g	52	508	8	9	11	0	-14	-3	9	0
g	53	532	8	9	12	0	-15	-3	9	0
g	54	556	8	9	12	0	-15	-3	9	0
g	55	580	8	9	11	0	-14	-3	9	0
g	56	604	8	8	12	0	-15	-3	9	0
g	57	628	8	8	12	0	-15	-3	9	0
g	58	655	11	3	9	3	-15	-6	9	0
g	59	679	11	3	12	3	-18	-6	9	0
g	60	700	10	8	8	0	-13	-5	9	0
g	61	724	11	9	6	0	-12	-6	9	0
g	62	749	10	8	8	1	-13	-5	9	0
g	63	772	8	8	12	0	-15	-3	9	0
g	64	796	8	8	13	0	-16	-3	9	0
g	65	4	36	9	11	0	-14	-3	9	0
g	66	29	36	8	11	1	-14	-3	9	0
g	67	52	36	9	12	0	-15	-3	9	0
g	68	77	36	8	11	1	-14	-3	9	0
g	69	101	36	8	11	1	-14	-3	9	0
g	70	125	36	8	11	1	-14	-3	9	0
g	71	148	36	9	12	0	-15	-3	9	0
g	72	173	36	7	11	1	-14	-3	9	0
g	73	197	36	7	11	1	-14	-3	9	0
g	74	220	36	8	12	0	-15	-3	9	0
g	75	245	36	8	11	1	-14	-3	9	0
g	76	269	36	8	11	1	-14	-3	9	0
g	77	292	36	8	11	0	-14	-3	9	0
g	78	317	36	7	11	1	-14	-3	9	0
g	79	340	36	9	12	0	-15	-3	9	0
g	80	365	36	8	11	1	-14	-3	9	0
g	81	388	36	9	15	0	-18	-3	9	0
g	82	413	36	8	11	1	-14	-3	9	0
g	83	436	36	8	12	0	-15	-3	9	0
g	84	460	36	9	11	0	-14	-3	9	0
g	85	485	36	7	12	1	-15	-3	9	0
g	86	508	36	9	11	0	-14	-3	9	0
g	87	532	36	9	11	0	-14	-3	9	0
g	88	556	36	9	11	0	-14	-3	9	0
g	89	580	36	9	11	0	-14	-3	9	0
g	90	605	36	7	11	1	-14	-3	9	0
g	91	630	34	6	15	2	-16	-1	9	0
g	92	652	35	8	14	0	-16	-2	9	0
g	93	677	34	6	15	1	-16	-1	9	0
g	94	701	36	7	5	1	-8	-3	9	0
g	95	724	46	9	3	0	-16	-13	9	0
g	96	750	34	5	6	2	-7	-1	9	0
g	97	772	39	9	9	0	-15	-6	9	0
g	98	797	35	8	13	1	-15	-2	9	0
g	99	4	67	9	9	0	-15	-6	9	0
g	100	28	63	8	13	0	-15	-2	9	0
g	101	52	67	8	9	0	-15	-6	9	0
g	102	76	63	9	12	0	-14	-2	9	0
g	103	100	67	8	12	0	-18	-6	9	0
g	104	125	63	7	12	1	-14	-2	9	0
g	105	149	63	8	12	1	-14	-2	9	0
g	106	173	63	6	16	1	-18	-2	9	0
g	107	197	63	8	12	1	-14	-2	9	0
g	108	220	63	8	13	0	-15	-2	9	0
g	109	244	67	8	8	0	-14	-6	9	0
g	110	269	67	7	8	1	-14	-6	9	0
g	111	292	67	8	9	0	-15	-6	9	0
g	112	317	67	8	12	1	-18	-6	9	0
g	113	340	67	8	12	0	-18	-6	9	0
g	114	364	67	9	8	0	-14	-6	9	0
g	115	389	67	7	9	1	-15	-6	9	0
g	116	412	64	8	12	0	-15	-3	9	0
g	117	437	67	8	9	1	-15	-6	9	0
g	118	460	67	9	8	0	-14	-6	9	0
g	119	484	67	9	8	0	-14	-6	9	0
g	120	508	67	9	8	0	-14	-6	9	0
g	121	532	67	9	12	0	-18	-6	9	0
g	122	557	67	7	8	1	-14	-6	9	0
g	123	581	63	7	14	1	-16	-2	9	0
g	124	607	62	3	16	3	-17	-1	9	0
g	125	629	63	6	14	1	-16	-2	9	0
g	126	652	68	9	4	0	-11	-7	9	0
g	160	676	61	0	0	0	0	0	9	0
g	161	703	67	3	11	3	-17	-6	9	0
g	162	724	64	9	14	0	-17	-3	9	0
g	163	748	64	9	11	0	-14	-3	9	0
g	164	772	65	9	9	0	-13	-4	9	0
g	165	796	64	9	11	0	-14	-3	9	0
g	166	7	90	3	16	3	-17	-1	9	0
g	167	28	91	9	14	0	-16	-2	9	0
g	168	53	91	6	3	1	-5	-2	9	0
g	169	76	92	9	11	0	-14	-3	9	0
g	170	101	92	6	6	1	-9	-3	9	0
g	171	124	95	9	8	0	-14	-6	9	0
g	172	148	96	9	5	0	-12	-7	9	0
g	174	172	92	9	11	0	-14	-3	9	0
g	175	197	92	7	2	1	-5	-3	9	0
g	176	221	92	7	6	1	-9	-3	9	0
g	177	244	93	9	9	0	-13	-4	9	0
g	178	270	92	5	6	2	-9	-3	9	0
g	179	294	92	5	6	2	-9	-3	9	0
g	180	319	90	4	4	3	-5	-1	9	0
g	181	341	95	8	12	1	-18	-6	9	0
g	182	364	92	9	11	0	-14	-3	9	0
g	183	391	96	3	3	3	-10	-7	9	0
g	184	415	102	3	5	3	-18	-13	9	0
g	185	438	92	5	6	2	-9	-3	9	0
g	186	461	92	6	6	1	-9	-3	9	0
g	187	484	95	9	8	0	-14	-6	9	0
g	188	508	92	9	11	0	-14	-3	9	0
g	189	532	92	9	11	0	-14	-3	9	0
g	190	556	92	9	11	0	-14	-3	9	0
g	191	581	95	7	11	1	-17	-6	9	0
g	192	604	89	9	14	0	-14	0	9	0
g	193	628	89	9	14	0	-14	0	9	0
g	194	652	89	9	14	0	-14	0	9	0
g	195	676	89	9	14	0	-14	0	9	0
g	196	700	89	9	14	0	-14	0	9	0
g	197	724	89	9	14	0	-14	0	9	0
g	198	748	92	9	11	0	-14	-3	9	0
g	199	772	92	9	15	0	-18	-3	9	0
g	200	797	89	8	14	1	-14	0	9	0
g	201	5	117	8	14	1	-14	0	9	0
g	202	29	117	8	14	1	-14	0	9	0
g	203	53	117	8	14	1	-14	0	9	0
g	204	77	117	7	14	1	-14	0	9	0
g	205	101	117	7	14	1	-14	0	9	0
g	206	125	117	7	14	1	-14	0	9	0
g	207	149	117	7	14	1	-14	0	9	0
g	208	172	120	9	11	0	-14	-3	9	0
g	209	197	117	7	14	1	-14	0	9	0
g	210	220	117	9	15	0	-15	0	9	0
g	211	244	117	9	15	0	-15	0	9	0
g	212	268	117	9	15	0	-15	0	9	0
g	213	292	117	9	15	0	-15	0	9	0
g	214	316	117	9	15	0	-15	0	9	0
g	215	340	122	8	8	0	-13	-5	9	0
g	216	364	119	9	13	0	-15	-2	9	0
g	217	389	117	7	15	1	-15	0	9	0
g	218	413	117	7	15	1	-15	0	9	0
g	219	437	117	7	15	1	-15	0	9	0
g	220	461	117	7	15	1	-15	0	9	0
g	221	484	117	9	14	0	-14	0	9	0
g	222	509	120	8	11	1	-14	-3	9	0
g	223	532	119	9	13	0	-15	-2	9	0
g	224	556	118	9	14	0	-15	-1	9	0
g	225	580	118	9	14	0	-15	-1	9	0
g	226	604	118	9	14	0	-15	-1	9	0
g	227	628	119	9	13	0	-15	-2	9	0
g	228	652	119	9	13	0	-15	-2	9	0
g	229	676	118	9	14	0	-15	-1	9	0
g	230	700	123	9	9	0	-15	-6	9	0
g	231	724	123	9	12	0	-18	-6	9	0
g	232	748	118	8	14	0	-15	-1	9	0
g	233	772	118	8	14	0	-15	-1	9	0
g	234	796	118	8	14	0	-15	-1	9	0
g	235	4	147	8	13	0	-15	-2	9	0
g	236	29	146	8	13	1	-14	-1	9	0
g	237	53	146	8	13	1	-14	-1	9	0
g	238	77	146	8	13	1	-14	-1	9	0
g	239	101	147	8	12	1	-14	-2	9	0
g	240	124	147	9	13	0	-15	-2	9	0
g	241	149	147	7	12	1	-14	-2	9	0
g	242	172	146	8	14	0	-15	-1	9	0
g	243	196	146	8	14	0	-15	-1	9	0
g	244	220	146	8	14	0	-15	-1	9	0
g	245	244	147	8	13	0	-15	-2	9	0
g	246	268	147	8	13	0	-15	-2	9	0
g	247	292	149	9	9	0	-13	-4	9	0
g	248	316	150	8	10	0	-15	-5	9	0
g	249	341	146	8	14	1	-15	-1	9	0
g	250	365	146	8	14	1	-15	-1	9	0
g	251	389	146	8	14	1	-15	-1	9	0
g	252	413	147	8	13	1	-15	-2	9	0
g	253	436	146	9	17	0	-18	-1	9	0
g	254	461	147	8	16	1	-18	-2	9	0
g	255	484	147	9	16	0	-18	-2	9	0
g	256	508	145	9	14	0	-14	0	9	0
g	257	532	148	9	12	0	-15	-3	9	0
g	258	556	145	9	14	0	-14	0	9	0
g	259	580	147	9	13	0	-15	-2	9	0
g	260	604	148	9	15	0	-18	-3	9	0
g	261	628	151	9	12	0	-18	-6	9	0
g	262	652	145	9	15	0	-15	0	9	0
g	263	676	146	9	14	0	-15	-1	9	0
g	264	700	145	9	15	0	-15	0	9	0
g	265	724	146	9	14	0	-15	-1	9	0
g	266	748	145	9	15	0	-15	0	9	0
g	267	772	147	9	13	0	-15	-2	9	0
g	268	796	145	9	15	0	-15	0	9	0
g	269	4	175	9	13	0	-15	-2	9	0
g	270	29	173	8	14	1	-14	0	9	0
g	271	52	175	11	13	0	-15	-2	9	0
g	272	76	176	9	11	0	-14	-3	9	0
g	273	100	175	9	13	0	-15	-2	9	0
g	274	125	173	8	14	1	-14	0	9	0
g	275	148	176	8	12	0	-15	-3	9	0
g	276	173	173	8	14	1	-14	0	9	0
g	277	196	175	8	13	0	-15	-2	9	0
g	278	221	173	8	14	1	-14	0	9	0
g	279	244	175	8	13	0	-15	-2	9	0
g	280	269	176	8	15	1	-18	-3	9	0
g	281	292	179	8	12	0	-18	-6	9	0
g	282	317	173	8	14	1	-14	0	9	0
g	283	340	175	8	13	0	-15	-2	9	0
g	284	364	173	9	15	0	-15	0	9	0
g	285	388	174	8	17	0	-18	-1	9	0
g	286	412	173	9	15	0	-15	0	9	0
g	287	436	175	8	16	0	-18	-2	9	0
g	288	460	173	9	15	0	-15	0	9	0
g	289	484	175	8	16	0	-18	-2	9	0
g	290	508	176	9	16	0	-19	-3	9	0
g	291	532	174	8	17	0	-18	-1	9	0
g	292	557	173	7	14	1	-14	0	9	0
g	293	579	172	9	15	-1	-14	1	9	0
g	294	604	176	9	11	0	-14	-3	9	0
g	295	628	175	8	12	0	-14	-2	9	0
g	296	653	173	7	14	1	-14	0	9	0
g	297	677	175	8	12	1	-14	-2	9	0
g	298	701	173	7	14	1	-14	0	9	0
g	299	725	176	8	11	1	-14	-3	9	0
g	300	749	173	7	14	1	-14	0	9	0
g	301	773	175	8	12	1	-14	-2	9	0
g	302	797	176	7	15	1	-18	-3	9	0
g	303	5	203	8	16	1	-18	-2	9	0
g	304	29	201	7	14	1	-14	0	9	0
g	305	53	207	8	8	1	-14	-6	9	0
g	306	76	204	8	12	0	-15	-3	9	0
g	307	101	203	7	16	1	-18	-2	9	0
g	308	124	201	9	15	0	-15	0	9	0
g	309	149	202	8	17	1	-18	-1	9	0
g	310	173	204	8	16	1	-19	-3	9	0
g	311	197	203	8	17	1	-19	-2	9	0
g	312	221	207	8	8	1	-14	-6	9	0
g	313	244	201	9	14	0	-14	0	9	0
g	314	268	200	8	16	0	-15	1	9	0
g	315	293	204	8	16	1	-19	-3	9	0
g	316	316	203	8	17	0	-19	-2	9	0
g	317	341	203	8	12	1	-14	-2	9	0
g	318	364	203	8	13	0	-15	-2	9	0
g	319	389	204	8	11	1	-14	-3	9	0
g	320	412	203	8	13	0	-15	-2	9	0
g	321	436	204	9	11	0	-14	-3	9	0
g	322	460	203	8	13	0	-15	-2	9	0
g	323	485	201	7	14	1	-14	0	9	0
g	324	509	202	7	13	1	-14	-1	9	0
g	325	533	204	7	16	1	-19	-3	9	0
g	326	557	207	7	13	1	-19	-6	9	0
g	327	581	201	7	14	1	-14	0	9	0
g	328	605	203	7	12	1	-14	-2	9	0
g	329	628	202	8	13	0	-14	-1	9	0
g	330	653	204	7	15	1	-18	-3	9	0
g	331	677	207	7	12	1	-18	-6	9	0
g	332	700	201	9	15	0	-15	0	9	0
g	333	724	204	8	12	0	-15	-3	9	0
g	334	748	201	9	15	0	-15	0	9	0
g	335	772	203	8	13	0	-15	-2	9	0
g	336	796	201	9	15	0	-15	0	9	0
g	337	4	230	8	14	0	-15	-1	9	0
g	338	28	232	9	12	0	-15	-3	9	0
g	339	52	235	9	9	0	-15	-6	9	0
g	340	77	229	8	14	1	-14	0	9	0
g	341	100	230	9	13	0	-14	-1	9	0
g	342	125	232	8	16	1	-19	-3	9	0
g	343	148	235	9	13	0	-19	-6	9	0
g	344	173	229	8	14	1	-14	0	9	0
g	345	196	231	9	12	0	-14	-2	9	0
g	346	220	229	8	15	0	-15	0	9	0
g	347	245	230	7	14	1	-15	-1	9	0
g	348	268	229	8	15	0	-15	0	9	0
g	349	293	230	7	14	1	-15	-1	9	0
g	350	316	232	8	15	0	-18	-3	9	0
g	351	341	235	7	12	1	-18	-6	9	0
g	352	364	229	8	15	0	-15	0	9	0
g	353	389	231	7	13	1	-15	-2	9	0
g	354	412	232	9	15	0	-18	-3	9	0
g	355	436	232	8	15	0	-18	-3	9	0
g	356	460	229	9	14	0	-14	0	9	0
g	357	484	231	8	13	0	-15	-2	9	0
g	358	508	232	9	11	0	-14	-3	9	0
g	359	532	232	8	12	0	-15	-3	9	0
g	360	557	229	7	15	1	-15	0	9	0
g	361	581	231	8	13	1	-15	-2	9	0
g	362	605	229	7	15	1	-15	0	9	0
g	363	629	232	8	12	1	-15	-3	9	0
g	364	653	229	7	15	1	-15	0	9	0
g	365	677	231	8	13	1	-15	-2	9	0
g	366	701	229	7	15	1	-15	0	9	0
g	367	725	230	8	14	1	-15	-1	9	0
g	368	749	229	8	15	1	-15	0	9	0
g	369	773	230	8	14	1	-15	-1	9	0
g	370	797	232	7	15	1	-18	-3	9	0
g	371	5	263	8	12	1	-18	-6	9	0
g	372	28	257	9	14	0	-14	0	9	0
g	373	52	258	9	13	0	-14	-1	9	0
g	374	76	257	9	14	0	-14	0	9	0
g	375	100	258	9	17	0	-18	-1	9	0
g	376	124	257	9	14	0	-14	0	9	0
g	377	149	257	7	14	1	-14	0	9	0
g	378	173	258	7	13	1	-14	-1	9	0
g	379	197	257	7	14	1	-14	0	9	0
g	380	221	259	7	12	1	-14	-2	9	0
g	381	245	257	7	14	1	-14	0	9	0
g	382	269	259	7	12	1	-14	-2	9	0
g	383	292	259	9	12	0	-14	-2	9	0
g	390	316	260	9	12	0	-15	-3	9	0
g	393	340	260	9	11	0	-14	-3	9	0
g	398	364	260	8	11	0	-14	-3	9	0
g	399	388	260	9	12	0	-15	-3	9	0
g	400	412	260	9	12	0	-15	-3	9	0
g	401	435	260	10	15	-1	-18	-3	9	0
g	402	460	259	9	16	0	-18	-2	9	0
g	404	484	260	9	15	0	-18	-3	9	0
g	406	508	259	8	13	0	-15	-2	9	0
g	410	532	259	8	13	0	-15	-2	9	0
g	411	556	259	9	13	0	-15	-2	9	0
g	413	579	260	9	15	-1	-18	-3	9	0
g	416	604	258	10	14	0	-15	-1	9	0
g	417	628	261	9	11	0	-15	-4	9	0
g	425	653	260	7	11	1	-14	-3	9	0
g	431	677	258	9	14	1	-15	-1	9	0
g	432	701	261	8	11	1	-15	-4	9	0
g	433	724	260	9	12	0	-15	-3	9	0
g	434	749	260	7	12	1	-15	-3	9	0
g	439	772	260	8	12	0	-15	-3	9	0
g	461	796	257	9	14	0	-14	0	9	0
g	462	4	287	9	13	0	-15	-2	9	0
g	477	28	291	8	9	0	-15	-6	9	0
g	484	52	288	9	12	0	-15	-3	9	0
g	485	76	291	9	12	0	-18	-6	9	0
g	486	100	285	9	15	0	-15	0	9	0
g	487	124	287	8	16	0	-18	-2	9	0
g	490	148	288	9	15	0	-18	-3	9	0
g	491	172	291	8	12	0	-18	-6	9	0
g	496	197	287	8	16	1	-18	-2	9	0
g	506	220	283	9	16	0	-14	2	9	0
g	507	244	284	9	16	0	-15	1	9	0
g	508	268	285	9	14	0	-14	0	9	0
g	509	292	286	9	14	0	-15	-1	9	0
g	510	316	285	9	15	0	-15	0	9	0
g	511	340	286	8	14	0	-15	-1	9	0
g	536	364	288	8	16	0	-19	-3	9	0
g	537	389	291	7	13	1	-19	-6	9	0
g	538	412	288	9	16	0	-19	-3	9	0
g	539	436	288	8	16	0	-19	-3	9	0
g	542	461	285	7	14	1	-14	0	9	0
g	543	483	284	9	15	-1	-14	1	9	0
g	562	508	285	9	14	0	-14	0	9	0
g	563	532	288	9	15	0	-18	-3	9	0
g	567	557	291	6	12	1	-18	-6	9	0
g	570	580	286	9	16	0	-17	-1	9	0
g	571	604	286	9	16	0	-17	-1	9	0
g	573	627	288	10	11	-1	-14	-3	9	0
g	574	652	286	9	16	0	-17	-1	9	0
g	581	676	288	9	11	0	-14	-3	9	0
g	593	700	291	9	9	0	-15	-6	9	0
g	596	724	291	8	9	0	-15	-6	9	0
g	598	748	287	10	16	0	-18	-2	9	0
g	601	772	291	8	9	0	-15	-6	9	0
g	603	797	291	7	9	1	-15	-6	9	0
g	610	4	318	9	10	0	-15	-5	9	0
g	611	28	319	9	12	0	-18	-6	9	0
g	617	52	319	8	9	0	-15	-6	9	0
g	618	77	319	7	8	1	-14	-6	9	0
g	619	100	315	8	13	0	-15	-2	9	0
g	620	123	315	9	13	-1	-15	-2	9	0
g	626	147	319	9	12	-1	-18	-6	9	0
g	643	172	315	9	16	0	-18	-2	9	0
g	650	196	319	9	9	0	-15	-6	9	0
g	651	221	319	7	9	1	-15	-6	9	0
g	652	244	319	9	8	0	-14	-6	9	0
g	658	268	319	8	12	0	-18	-6	9	0
g	660	292	315	8	12	0	-14	-2	9	0
g	661	317	315	7	12	1	-14	-2	9	0
g	671	341	319	8	8	1	-14	-6	9	0
g	679	364	316	10	15	0	-18	-3	9	0
g	695	389	316	7	6	1	-9	-3	9	0
g	696	413	316	7	8	1	-11	-3	9	0
g	699	438	315	4	7	2	-9	-2	9	0
g	700	462	316	4	7	2	-10	-3	9	0
g	704	485	315	6	7	1	-9	-2	9	0
g	710	510	314	5	4	2	-5	-1	9	0
g	711	534	315	5	4	2	-6	-2	9	0
g	713	557	316	7	2	1	-5	-3	9	0
g	720	582	319	4	8	2	-14	-6	9	0
g	728	605	315	6	3	1	-5	-2	9	0
g	729	631	315	3	3	3	-5	-2	9	0
g	730	654	314	5	5	2	-6	-1	9	0
g	731	678	326	4	5	2	-18	-13	9	0
g	732	701	315	7	3	1	-5	-2	9	0
g	733	725	314	7	4	1	-5	-1	9	0
g	768	750	314	4	4	2	-5	-1	0	0
g	769	775	314	4	4	3	-5	-1	0	0
g	770	798	314	5	4	2	-5	-1	0	0
g	771	5	343	7	3	1	-5	-2	0	0
g	772	29	344	7	2	1	-5	-3	0	0
g	774	53	343	6	3	1	-5	-2	0	0
g	775	79	343	3	3	3	-5	-2	0	0
g	776	101	343	6	3	1	-5	-2	0	0
g	777	126	342	4	4	2	-5	-1	0	0
g	778	150	342	5	5	2	-6	-1	0	0
g	779	173	342	7	4	1	-5	-1	0	0
g	780	198	343	5	4	2	-6	-2	0	0
g	786	223	342	3	5	3	-6	-1	0	0
g	787	247	343	3	4	3	-6	-2	0	0
g	789	271	343	3	4	3	-6	-2	0	0
g	795	294	345	5	4	2	-8	-4	0	0
g	803	319	356	3	2	3	-17	-15	0	0
g	805	342	355	5	4	2	-18	-14	0	0
g	806	367	355	3	5	3	-19	-14	0	0
g	807	391	354	3	5	3	-18	-13	0	0
g	808	414	354	4	5	2	-18	-13	0	0
g	817	437	356	7	2	1	-17	-15	0	0
g	818	459	356	11	2	-1	-17	-15	0	0
g	832	486	342	4	4	2	-5	-1	0	0
g	833	511	342	4	4	3	-5	-1	0	0
g	834	533	343	7	3	1	-5	-2	0	0
g	884	558	344	4	7	2	-10	-3	9	0
g	885	583	353	3	6	3	-18	-12	9	0
g	894	607	347	3	12	3	-18	-6	9	0
g	900	631	342	4	4	3	-5	-1	9	0
g	901	652	342	8	4	0	-5	-1	9	0
g	902	675	344	10	11	-1	-14	-3	9	0
g	903	703	347	3	3	3	-9	-6	9	0
g	904	723	344	10	11	-1	-14	-3	9	0
g	905	747	344	9	11	-1	-14	-3	9	0
g	906	771	344	9	11	-1	-14	-3	9	0
g	908	795	344	10	12	-1	-15	-3	9	0
g	910	3	372	10	11	-1	-14	-3	9	0
g	911	27	372	10	11	-1	-14	-3	9	0
g	912	52	370	8	14	0	-15	-1	9	0
g	913	76	372	9	11	0	-14	-3	9	0
g	914	101	372	8	11	1	-14	-3	9	0
g	915	125	372	7	11	1	-14	-3	9	0
g	916	148	372	9	11	0	-14	-3	9	0
g	917	173	372	8	11	1	-14	-3	9	0
g	918	197	372	7	11	1	-14	-3	9	0
g	919	221	372	7	11	1	-14	-3	9	0
g	920	244	372	9	12	0	-15	-3	9	0
g	921	269	372	7	11	1	-14	-3	9	0
g	922	293	372	8	11	1	-14	-3	9	0
g	923	316	372	9	11	0	-14	-3	9	0
g	924	340	372	8	11	0	-14	-3	9	0
g	925	365	372	7	11	1	-14	-3	9	0
g	926	388	372	9	11	0	-14	-3	9	0
g	927	412	372	9	12	0	-15	-3	9	0
g	928	437	372	7	11	1	-14	-3	9	0
g	929	461	372	8	11	1	-14	-3	9	0
g	931	485	372	7	11	1	-14	-3	9	0
g	932	508	372	9	11	0	-14	-3	9	0
g	933	532	372	9	11	0	-14	-3	9	0
g	934	556	372	9	12	0	-15	-3	9	0
g	935	580	372	9	11	0	-14	-3	9	0
g	936	604	372	9	11	0	-14	-3	9	0
g	937	628	372	9	11	0	-14	-3	9	0
g	938	653	369	7	14	1	-14	0	9	0
g	939	676	369	9	14	0	-14	0	9	0
g	940	700	370	9	14	0	-15	-1	9	0
g	941	725	370	7	14	1	-15	-1	9	0
g	942	749	370	7	17	1	-18	-1	9	0
g	943	772	370	8	14	0	-15	-1	9	0
g	944	796	370	9	14	0	-15	-1	9	0
g	945	4	403	9	9	0	-15	-6	9	0
g	946	29	399	8	16	1	-18	-2	9	0
g	947	52	402	9	13	0	-18	-5	9	0
g	948	76	399	8	13	0	-15	-2	9	0
g	949	101	403	7	9	1	-15	-6	9	0
g	950	125	399	7	16	1	-18	-2	9	0
g	951	149	403	7	12	1	-18	-6	9	0
g	952	172	399	8	13	0	-15	-2	9	0
g	953	196	403	8	9	0	-15	-6	9	0
g	954	221	403	8	8	1	-14	-6	9	0
g	955	244	399	9	13	0	-15	-2	9	0
g	956	269	403	8	12	1	-18	-6	9	0
g	957	292	403	9	8	0	-14	-6	9	0
g	958	317	399	7	16	1	-18	-2	9	0
g	959	340	403	8	9	0	-15	-6	9	0
g	960	364	403	9	9	0	-15	-6	9	0
g	961	389	403	8	12	1	-18	-6	9	0
g	962	412	403	9	12	0	-18	-6	9	0
g	963	436	403	9	9	0	-15	-6	9	0
g	964	460	403	8	9	0	-15	-6	9	0
g	965	484	403	8	9	0	-15	-6	9	0
g	966	508	399	9	16	0	-18	-2	9	0
g	967	532	403	9	12	0	-18	-6	9	0
g	968	556	399	9	16	0	-18	-2	9	0
g	969	580	403	8	9	0	-15	-6	9	0
g	970	604	399	8	13	0	-15	-2	9	0
g	971	628	399	8	13	0	-15	-2	9	0
g	972	652	398	8	14	0	-15	-1	9	0
g	973	676	398	8	14	0	-15	-1	9	0
g	974	700	398	8	14	0	-15	-1	9	0
g	975	725	400	8	14	1	-17	-3	9	0
g	983	749	403	8	11	1	-17	-6	9	0
g	1024	773	397	8	14	1	-14	0	9	0
g	1025	797	397	8	14	1	-14	0	9	0
g	1026	3	428	9	11	-1	-14	-3	9	0
g	1027	29	425	7	14	1	-14	0	9	0
g	1028	52	428	9	12	0	-15	-3	9	0
g	1029	76	428	8	12	0	-15	-3	9	0
g	1030	101	428	7	11	1	-14	-3	9	0
g	1031	125	425	7	14	1	-14	0	9	0
g	1032	148	428	8	12	0	-15	-3	9	0
g	1033	172	428	9	11	0	-14	-3	9	0
g	1034	196	428	9	11	0	-14	-3	9	0
g	1035	220	428	8	11	0	-14	-3	9	0
g	1036	245	425	8	14	1	-14	0	9	0
g	1037	269	425	7	14	1	-14	0	9	0
g	1038	292	425	9	14	0	-14	0	9	0
g	1039	317	428	7	14	1	-17	-3	9	0
g	1040	340	428	9	11	0	-14	-3	9	0
g	1041	365	428	8	11	1	-14	-3	9	0
g	1042	389	428	8	11	1	-14	-3	9	0
g	1043	413	428	7	11	1	-14	-3	9	0
g	1044	436	428	9	14	0	-17	-3	9	0
g	1045	461	428	8	11	1	-14	-3	9	0
g	1046	484	428	9	11	0	-14	-3	9	0
g	1047	508	428	8	12	0	-15	-3	9	0
g	1048	533	428	7	11	1	-14	-3	9	0
g	1049	557	425	7	14	1	-14	0	9	0
g	1050	581	428	8	11	1	-14	-3	9	0
g	1051	604	428	8	11	0	-14	-3	9	0
g	1052	628	428	8	11	0	-14	-3	9	0
g	1053	653	428	7	11	1	-14	-3	9	0
g	1054	676	428	9	12	0	-15	-3	9	0
g	1055	701	428	7	11	1	-14	-3	9	0
g	1056	725	428	8	11	1	-14	-3	9	0
g	1057	748	428	9	12	0	-15	-3	9	0
g	1058	772	428	9	11	0	-14	-3	9	0
g	1059	796	428	9	11	0	-14	-3	9	0
g	1060	4	456	9	12	0	-15	-3	9	0
g	1061	28	456	9	11	0	-14	-3	9	0
g	1062	53	456	8	14	1	-17	-3	9	0
g	1063	76	456	8	11	0	-14	-3	9	0
g	1064	100	456	8	11	0	-14	-3	9	0
g	1065	124	456	9	14	0	-17	-3	9	0
g	1066	147	456	10	11	-1	-14	-3	9	0
g	1067	172	456	8	11	0	-14	-3	9	0
g	1068	197	456	8	11	1	-14	-3	9	0
g	1069	220	456	9	12	0	-15	-3	9	0
g	1070	244	456	9	12	0	-15	-3	9	0
g	1071	268	456	8	11	0	-14	-3	9	0
g	1072	292	459	9	9	0	-15	-6	9	0
g	1073	316	455	8	13	0	-15	-2	9	0
g	1074	341	459	8	8	1	-14	-6	9	0
g	1075	365	459	7	8	1	-14	-6	9	0
g	1076	388	459	9	10	0	-16	-6	9	0
g	1077	412	459	8	9	0	-15	-6	9	0
g	1078	436	459	9	8	0	-14	-6	9	0
g	1079	460	459	8	9	0	-15	-6	9	0
g	1080	485	459	7	8	1	-14	-6	9	0
g	1081	509	455	7	12	1	-14	-2	9	0
g	1082	533	459	7	8	1	-14	-6	9	0
g	1083	556	459	8	8	0	-14	-6	9	0
g	1084	580	459	8	8	0	-14	-6	9	0
g	1085	605	459	7	8	1	-14	-6	9	0
g	1086	628	459	8	9	0	-15	-6	9	0
g	1087	653	459	7	8	1	-14	-6	9	0
g	1088	677	459	8	12	1	-18	-6	9	0
g	1089	700	459	9	9	0	-15	-6	9	0
g	1090	724	459	9	8	0	-14	-6	9	0
g	1091	748	459	9	12	0	-18	-6	9	0
g	1092	772	455	9	16	0	-18	-2	9	0
g	1093	796	459	9	8	0	-14	-6	9	0
g	1094	5	487	8	10	1	-16	-6	9	0
g	1095	28	487	8	8	0	-14	-6	9	0
g	1096	52	487	8	8	0	-14	-6	9	0
g	1097	76	487	9	10	0	-16	-6	9	0
g	1098	100	487	9	8	0	-14	-6	9	0
g	1099	124	487	8	8	0	-14	-6	9	0
g	1100	149	487	8	8	1	-14	-6	9	0
g	1101	172	487	8	9	0	-15	-6	9	0
g	1102	196	487	9	9	0	-15	-6	9	0
g	1103	220	487	8	8	0	-14	-6	9	0
g	1104	244	482	8	14	0	-15	-1	9	0
g	1105	268	483	8	13	0	-15	-2	9	0
g	1106	292	483	8	16	0	-18	-2	9	0
g	1107	317	482	7	13	1	-14	-1	9	0
g	1108	340	487	9	9	0	-15	-6	9	0
g	1109	365	487	7	9	1	-15	-6	9	0
g	1110	389	483	8	12	1	-14	-2	9	0
g	1111	413	483	8	12	1	-14	-2	9	0
g	1112	437	483	6	16	1	-18	-2	9	0
g	1113	460	487	9	8	0	-14	-6	9	0
g	1114	484	487	9	8	0	-14	-6	9	0
g	1115	508	483	8	12	0	-14	-2	9	0
g	1116	533	482	7	13	1	-14	-1	9	0
g	1117	557	482	7	13	1	-14	-1	9	0
g	1118	580	483	9	16	0	-18	-2	9	0
g	1119	605	487	7	10	1	-16	-6	9	0
g	1168	629	482	8	13	1	-14	-1	9	0
g	1169	653	485	7	10	1	-14	-4	9	0
g	1170	675	484	9	11	-1	-14	-3	9	0
g	1171	700	487	8	8	0	-14	-6	9	0
g	1174	724	484	9	14	0	-17	-3	9	0
g	1175	748	487	9	10	0	-16	-6	9	0
g	1178	773	484	8	14	1	-17	-3	9	0
g	1179	797	487	8	10	1	-16	-6	9	0
g	1186	5	512	8	14	1	-17	-3	9	0
g	1187	29	515	8	10	1	-16	-6	9	0
g	1198	52	512	9	11	0	-14	-3	9	0
g	1199	76	515	9	12	0	-18	-6	9	0
g	1200	100	512	9	11	0	-14	-3	9	0
g	1201	124	515	9	12	0	-18	-6	9	0
g	1202	148	512	9	14	0	-17	-3	9	0
g	1203	172	515	9	10	0	-16	-6	9	0
g	1206	196	512	9	14	0	-17	-3	9	0
g	1207	220	515	9	10	0	-16	-6	9	0
g	1210	245	512	7	11	1	-14	-3	9	0
g	1211	269	511	7	12	1	-14	-2	9	0
g	1216	293	512	7	11	1	-14	-3	9	0
g	1231	317	515	8	8	1	-14	-6	9	0
g	1240	340	512	9	12	0	-15	-3	9	0
g	1241	364	515	8	9	0	-15	-6	9	0
g	1250	389	509	7	14	1	-14	0	9	0
g	1251	413	512	7	11	1	-14	-3	9	0
g	1256	436	512	9	12	0	-15	-3	9	0
g	1257	460	515	8	9	0	-15	-6	9	0
g	1262	484	509	9	14	0	-14	0	9	0
g	1263	508	512	9	15	0	-18	-3	9	0
g	1463	532	513	15	13	0	-17	-4	9	0
g	1464	556	513	15	14	0	-18	-4	9	0
g	1465	583	511	3	2	3	-4	-2	0	0
g	1466	607	511	3	2	3	-4	-2	0	0
g	1468	628	513	14	9	0	-13	-4	9	0
g	1470	653	514	6	2	1	-7	-5	9	0
g	1472	679	511	3	12	3	-14	-2	9	0
g	1473	700	511	14	11	0	-13	-2	9	0
g	1474	724	511	14	11	0	-13	-2	9	0
g	1479	748	513	9	14	0	-18	-4	9	0
g	1488	772	514	9	9	0	-14	-5	9	0
g	1489	796	513	9	10	0	-14	-4	9	0
g	1490	5	542	6	10	1	-15	-5	9	0
g	1491	28	542	8	9	0	-14	-5	9	0
g	1492	52	541	8	10	0	-14	-4	9	0
g	1493	77	542	5	9	1	-14	-5	9	0
g	1494	101	542	6	9	1	-14	-5	9	0
g	1495	124	541	8	10	0	-14	-4	9	0
g	1496	149	542	7	10	1	-15	-5	9	0
g	1497	173	542	6	6	1	-11	-5	9	0
g	1498	196	541	8	14	0	-18	-4	9	0
g	1499	220	541	7	10	0	-14	-4	9	0
g	1500	244	539	8	13	0	-15	-2	9	0
g	1501	268	541	8	10	0	-14	-4	9	0
g	1502	292	542	8	9	0	-14	-5	9	0
g	1503	317	542	6	13	1	-18	-5	9	0
g	1504	341	542	6	9	1	-14	-5	9	0
g	1505	364	541	8	11	0	-15	-4	9	0
g	1506	388	542	8	9	0	-14	-5	9	0
g	1507	412	542	8	13	0	-18	-5	9	0
g	1508	436	542	8	9	0	-14	-5	9	0
g	1509	460	542	8	13	0	-18	-5	9	0
g	1510	484	542	8	9	0	-14	-5	9	0
g	1511	509	542	7	13	1	-18	-5	9	0
g	1512	532	541	7	10	0	-14	-4	9	0
g	1513	556	542	8	10	0	-15	-5	9	0
g	1514	580	542	8	9	0	-14	-5	9	0
g	1523	606	540	5	6	2	-9	-3	9	0
g	1524	629	540	8	6	1	-9	-3	9	0
g	1536	652	550	9	3	0	-16	-13	9	0
g	1537	676	551	9	3	0	-17	-14	9	0
g	1538	700	549	9	4	0	-16	-12	9	0
g	1539	724	549	9	4	0	-16	-12	9	0
g	1540	748	547	9	4	0	-14	-10	9	0
g	1541	772	545	9	3	0	-11	-8	9	0
g	1542	796	540	9	11	0	-14	-3	9	0
g	1543	4	568	9	11	0	-14	-3	9	0
g	1544	26	573	12	10	-2	-18	-8	9	0
g	1545	52	568	9	12	0	-15	-3	9	0
g	1547	75	568	9	15	-1	-18	-3	9	0
g	1548	103	574	3	5	3	-14	-9	9	0
g	1549	125	571	6	8	1	-14	-6	9	0
g	1550	148	574	9	5	0	-14	-9	9	0
g	1551	172	571	9	14	0	-20	-6	9	0
g	1563	199	571	3	9	3	-15	-6	9	0
g	1566	221	566	7	7	1	-8	-1	9	0
g	1567	245	568	7	12	1	-15	-3	9	0
g	1568	268	572	9	13	0	-20	-7	9	0
g	1569	294	573	6	7	2	-15	-8	9	0
g	1570	318	567	5	12	2	-14	-2	9	0
g	1571	342	566	4	13	2	-14	-1	9	0
g	1572	365	569	7	14	1	-18	-4	9	0
g	1573	390	568	4	16	2	-19	-3	9	0
g	1574	411	572	10	10	-1	-17	-7	9	0
g	1575	439	568	3	11	3	-14	-3	9	0
g	1576	460	573	9	10	0	-18	-8	9	0
g	1577	485	569	7	10	1	-14	-4	9	0
g	1578	508	571	9	8	0	-14	-6	9	0
g	1579	532	569	9	10	0	-14	-4	9	0
g	1580	556	572	9	12	0	-19	-7	9	0
g	1581	580	572	9	12	0	-19	-7	9	0
g	1582	604	569	9	15	0	-19	-4	9	0
g	1583	629	571	7	8	1	-14	-6	9	0
g	1584	653	568	7	11	1	-14	-3	9	0
g	1585	677	574	7	9	1	-18	-9	9	0
g	1586	701	571	7	12	1	-18	-6	9	0
g	1587	724	574	9	8	0	-17	-9	9	0
g	1588	748	569	9	13	0	-17	-4	9	0
g	1589	772	572	9	10	0	-17	-7	9	0
g	1590	796	569	9	13	0	-17	-4	9	0
g	1591	4	596	9	11	0	-14	-3	9	0
g	1592	28	596	9	11	0	-14	-3	9	0
g	1593	52	599	9	13	0	-19	-6	9	0
g	1594	76	596	9	16	0	-19	-3	9	0
g	1595	100	595	9	12	0	-14	-2	9	0
g	1596	124	596	9	16	0	-19	-3	9	0
g	1597	148	600	9	10	0	-17	-7	9	0
g	1598	171	600	10	10	-1	-17	-7	9	0
g	1599	195	599	10	11	-1	-17	-6	9	0
g	1600	219	605	11	2	-1	-14	-12	9	0
g	1601	244	596	9	11	0	-14	-3	9	0
g	1602	268	598	9	13	0	-18	-5	9	0
g	1603	292	596	9	11	0	-14	-3	9	0
g	1604	316	596	8	14	0	-17	-3	9	0
g	1605	340	601	8	11	0	-19	-8	9	0
g	1606	364	599	9	11	0	-17	-6	9	0
g	1607	389	600	7	7	1	-14	-7	9	0
g	1608	413	601	7	10	1	-18	-8	9	0
g	1609	436	600	9	10	0	-17	-7	9	0
g	1610	460	600	9	13	0	-20	-7	9	0
g	1611	486	594	5	4	2	-5	-1	0	0
g	1612	510	595	5	4	2	-6	-2	0	0
g	1613	534	607	5	4	2	-18	-14	0	0
g	1614	558	595	5	3	2	-5	-2	0	0
g	1615	582	595	4	4	2	-6	-2	0	0
g	1616	606	607	5	3	2	-17	-14	0	0
g	1617	630	595	5	4	2	-6	-2	0	0
g	1618	655	596	3	3	3	-6	-3	0	0
g	1619	678	596	5	3	2	-6	-3	0	0
g	1620	702	595	5	4	2	-6	-2	0	0
g	1621	726	607	4	4	2	-18	-14	0	0
g	1622	751	607	3	4	3	-18	-14	0	0
g	1624	775	596	3	3	3	-6	-3	0	0
g	1626	796	597	9	9	0	-13	-4	9	0
g	1627	4	625	9	9	0	-13	-4	9	0
g	1631	28	625	9	14	0	-18	-4	9	0
g	1632	54	629	4	4	2	-12	-8	9	0
g	1633	78	624	5	11	2	-14	-3	9	0
g	1634	101	624	7	11	1	-14	-3	9	0
g	1635	124	624	9	11	0	-14	-3	9	0
g	1636	149	624	7	11	1	-14	-3	9	0
g	1637	173	627	7	8	1	-14	-6	9	0
g	1638	196	624	8	11	0	-14	-3	9	0
g	1639	220	624	9	11	0	-14	-3	9	0
g	1640	244	624	9	11	0	-14	-3	9	0
g	1641	269	624	8	11	1	-14	-3	9	0
g	1642	292	624	8	12	0	-15	-3	9	0
g	1643	319	632	3	6	3	-17	-11	9	0
g	1644	343	632	3	6	3	-17	-11	9	0
g	1645	366	627	5	6	2	-12	-6	9	0
g	1646	388	629	9	6	0	-14	-8	9	0
g	1647	412	629	9	10	0	-18	-8	9	0
g	1648	439	627	3	4	3	-10	-6	0	0
g	1649	461	622	6	13	1	-14	-1	9	0
g	1650	485	622	6	13	1	-14	-1	9	0
g	1651	509	624	6	16	1	-19	-3	9	0
g	1652	534	623	5	4	2	-6	-2	0	0
g	1653	559	623	6	12	3	-14	-2	9	0
g	1654	581	625	8	14	1	-18	-4	9	0
g	1655	605	625	8	14	1	-18	-4	9	0
g	1656	628	625	10	13	0	-17	-4	9	0
g	1657	652	624	9	11	0	-14	-3	9	0
g	1658	676	626	9	9	0	-14	-5	9	0
g	1659	700	629	9	11	0	-19	-8	9	0
g	1660	724	627	9	10	0	-16	-6	9	0
g	1661	748	625	9	10	0	-14	-4	9	0
g	1662	772	629	9	11	0	-19	-8	9	0
g	1663	796	626	9	9	0	-14	-5	9	0
g	1664	4	657	9	11	0	-19	-8	9	0
g	1665	28	652	9	16	0	-19	-3	9	0
g	1666	52	651	9	17	0	-19	-2	9	0
g	1667	76	656	9	12	0	-19	-7	9	0
g	1668	100	656	9	12	0	-19	-7	9	0
g	1669	124	651	9	17	0	-19	-2	9	0
g	1670	148	656	9	12	0	-19	-7	9	0
g	1671	172	656	9	12	0	-19	-7	9	0
g	1672	197	650	7	13	1	-14	-1	9	0
g	1673	221	655	7	10	1	-16	-6	9	0
g	1674	245	655	7	12	1	-18	-6	9	0
g	1675	269	650	7	17	1	-18	-1	9	0
g	1676	293	652	7	11	1	-14	-3	9	0
g	1677	317	655	7	12	1	-18	-6	9	0
g	1678	341	650	7	13	1	-14	-1	9	0
g	1679	365	650	7	13	1	-14	-1	9	0
g	1680	389	651	7	12	1	-14	-2	9	0
g	1681	413	653	7	14	1	-18	-4	9	0
g	1682	437	655	7	12	1	-18	-6	9	0
g	1683	461	658	7	10	1	-19	-9	9	0
g	1684	485	658	7	11	1	-20	-9	9	0
g	1685	509	658	7	11	1	-20	-9	9	0
g	1686	533	658	7	11	1	-20	-9	9	0
g	1687	557	655	7	12	1	-18	-6	9	0
g	1688	581	653	7	14	1	-18	-4	9	0
g	1689	605	654	7	13	1	-18	-5	9	0
g	1690	628	654	9	13	0	-18	-5	9	0
g	1691	652	658	9	10	0	-19	-9	9	0
g	1692	676	653	9	15	0	-19	-4	9	0
g	1693	700	656	9	11	0	-18	-7	9	0
g	1694	724	651	9	15	0	-17	-2	9	0
g	1695	748	651	9	12	0	-14	-2	9	0
g	1696	772	651	9	17	0	-19	-2	9	0
g	1697	796	655	9	8	0	-14	-6	9	0
g	1698	4	683	9	12	0	-18	-6	9	0
g	1699	28	680	9	15	0	-18	-3	9	0
g	1700	52	679	9	12	0	-14	-2	9	0
g	1701	76	683	9	13	0	-19	-6	9	0
g	1702	100	679	9	12	0	-14	-2	9	0
g	1703	124	682	9	13	0	-18	-5	9	0
g	1704	148	680	9	15	0	-18	-3	9	0
g	1705	172	680	9	11	0	-14	-3	9	0
g	1706	196	682	9	9	0	-14	-5	9	0
g	1707	220	680	10	11	0	-14	-3	9	0
g	1708	244	680	9	11	0	-14	-3	9	0
g	1709	268	680	9	11	0	-14	-3	9	0
g	1710	292	680	9	16	0	-19	-3	9	0
g	1711	316	678	9	13	0	-14	-1	9	0
g	1712	340	678	10	13	0	-14	-1	9	0
g	1713	364	677	9	14	0	-14	0	9	0
g	1714	388	678	9	17	0	-18	-1	9	0
g	1715	412	678	9	18	0	-19	-1	9	0
g	1716	436	677	9	14	0	-14	0	9	0
g	1717	460	677	9	17	0	-17	0	9	0
g	1718	484	677	9	17	0	-17	0	9	0
g	1719	508	676	9	18	0	-17	1	9	0
g	1720	532	680	8	18	0	-21	-3	9	0
g	1721	556	683	9	14	0	-20	-6	9	0
g	1722	580	686	9	8	0	-17	-9	9	0
g	1723	604	682	9	12	0	-17	-5	9	0
g	1724	628	683	9	13	0	-19	-6	9	0
g	1725	652	682	9	12	0	-17	-5	9	0
g	1726	676	684	9	7	0	-14	-7	9	0
g	1727	700	681	9	15	0	-19	-4	9	0
g	1728	725	680	7	11	1	-14	-3	9	0
g	1729	749	684	7	7	1	-14	-7	9	0
g	1730	773	680	7	11	1	-14	-3	9	0
g	1731	797	681	7	10	1	-14	-4	9	0
g	1732	5	713	7	10	1	-18	-8	9	0
g	1733	29	713	7	10	1	-18	-8	9	0
g	1734	53	710	7	13	1	-18	-5	9	0
g	1735	77	709	7	14	1	-18	-4	9	0
g	1736	101	708	7	15	1	-18	-3	9	0
g	1737	125	710	7	13	1	-18	-5	9	0
g	1738	149	710	7	13	1	-18	-5	9	0
g	1739	173	708	7	15	1	-18	-3	9	0
g	1740	196	712	9	10	0	-17	-7	9	0
g	1741	218	712	11	10	-2	-17	-7	9	0
g	1742	244	712	9	10	0	-17	-7	9	0
g	1743	269	710	7	13	1	-18	-5	9	0
g	1744	292	712	9	14	0	-21	-7	9	0
g	1745	316	712	9	14	0	-21	-7	9	0
g	1746	340	713	9	6	0	-14	-8	9	0
g	1747	364	709	9	10	0	-14	-4	9	0
g	1748	390	717	5	2	2	-14	-12	9	0
g	1749	413	712	7	7	1	-14	-7	9	0
g	1757	436	712	9	10	0	-17	-7	9	0
g	1758	460	712	9	9	0	-16	-7	9	0
g	1762	487	708	3	4	3	-7	-3	0	0
g	1768	511	707	3	4	3	-6	-2	0	0
g	1774	533	708	7	11	1	-14	-3	9	0
g	1775	557	711	7	12	1	-18	-6	9	0
g	1776	582	713	4	4	2	-12	-8	9	0
g	1777	606	708	5	11	2	-14	-3	9	0
g	1778	629	708	7	11	1	-14	-3	9	0
g	1779	652	708	9	11	0	-14	-3	9	0
g	1780	676	708	9	11	0	-14	-3	9	0
g	1781	700	709	9	10	0	-14	-4	9	0
g	1782	725	708	8	11	1	-14	-3	9	0
g	1783	748	708	9	11	0	-14	-3	9	0
g	1784	772	708	9	11	0	-14	-3	9	0
g	1785	797	708	8	11	1	-14	-3	9	0
g	1786	4	737	9	14	0	-18	-4	9	0
g	1787	28	737	9	14	0	-18	-4	9	0
g	1788	52	736	9	16	0	-19	-3	9	0
g	1789	78	741	6	10	2	-18	-8	9	0
g	1790	100	741	8	11	0	-19	-8	9	0
g	1791	124	737	9	10	0	-14	-4	9	0
g	1872	148	741	9	9	0	-17	-8	9	0
g	1873	172	737	9	14	0	-18	-4	9	0
g	1874	196	741	9	11	0	-19	-8	9	0
g	1875	220	739	9	13	0	-19	-6	9	0
g	1876	244	739	9	12	0	-18	-6	9	0
g	1877	268	741	9	9	0	-17	-8	9	0
g	1878	292	739	9	8	0	-14	-6	9	0
g	1879	316	737	9	15	0	-19	-4	9	0
g	1880	340	740	9	12	0	-19	-7	9	0
g	1881	365	734	7	18	1	-19	-1	9	0
g	1882	389	739	7	11	1	-17	-6	9	0
g	1883	413	742	7	9	1	-18	-9	9	0
g	1884	436	737	9	13	0	-17	-4	9	0
g	1885	460	736	9	16	0	-19	-3	9	0
g	1886	484	735	9	17	0	-19	-2	9	0
g	1887	508	735	9	17	0	-19	-2	9	0
g	1888	532	739	9	12	0	-18	-6	9	0
g	1889	556	739	9	13	0	-19	-6	9	0
g	1890	580	735	9	12	0	-14	-2	9	0
g	1891	604	734	9	13	0	-14	-1	9	0
g	1892	628	736	9	16	0	-19	-3	9	0
g	1893	652	738	8	14	0	-19	-5	9	0
g	1894	676	741	8	11	0	-19	-8	9	0
g	1895	700	739	9	14	0	-20	-6	9	0
g	1896	724	736	9	14	0	-17	-3	9	0
g	1897	748	737	9	13	0	-17	-4	9	0
g	1898	772	736	10	14	0	-17	-3	9	0
g	1899	797	737	7	14	1	-18	-4	9	0
g	1900	5	766	7	13	1	-18	-5	9	0
g	1901	28	765	9	13	0	-17	-4	9	0
g	1902	52	768	9	12	0	-19	-7	9	0
g	1903	76	768	9	12	0	-19	-7	9	0
g	1904	100	763	9	15	0	-17	-2	9	0
g	1905	125	764	7	15	1	-18	-3	9	0
g	1906	148	763	9	17	0	-19	-2	9	0
g	1907	173	763	5	12	1	-14	-2	9	0
g	1908	197	763	5	12	1	-14	-2	9	0
g	1909	220	768	9	10	0	-17	-7	9	0
g	1910	244	768	9	10	0	-17	-7	9	0
g	1911	268	768	9	14	0	-21	-7	9	0
g	1912	293	765	7	14	1	-18	-4	9	0
g	1913	317	765	7	14	1	-18	-4	9	0
g	1914	340	767	9	8	0	-14	-6	9	0
g	1915	364	767	9	8	0	-14	-6	9	0
g	1916	388	768	9	12	0	-19	-7	9	0
g	1917	412	766	9	12	0	-17	-5	9	0
g	1918	436	767	9	11	0	-17	-6	9	0
g	1919	460	764	9	11	0	-14	-3	9	0
g	2208	484	769	9	10	0	-18	-8	9	0
g	2209	508	766	9	13	0	-18	-5	9	0
g	2210	532	765	9	15	0	-19	-4	9	0
g	2211	556	764	9	11	0	-14	-3	9	0
g	2212	580	763	9	16	0	-18	-2	9	0
g	2213	604	766	9	15	0	-20	-5	9	0
g	2214	628	764	10	14	0	-17	-3	9	0
g	2215	652	764	8	16	0	-19	-3	9	0
g	2216	675	768	10	13	-1	-20	-7	9	0
g	2217	700	768	9	13	0	-20	-7	9	0
g	2218	724	770	8	10	0	-19	-9	9	0
g	2219	749	769	7	10	1	-18	-8	9	0
g	2220	772	768	10	11	0	-18	-7	9	0
g	2222	797	767	7	13	1	-19	-6	9	0
g	2223	4	796	9	12	0	-19	-7	9	0
g	2224	28	792	10	11	0	-14	-3	9	0
g	2225	54	797	8	10	2	-18	-8	9	0
g	2226	77	792	7	15	1	-18	-3	9	0
g	2227	100	795	9	13	0	-19	-6	9	0
g	2228	124	792	9	15	0	-18	-3	9	0
g	2230	148	794	9	13	0	-18	-5	9	0
g	2231	172	794	9	14	0	-19	-5	9	0
g	2232	196	794	9	9	0	-14	-5	9	0
g	2234	219	795	10	14	-1	-20	-6	9	0
g	2236	244	797	9	10	0	-18	-8	9	0
g	2237	268	798	9	8	0	-17	-9	9	0
g	3647	293	790	8	16	1	-17	-1	9	0
g	7424	316	795	9	8	0	-14	-6	9	0
g	7611	342	792	5	6	2	-9	-3	9	0
g	7615	365	791	6	7	1	-9	-2	9	0
g	7716	389	792	7	14	1	-17	-3	9	0
g	7717	413	791	7	15	1	-17	-2	9	0
g	7728	437	789	8	14	1	-14	0	9	0
g	7730	461	792	8	14	1	-17	-3	9	0
g	7731	485	791	8	15	1	-17	-2	9	0
g	7732	509	792	8	14	1	-17	-3	9	0
g	7733	533	791	8	15	1	-17	-2	9	0
g	7734	557	792	8	14	1	-17	-3	9	0
g	7735	580	791	8	15	0	-17	-2	9	0
g	7738	605	792	8	14	1	-17	-3	9	0
g	7739	628	791	9	15	0	-17	-2	9	0
g	7752	653	792	7	14	1	-17	-3	9	0
g	7753	677	795	7	11	1	-17	-6	9	0
g	7760	700	787	9	17	0	-15	2	9	0
g	7761	724	788	8	16	0	-15	1	9	0
g	7762	748	787	9	17	0	-15	2	9	0
g	7763	772	788	8	16	0	-15	1	9	0
g	7770	797	792	8	14	1	-17	-3	9	0
g	7771	4	823	9	11	0	-17	-6	9	0
g	7778	28	820	8	14	0	-17	-3	9	0
g	7779	53	823	7	11	1	-17	-6	9	0
g	7790	76	820	9	14	0	-17	-3	9	0
g	7808	100	817	9	14	0	-14	0	9	0
g	7809	124	818	9	13	0	-14	-1	9	0
g	7810	148	817	9	14	0	-14	0	9	0
g	7811	172	818	9	13	0	-14	-1	9	0
g	7812	196	817	9	14	0	-14	0	9	0
g	7813	220	819	9	12	0	-14	-2	9	0
g	7838	245	820	8	12	1	-15	-3	9	0
g	7840	268	820	9	14	0	-17	-3	9	0
g	7841	292	823	9	11	0	-17	-6	9	0
g	7842	316	816	9	15	0	-14	1	9	0
g	7843	340	818	9	14	0	-15	-1	9	0
g	7844	364	815	10	16	0	-14	2	9	0
g	7845	388	816	9	16	0	-15	1	9	0
g	7846	412	815	9	16	0	-14	2	9	0
g	7847	436	816	9	16	0	-15	1	9	0
g	7848	460	815	9	16	0	-14	2	9	0
g	7849	484	816	9	16	0	-15	1	9	0
g	7850	508	814	9	17	0	-14	3	9	0
g	7851	532	815	9	17	0	-15	2	9	0
g	7852	556	817	9	17	0	-17	0	9	0
g	7853	580	818	9	16	0	-17	-1	9	0
g	7854	604	814	9	17	0	-14	3	9	0
g	7855	628	815	9	17	0	-15	2	9	0
g	7856	652	814	9	17	0	-14	3	9	0
g	7857	676	815	9	17	0	-15	2	9	0
g	7858	700	814	9	17	0	-14	3	9	0
g	7859	724	815	9	17	0	-15	2	9	0
g	7860	748	814	9	17	0	-14	3	9	0
g	7861	772	815	9	17	0	-15	2	9	0
g	7862	796	817	9	17	0	-17	0	9	0
g	7863	4	847	9	15	0	-17	-2	9	0
g	7864	29	848	8	14	1	-17	-3	9	0
g	7865	52	851	8	11	0	-17	-6	9	0
g	7866	77	844	8	15	1	-14	1	9	0
g	7867	100	846	8	14	0	-15	-1	9	0
g	7868	125	845	8	14	1	-14	0	9	0
g	7869	148	847	8	13	0	-15	-2	9	0
g	7870	173	843	9	16	1	-14	2	9	0
g	7871	196	844	10	16	0	-15	1	9	0
g	7872	221	843	8	16	1	-14	2	9	0
g	7873	244	844	8	16	0	-15	1	9	0
g	7874	269	843	8	16	1	-14	2	9	0
g	7875	292	844	9	16	0	-15	1	9	0
g	7876	317	842	8	17	1	-14	3	9	0
g	7877	340	843	8	17	0	-15	2	9	0
g	7878	365	845	8	17	1	-17	0	9	0
g	7879	388	846	8	16	0	-17	-1	9	0
g	7880	413	844	7	15	1	-14	1	9	0
g	7881	437	846	8	13	1	-14	-1	9	0
g	7882	461	848	7	14	1	-17	-3	9	0
g	7883	485	847	8	15	1	-17	-2	9	0
g	7884	508	848	9	14	0	-17	-3	9	0
g	7885	532	851	8	11	0	-17	-6	9	0
g	7886	556	844	9	16	0	-15	1	9	0
g	7887	580	846	8	14	0	-15	-1	9	0
g	7888	604	843	10	17	0	-15	2	9	0
g	7889	628	844	10	16	0	-15	1	9	0
g	7890	652	843	9	17	0	-15	2	9	0
g	7891	676	844	8	16	0	-15	1	9	0
g	7892	700	843	9	17	0	-15	2	9	0
g	7893	724	844	9	16	0	-15	1	9	0
g	7894	748	842	9	18	0	-15	3	9	0
g	7895	772	843	8	17	0	-15	2	9	0
g	7896	796	845	9	17	0	-17	0	9	0
g	7897	4	874	8	16	0	-17	-1	9	0
g	7898	28	873	10	15	0	-15	0	9	0
g	7899	52	874	9	14	0	-15	-1	9	0
g	7900	76	873	10	15	0	-15	0	9	0
g	7901	100	874	9	14	0	-15	-1	9	0
g	7902	124	872	10	16	0	-15	1	9	0
g	7903	148	874	9	14	0	-15	-1	9	0
g	7904	172	873	10	15	0	-15	0	9	0
g	7905	196	875	9	13	0	-15	-2	9	0
g	7906	220	874	10	16	0	-17	-1	9	0
g	7907	244	877	9	13	0	-17	-4	9	0
g	7908	269	876	7	14	1	-17	-3	9	0
g	7909	293	879	8	11	1	-17	-6	9	0
g	7910	317	872	7	16	1	-15	1	9	0
g	7911	341	874	8	14	1	-15	-1	9	0
g	7912	365	873	9	15	1	-15	0	9	0
g	7913	389	874	8	14	1	-15	-1	9	0
g	7914	413	873	9	15	1	-15	0	9	0
g	7915	437	874	8	14	1	-15	-1	9	0
g	7916	461	872	9	16	1	-15	1	9	0
g	7917	485	874	8	14	1	-15	-1	9	0
g	7918	509	873	9	15	1	-15	0	9	0
g	7919	533	875	8	13	1	-15	-2	9	0
g	7920	557	874	9	16	1	-17	-1	9	0
g	7921	581	877	8	13	1	-17	-4	9	0
g	7922	604	873	9	14	0	-14	0	9	0
g	7923	628	874	9	17	0	-18	-1	9	0
g	7924	652	876	9	14	0	-17	-3	9	0
g	7925	676	879	9	12	0	-18	-6	9	0
g	7926	700	872	9	15	0	-14	1	9	0
g	7927	724	874	9	17	0	-18	-1	9	0
g	7928	748	873	9	14	0	-14	0	9	0
g	7929	772	875	9	16	0	-18	-2	9	0
g	8200	796	873	0	0	0	0	0	9	0
g	8208	4	909	9	2	0	-10	-8	9	0
g	8209	28	909	9	2	0	-10	-8	9	0
g	8211	52	909	9	2	0	-10	-8	9	0
g	8212	76	909	9	2	0	-10	-8	9	0
g	8213	100	909	9	2	0	-10	-8	9	0
g	8215	124	914	9	5	0	-18	-13	9	0
g	8216	150	904	4	6	2	-9	-3	9	0
g	8217	174	904	4	7	2	-10	-3	9	0
g	8218	198	913	4	6	2	-18	-12	9	0
g	8219	222	904	4	7	2	-10	-3	9	0
g	8220	245	904	7	6	1	-9	-3	9	0
g	8221	269	904	7	7	1	-10	-3	9	0
g	8222	293	913	7	6	1	-18	-12	9	0
g	8224	317	904	7	9	1	-12	-3	9	0
g	8225	341	904	7	9	1	-12	-3	9	0
g	8226	366	907	5	5	2	-11	-6	9	0
g	8228	391	912	3	4	3	-15	-11	9	0
g	8230	412	912	9	4	0	-15	-11	9	0
g	8232	436	901	0	0	0	0	0	9	0
g	8240	460	904	9	12	0	-15	-3	9	0
g	8242	487	904	3	6	3	-9	-3	9	0
g	8243	509	904	7	6	1	-9	-3	9	0
g	8249	534	907	5	8	2	-14	-6	9	0
g	8250	558	907	5	8	2	-14	-6	9	0
g	8252	581	904	7	12	1	-15	-3	9	0
g	8254	604	902	9	2	0	-3	-1	9	0
g	8260	628	906	9	7	0	-12	-5	9	0
g	8304	654	904	5	6	2	-9	-3	9	0
g	8308	678	904	5	6	2	-9	-3	9	0
g	8309	702	904	5	6	2	-9	-3	9	0
g	8310	726	904	5	6	2	-9	-3	9	0
g	8311	750	904	5	6	2	-9	-3	9	0
g	8312	774	904	5	6	2	-9	-3	9	0
g	8313	798	904	5	6	2	-9	-3	9	0
g	8319	6	932	5	6	2	-9	-3	9	0
g	8320	30	938	5	6	2	-15	-9	9	0
g	8321	54	938	5	5	2	-14	-9	9	0
g	8322	78	938	5	5	2	-14	-9	9	0
g	8323	102	938	5	6	2	-15	-9	9	0
g	8324	126	938	5	5	2	-14	-9	9	0
g	8325	150	938	5	6	2	-15	-9	9	0
g	8326	174	938	5	6	2	-15	-9	9	0
g	8327	198	938	5	5	2	-14	-9	9	0
g	8328	222	938	5	6	2	-15	-9	9	0
g	8329	246	938	5	6	2	-15	-9	9	0
g	8352	268	932	8	11	0	-14	-3	9	0
g	8353	292	930	9	16	0	-17	-1	9	0
g	8355	316	932	9	11	0	-14	-3	9	0
g	8356	340	932	9	11	0	-14	-3	9	0
g	8358	364	932	9	11	0	-14	-3	9	0
g	8359	388	932	9	11	0	-14	-3	9	0
g	8360	412	932	9	12	0	-15	-3	9	0
g	8361	436	932	9	11	0	-14	-3	9	0
g	8362	460	933	9	11	0	-15	-4	9	0
g	8363	484	931	9	15	0	-17	-2	9	0
g	8364	508	932	9	12	0	-15	-3	9	0
g	8365	532	932	9	11	0	-14	-3	9	0
g	8366	556	932	9	11	0	-14	-3	9	0
g	8369	580	932	9	11	0	-14	-3	9	0
g	8370	604	930	9	16	0	-17	-1	9	0
g	8372	628	932	9	12	0	-15	-3	9	0
g	8373	652	930	9	16	0	-17	-1	9	0
g	8376	676	932	9	11	0	-14	-3	9	0
g	8377	700	932	8	11	0	-14	-3	9	0
g	8378	724	932	9	12	0	-15	-3	9	0
g	8380	748	932	9	11	0	-14	-3	9	0
g	8381	772	932	9	11	0	-14	-3	9	0
g	8382	796	931	9	12	0	-14	-2	9	0
g	8383	5	958	8	16	1	-17	-1	9	0
g	8453	28	960	9	12	0	-15	-3	9	0
g	8467	52	960	8	11	0	-14	-3	9	0
g	8470	76	960	9	11	0	-14	-3	9	0
g	8471	100	960	9	11	0	-14	-3	9	0
g	8478	124	960	10	13	0	-16	-3	9	0
g	8482	148	960	9	6	0	-9	-3	9	0
g	8486	172	960	9	11	0	-14	-3	9	0
g	8494	196	963	9	9	0	-15	-6	9	0
g	8539	220	960	9	12	0	-15	-3	9	0
g	8540	244	960	9	12	0	-15	-3	9	0
g	8541	268	960	9	12	0	-15	-3	9	0
g	8542	292	960	9	12	0	-15	-3	9	0
g	8592	316	961	9	9	0	-13	-4	9	0
g	8593	340	960	9	11	0	-14	-3	9	0
g	8594	364	961	9	9	0	-13	-4	9	0
g	8595	388	960	9	12	0	-15	-3	9	0
g	8596	412	962	9	7	0	-12	-5	9	0
g	8597	436	960	9	12	0	-15	-3	9	0
g	8616	460	960	9	13	0	-16	-3	9	0
g	8626	484	962	9	9	0	-14	-5	9	0
g	8673	508	960	9	11	0	-14	-3	9	0
g	8675	532	960	9	12	0	-15	-3	9	0
g	8706	556	960	9	12	0	-15	-3	9	0
g	8710	580	960	9	11	0	-14	-3	9	0
g	8719	604	960	9	13	0	-16	-3	9	0
g	8721	629	960	7	13	1	-16	-3	9	0
g	8722	652	965	9	2	0	-10	-8	9	0
g	8725	676	959	9	14	0	-16	-2	9	0
g	8729	702	963	5	5	2	-11	-6	9	0
g	8730	724	960	9	13	0	-16	-3	9	0
g	8734	748	963	9	6	0	-12	-6	9	0
g	8735	772	963	9	8	0	-14	-6	9	0
g	8745	796	963	8	8	0	-14	-6	9	0
g	8747	5	988	8	15	1	-18	-3	9	0
g	8758	31	989	3	9	3	-13	-4	9	0
g	8776	52	989	9	9	0	-13	-4	9	0
g	8800	76	988	9	11	0	-14	-3	9	0
g	8801	100	990	9	8	0	-13	-5	9	0
g	8802	124	988	9	11	0	-14	-3	9	0
g	8803	148	989	9	9	0	-13	-4	9	0
g	8804	172	990	8	9	0	-14	-5	9	0
g	8805	196	990	8	9	0	-14	-5	9	0
g	8962	220	990	9	9	0	-14	-5	9	0
g	8976	244	992	9	5	0	-12	-7	9	0
g	8992	271	988	6	17	3	-20	-3	9	0
g	8993	293	982	5	21	1	-18	3	9	0
g	9135	315	992	11	3	-1	-10	-7	9	0
g	9166	340	990	9	10	0	-15	-5	9	0
g	9216	364	988	9	11	0	-14	-3	9	0
g	9217	388	988	9	11	0	-14	-3	9	0
g	9218	412	988	9	11	0	-14	-3	9	0
g	9219	436	988	9	11	0	-14	-3	9	0
g	9220	460	988	9	11	0	-14	-3	9	0
g	9221	484	988	9	13	0	-16	-3	9	0
g	9222	508	988	9	11	0	-14	-3	9	0
g	9223	532	988	9	11	0	-14	-3	9	0
g	9224	556	988	9	11	0	-14	-3	9	0
g	9225	580	988	9	11	0	-14	-3	9	0
g	9226	604	988	9	11	0	-14	-3	9	0
g	9227	628	988	9	11	0	-14	-3	9	0
g	9228	652	988	9	11	0	-14	-3	9	0
g	9229	676	988	9	11	0	-14	-3	9	0
g	9230	700	988	9	11	0	-14	-3	9	0
g	9231	724	988	8	11	0	-14	-3	9	0
g	9232	748	988	9	11	0	-14	-3	9	0
g	9233	772	988	9	11	0	-14	-3	9	0
g	9234	796	988	9	11	0	-14	-3	9	0
g	9235	4	1016	9	11	0	-14	-3	9	0
g	9236	28	1016	9	11	0	-14	-3	9	0
g	9237	52	1016	9	11	0	-14	-3	9	0
g	9238	76	1016	9	11	0	-14	-3	9	0
g	9239	100	1016	9	11	0	-14	-3	9	0
g	9240	124	1016	9	11	0	-14	-3	9	0
g	9241	148	1016	9	11	0	-14	-3	9	0
g	9242	172	1016	9	11	0	-14	-3	9	0
g	9243	196	1016	9	11	0	-14	-3	9	0
g	9244	220	1016	9	11	0	-14	-3	9	0
g	9245	244	1016	9	11	0	-14	-3	9	0
g	9246	268	1016	9	11	0	-14	-3	9	0
g	9247	292	1016	9	11	0	-14	-3	9	0
g	9248	316	1016	9	11	0	-14	-3	9	0
g	9249	340	1016	9	11	0	-14	-3	9	0
g	9250	364	1015	9	13	0	-15	-2	9	0
g	9251	388	1027	9	3	0	-17	-14	9	0
g	9252	412	1016	9	11	0	-14	-3	9	0
g	9253	436	1016	9	11	0	-14	-3	9	0
g	9254	461	1016	7	12	1	-15	-3	9	0
g	9255	485	1017	7	9	1	-13	-4	9	0
g	9256	509	1016	7	11	1	-14	-3	9	0
g	9257	532	1013	9	18	0	-18	0	9	0
g	9472	555	1020	11	3	-1	-10	-7	9	0
g	9473	579	1020	11	4	-1	-11	-7	9	0
g	9474	607	1012	3	19	3	-18	1	9	0
g	9475	630	1012	4	19	2	-18	1	9	0
g	9476	652	1020	9	3	0	-10	-7	9	0
g	9477	676	1020	9	4	0	-11	-7	9	0
g	9478	703	1014	3	15	3	-16	-1	9	0
g	9479	726	1014	4	15	2	-16	-1	9	0
g	9480	748	1020	9	3	0	-10	-7	9	0
g	9481	772	1020	9	4	0	-11	-7	9	0
g	9482	799	1014	3	16	3	-17	-1	9	0
g	9483	6	1042	4	16	2	-17	-1	9	0
g	9484	31	1048	7	11	3	-18	-7	9	0
g	9485	55	1048	7	11	3	-18	-7	9	0
g	9486	78	1048	8	11	2	-18	-7	9	0
g	9487	102	1048	8	11	2	-18	-7	9	0
g	9488	123	1048	7	11	-1	-18	-7	9	0
g	9489	147	1048	7	11	-1	-18	-7	9	0
g	9490	171	1048	7	11	-1	-18	-7	9	0
g	9491	195	1048	7	11	-1	-18	-7	9	0
g	9492	223	1040	7	11	3	-10	1	9	0
g	9493	247	1040	7	12	3	-11	1	9	0
g	9494	270	1040	8	11	2	-10	1	9	0
g	9495	294	1040	8	12	2	-11	1	9	0
g	9496	315	1040	7	11	-1	-10	1	9	0
g	9497	339	1040	7	12	-1	-11	1	9	0
g	9498	363	1040	7	11	-1	-10	1	9	0
g	9499	387	1040	7	12	-1	-11	1	9	0
g	9500	415	1040	7	19	3	-18	1	9	0
g	9501	439	1040	7	19	3	-18	1	9	0
g	9502	462	1040	8	19	2	-18	1	9	0
g	9503	486	1040	8	19	2	-18	1	9	0
g	9504	510	1040	8	19	2	-18	1	9	0
g	9505	534	1040	8	19	2	-18	1	9	0
g	9506	558	1040	8	19	2	-18	1	9	0
g	9507	582	1040	8	19	2	-18	1	9	0
g	9508	603	1040	7	19	-1	-18	1	9	0
g	9509	627	1040	7	19	-1	-18	1	9	0
g	9510	651	1040	7	19	-1	-18	1	9	0
g	9511	675	1040	7	19	-1	-18	1	9	0
g	9512	699	1040	7	19	-1	-18	1	9	0
g	9513	723	1040	7	19	-1	-18	1	9	0
g	9514	747	1040	7	19	-1	-18	1	9	0
g	9515	771	1040	7	19	-1	-18	1	9	0
g	9516	795	1048	11	11	-1	-18	-7	9	0
g	9517	3	1076	11	11	-1	-18	-7	9	0
g	9518	27	1076	11	11	-1	-18	-7	9	0
g	9519	51	1076	11	11	-1	-18	-7	9	0
g	9520	75	1076	11	11	-1	-18	-7	9	0
g	9521	99	1076	11	11	-1	-18	-7	9	0
g	9522	123	1076	11	11	-1	-18	-7	9	0
g	9523	147	1076	11	11	-1	-18	-7	9	0
g	9524	171	1068	11	11	-1	-10	1	9	0
g	9525	195	1068	11	12	-1	-11	1	9	0
g	9526	219	1068	11	12	-1	-11	1	9	0
g	9527	243	1068	11	12	-1	-11	1	9	0
g	9528	267	1068	11	11	-1	-10	1	9	0
g	9529	291	1068	11	12	-1	-11	1	9	0
g	9530	315	1068	11	12	-1	-11	1	9	0
g	9531	339	1068	11	12	-1	-11	1	9	0
g	9532	363	1068	11	19	-1	-18	1	9	0
g	9533	387	1068	11	19	-1	-18	1	9	0
g	9534	411	1068	11	19	-1	-18	1	9	0
g	9535	435	1068	11	19	-1	-18	1	9	0
g	9536	459	1068	11	19	-1	-18	1	9	0
g	9537	483	1068	11	19	-1	-18	1	9	0
g	9538	507	1068	11	19	-1	-18	1	9	0
g	9539	531	1068	11	19	-1	-18	1	9	0
g	9540	555	1068	11	19	-1	-18	1	9	0
g	9541	579	1068	11	19	-1	-18	1	9	0
g	9542	603	1068	11	19	-1	-18	1	9	0
g	9543	627	1068	11	19	-1	-18	1	9	0
g	9544	651	1068	11	19	-1	-18	1	9	0
g	9545	675	1068	11	19	-1	-18	1	9	0
g	9546	699	1068	11	19	-1	-18	1	9	0
g	9547	723	1068	11	19	-1	-18	1	9	0
g	9548	749	1076	7	3	1	-10	-7	9	0
g	9549	773	1076	7	4	1	-11	-7	9	0
g	9550	799	1071	3	13	3	-15	-2	9	0
g	9551	6	1099	4	13	2	-15	-2	9	0
g	9552	27	1103	11	6	-1	-12	-6	9	0
g	9553	54	1096	5	19	2	-18	1	9	0
g	9554	79	1103	7	12	3	-18	-6	9	0
g	9555	102	1104	8	11	2	-18	-7	9	0
g	9556	126	1103	8	12	2	-18	-6	9	0
g	9557	147	1103	7	12	-1	-18	-6	9	0
g	9558	171	1104	8	11	-1	-18	-7	9	0
g	9559	195	1103	8	12	-1	-18	-6	9	0
g	9560	223	1096	7	13	3	-12	1	9	0
g	9561	246	1096	8	11	2	-10	1	9	0
g	9562	270	1096	8	13	2	-12	1	9	0
g	9563	291	1096	7	13	-1	-12	1	9	0
g	9564	315	1096	8	11	-1	-10	1	9	0
g	9565	339	1096	8	13	-1	-12	1	9	0
g	9566	367	1096	7	19	3	-18	1	9	0
g	9567	390	1096	8	19	2	-18	1	9	0
g	9568	414	1096	8	19	2	-18	1	9	0
g	9569	435	1096	7	19	-1	-18	1	9	0
g	9570	459	1096	8	19	-1	-18	1	9	0
g	9571	483	1096	8	19	-1	-18	1	9	0
g	9572	507	1103	11	12	-1	-18	-6	9	0
g	9573	531	1104	11	11	-1	-18	-7	9	0
g	9574	555	1103	11	12	-1	-18	-6	9	0
g	9575	579	1096	11	13	-1	-12	1	9	0
g	9576	603	1096	11	11	-1	-10	1	9	0
g	9577	627	1096	11	13	-1	-12	1	9	0
g	9578	651	1096	11	19	-1	-18	1	9	0
g	9579	675	1096	11	19	-1	-18	1	9	0
g	9580	699	1096	11	19	-1	-18	1	9	0
g	9581	727	1104	7	11	3	-18	-7	9	0
g	9582	747	1104	7	11	-1	-18	-7	9	0
g	9583	771	1096	7	11	-1	-10	1	9	0
g	9584	799	1096	7	11	3	-10	1	9	0
g	9585	4	1125	9	17	0	-17	0	9	0
g	9586	28	1125	9	17	0	-17	0	9	0
g	9587	52	1125	9	17	0	-17	0	9	0
g	9588	75	1132	7	3	-1	-10	-7	9	0
g	9589	103	1124	3	11	3	-10	1	9	0
g	9590	127	1132	7	3	3	-10	-7	9	0
g	9591	151	1132	3	11	3	-18	-7	9	0
g	9592	171	1132	7	4	-1	-11	-7	9	0
g	9593	198	1124	4	11	2	-10	1	9	0
g	9594	223	1132	7	4	3	-11	-7	9	0
g	9595	246	1132	4	11	2	-18	-7	9	0
g	9596	267	1132	11	4	-1	-11	-7	9	0
g	9597	294	1124	4	19	2	-18	1	9	0
g	9598	315	1132	11	4	-1	-11	-7	9	0
g	9599	342	1124	4	19	2	-18	1	9	0
g	9600	364	1125	9	9	0	-9	0	9	0
g	9601	388	1140	9	3	0	-18	-15	9	0
g	9602	412	1138	9	5	0	-18	-13	9	0
g	9603	436	1135	9	8	0	-18	-10	9	0
g	9604	460	1133	9	10	0	-18	-8	9	0
g	9605	484	1131	9	12	0	-18	-6	9	0
g	9606	508	1129	9	14	0	-18	-4	9	0
g	9607	532	1127	9	16	0	-18	-2	9	0
g	9608	556	1125	9	18	0	-18	0	9	0
g	9609	580	1125	8	18	0	-18	0	9	0
g	9610	604	1125	7	18	0	-18	0	9	0
g	9611	628	1125	6	18	0	-18	0	9	0
g	9612	652	1125	5	18	0	-18	0	9	0
g	9613	676	1125	4	18	0	-18	0	9	0
g	9614	700	1125	3	18	0	-18	0	9	0
g	9615	724	1125	2	18	0	-18	0	9	0
g	9616	752	1125	5	18	4	-18	0	9	0
g	9617	772	1125	9	18	0	-18	0	9	0
g	9618	796	1125	9	18	0	-18	0	9	0
g	9619	4	1153	9	18	0	-18	0	9	0
g	9620	28	1153	9	3	0	-3	0	9	0
g	9621	59	1153	2	18	7	-18	0	9	0
g	9622	76	1161	5	10	0	-18	-8	9	0
g	9623	104	1161	5	10	4	-18	-8	9	0
g	9624	124	1153	5	9	0	-9	0	9	0
g	9625	148	1153	9	18	0	-18	0	9	0
g	9626	172	1153	9	18	0	-18	0	9	0
g	9627	196	1153	9	18	0	-18	0	9	0
g	9628	220	1153	9	18	0	-18	0	9	0
g	9629	248	1153	5	9	4	-9	0	9	0
g	9630	268	1153	9	18	0	-18	0	9	0
g	9631	292	1153	9	18	0	-18	0	9	0
g	9632	316	1157	9	9	0	-13	-4	9	0
g	9633	340	1157	9	9	0	-13	-4	9	0
g	9634	364	1157	9	9	0	-13	-4	9	0
g	9635	388	1157	9	9	0	-13	-4	9	0
g	9636	412	1157	9	9	0	-13	-4	9	0
g	9637	436	1157	9	9	0	-13	-4	9	0
g	9638	460	1157	9	9	0	-13	-4	9	0
g	9639	484	1157	9	9	0	-13	-4	9	0
g	9640	508	1157	9	9	0	-13	-4	9	0
g	9641	532	1157	9	9	0	-13	-4	9	0
g	9642	558	1159	5	5	2	-11	-6	9	0
g	9643	582	1159	5	5	2	-11	-6	9	0
g	9644	604	1159	9	5	0	-11	-6	9	0
g	9645	628	1159	9	5	0	-11	-6	9	0
g	9646	654	1157	5	10	2	-14	-4	9	0
g	9647	678	1157	5	10	2	-14	-4	9	0
g	9648	700	1159	9	5	0	-11	-6	9	0
g	9649	724	1159	9	5	0	-11	-6	9	0
g	9650	748	1157	9	9	0	-13	-4	9	0
g	9651	772	1157	9	9	0	-13	-4	9	0
g	9652	796	1158	8	7	0	-12	-5	9	0
g	9653	4	1186	8	7	0	-12	-5	9	0
g	9654	28	1185	9	10	0	-14	-4	9	0
g	9655	52	1185	9	10	0	-14	-4	9	0
g	9656	77	1186	7	8	1	-13	-5	9	0
g	9657	101	1186	7	8	1	-13	-5	9	0
g	9658	124	1187	9	6	0	-12	-6	9	0
g	9659	148	1187	9	6	0	-12	-6	9	0
g	9660	172	1186	9	8	0	-13	-5	9	0
g	9661	196	1186	9	8	0	-13	-5	9	0
g	9662	220	1186	8	7	0	-12	-5	9	0
g	9663	244	1186	8	7	0	-12	-5	9	0
g	9664	268	1185	8	10	0	-14	-4	9	0
g	9665	292	1185	8	10	0	-14	-4	9	0
g	9666	317	1186	7	8	1	-13	-5	9	0
g	9667	341	1186	7	8	1	-13	-5	9	0
g	9668	364	1187	8	6	0	-12	-6	9	0
g	9669	388	1187	8	6	0	-12	-6	9	0
g	9670	412	1185	9	10	0	-14	-4	9	0
g	9671	436	1185	9	10	0	-14	-4	9	0
g	9672	460	1185	9	10	0	-14	-4	9	0
g	9673	484	1185	9	9	0	-13	-4	9	0
g	9674	508	1184	9	11	0	-14	-3	9	0
g	9675	532	1185	9	9	0	-13	-4	9	0
g	9676	556	1185	9	9	0	-13	-4	9	0
g	9677	580	1185	9	9	0	-13	-4	9	0
g	9678	604	1185	9	10	0	-14	-4	9	0
g	9679	628	1185	9	9	0	-13	-4	9	0
g	9680	652	1185	9	9	0	-13	-4	9	0
g	9681	676	1185	9	9	0	-13	-4	9	0
g	9682	700	1185	9	9	0	-13	-4	9	0
g	9683	724	1185	9	9	0	-13	-4	9	0
g	9684	748	1185	9	9	0	-13	-4	9	0
g	9685	772	1185	9	9	0	-13	-4	9	0
g	9686	796	1185	5	9	0	-13	-4	9	0
g	9687	8	1213	5	9	4	-13	-4	9	0
g	9688	28	1213	9	9	0	-13	-4	9	0
g	9689	52	1213	9	10	0	-14	-4	9	0
g	9690	76	1213	9	5	0	-9	-4	9	0
g	9691	100	1217	9	6	0	-14	-8	9	0
g	9692	124	1213	5	5	0	-9	-4	9	0
g	9693	152	1213	5	5	4	-9	-4	9	0
g	9694	176	1217	5	5	4	-13	-8	9	0
g	9695	196	1217	5	5	0	-13	-8	9	0
g	9696	220	1213	9	5	0	-9	-4	9	0
g	9697	244	1217	9	5	0	-13	-8	9	0
g	9698	268	1213	9	9	0	-13	-4	9	0
g	9699	292	1213	9	9	0	-13	-4	9	0
g	9700	316	1213	9	9	0	-13	-4	9	0
g	9701	340	1213	9	9	0	-13	-4	9	0
g	9702	366	1215	5	5	2	-11	-6	9	0
g	9703	388	1213	9	9	0	-13	-4	9	0
g	9704	412	1213	9	9	0	-13	-4	9	0
g	9705	436	1213	9	9	0	-13	-4	9	0
g	9706	460	1213	9	9	0	-13	-4	9	0
g	9707	484	1213	9	9	0	-13	-4	9	0
g	9708	508	1213	9	9	0	-13	-4	9	0
g	9709	532	1213	9	9	0	-13	-4	9	0
g	9710	556	1213	9	9	0	-13	-4	9	0
g	9711	580	1213	9	10	0	-14	-4	9	0
g	9712	604	1213	9	9	0	-13	-4	9	0
g	9713	628	1213	9	9	0	-13	-4	9	0
g	9714	652	1213	9	9	0	-13	-4	9	0
g	9715	676	1213	9	9	0	-13	-4	9	0
g	9716	700	1213	9	9	0	-13	-4	9	0
g	9717	724	1213	9	9	0	-13	-4	9	0
g	9718	748	1213	9	9	0	-13	-4	9	0
g	9719	772	1213	9	9	0	-13	-4	9	0
g	9720	796	1213	9	9	0	-13	-4	9	0
g	9721	4	1241	9	9	0	-13	-4	9	0
g	9722	28	1241	9	9	0	-13	-4	9	0
g	9723	53	1242	7	8	1	-13	-5	9	0
g	9724	77	1242	7	8	1	-13	-5	9	0
g	9725	101	1242	7	7	1	-12	-5	9	0
g	9726	125	1242	7	7	1	-12	-5	9	0
g	9727	148	1241	9	9	0	-13	-4	9	0
g	9753	172	1241	9	10	0	-14	-4	9	0
g	9786	196	1241	9	10	0	-14	-4	9	0
g	9787	220	1241	9	10	0	-14	-4	9	0
g	9788	244	1241	9	9	0	-13	-4	9	0
g	9792	268	1240	8	11	0	-14	-3	9	0
g	9794	292	1240	9	12	0	-15	-3	9	0
g	9824	316	1241	9	10	0	-14	-4	9	0
g	9827	340	1241	9	10	0	-14	-4	9	0
g	9829	364	1241	9	10	0	-14	-4	9	0
g	9830	388	1241	8	10	0	-14	-4	9	0
g	9834	413	1240	8	12	1	-15	-3	9	0
g	9835	436	1240	9	12	0	-15	-3	9	0
g	10003	460	1240	9	11	0	-14	-3	9	0
g	10087	484	1241	9	10	0	-14	-4	9	0
g	10092	509	1240	7	11	1	-14	-3	9	0
g	10093	533	1240	7	11	1	-14	-3	9	0
g	10094	557	1240	7	11	1	-14	-3	9	0
g	10095	581	1240	7	11	1	-14	-3	9	0
g	10096	606	1240	5	11	2	-14	-3	9	0
g	10097	630	1240	5	11	2	-14	-3	9	0
g	10241	653	1240	3	3	1	-6	-3	9	0
g	10242	677	1243	3	3	1	-9	-6	9	0
g	10243	701	1240	3	6	1	-9	-3	9	0
g	10244	725	1246	3	3	1	-12	-9	9	0
g	10245	749	1240	3	9	1	-12	-3	9	0
g	10246	773	1243	3	6	1	-12	-6	9	0
g	10247	797	1240	3	9	1	-12	-3	9	0
g	10248	9	1268	3	3	5	-6	-3	9	0
g	10249	29	1268	7	3	1	-6	-3	9	0
g	10250	53	1268	7	6	1	-9	-3	9	0
g	10251	77	1268	7	6	1	-9	-3	9	0
g	10252	101	1268	7	9	1	-12	-3	9	0
g	10253	125	1268	7	9	1	-12	-3	9	0
g	10254	149	1268	7	9	1	-12	-3	9	0
g	10255	173	1268	7	9	1	-12	-3	9	0
g	10256	201	1271	3	3	5	-9	-6	9	0
g	10257	221	1268	7	6	1	-9	-3	9	0
g	10258	245	1271	7	3	1	-9	-6	9	0
g	10259	269	1268	7	6	1	-9	-3	9	0
g	10260	293	1271	7	6	1	-12	-6	9	0
g	10261	317	1268	7	9	1	-12	-3	9	0
g	10262	341	1271	7	6	1	-12	-6	9	0
g	10263	365	1268	7	9	1	-12	-3	9	0
g	10264	393	1268	3	6	5	-9	-3	9	0
g	10265	413	1268	7	6	1	-9	-3	9	0
g	10266	437	1268	7	6	1	-9	-3	9	0
g	10267	461	1268	7	6	1	-9	-3	9	0
g	10268	485	1268	7	9	1	-12	-3	9	0
g	10269	509	1268	7	9	1	-12	-3	9	0
g	10270	533	1268	7	9	1	-12	-3	9	0
g	10271	557	1268	7	9	1	-12	-3	9	0
g	10272	585	1274	3	3	5	-12	-9	9	0
g	10273	605	1268	7	9	1	-12	-3	9	0
g	10274	629	1271	7	6	1	-12	-6	9	0
g	10275	653	1268	7	9	1	-12	-3	9	0
g	10276	677	1274	7	3	1	-12	-9	9	0
g	10277	701	1268	7	9	1	-12	-3	9	0
g	10278	725	1271	7	6	1	-12	-6	9	0
g	10279	749	1268	7	9	1	-12	-3	9	0
g	10280	777	1268	3	9	5	-12	-3	9	0
g	10281	797	1268	7	9	1	-12	-3	9	0
g	10282	5	1296	7	9	1	-12	-3	9	0
g	10283	29	1296	7	9	1	-12	-3	9	0
g	10284	53	1296	7	9	1	-12	-3	9	0
g	10285	77	1296	7	9	1	-12	-3	9	0
g	10286	101	1296	7	9	1	-12	-3	9	0
g	10287	125	1296	7	9	1	-12	-3	9	0
g	10288	153	1299	3	6	5	-12	-6	9	0
g	10289	173	1296	7	9	1	-12	-3	9	0
g	10290	197	1299	7	6	1	-12	-6	9	0
g	10291	221	1296	7	9	1	-12	-3	9	0
g	10292	245	1299	7	6	1	-12	-6	9	0
g	10293	269	1296	7	9	1	-12	-3	9	0
g	10294	293	1299	7	6	1	-12	-6	9	0
g	10295	317	1296	7	9	1	-12	-3	9	0
g	10296	345	1296	3	9	5	-12	-3	9	0
g	10297	365	1296	7	9	1	-12	-3	9	0
g	10298	389	1296	7	9	1	-12	-3	9	0
g	10299	413	1296	7	9	1	-12	-3	9	0
g	10300	437	1296	7	9	1	-12	-3	9	0
g	10301	461	1296	7	9	1	-12	-3	9	0
g	10302	485	1296	7	9	1	-12	-3	9	0
g	10303	509	1296	7	9	1	-12	-3	9	0
g	10304	533	1305	3	4	1	-16	-12	9	0
g	10305	557	1296	3	13	1	-16	-3	9	0
g	10306	581	1299	3	10	1	-16	-6	9	0
g	10307	605	1296	3	13	1	-16	-3	9	0
g	10308	629	1302	3	7	1	-16	-9	9	0
g	10309	653	1296	3	13	1	-16	-3	9	0
g	10310	677	1299	3	10	1	-16	-6	9	0
g	10311	701	1296	3	13	1	-16	-3	9	0
g	10312	725	1296	7	13	1	-16	-3	9	0
g	10313	749	1296	7	13	1	-16	-3	9	0
g	10314	773	1296	7	13	1	-16	-3	9	0
g	10315	797	1296	7	13	1	-16	-3	9	0
g	10316	5	1324	7	13	1	-16	-3	9	0
g	10317	29	1324	7	13	1	-16	-3	9	0
g	10318	53	1324	7	13	1	-16	-3	9	0
g	10319	77	1324	7	13	1	-16	-3	9	0
g	10320	101	1327	7	10	1	-16	-6	9	0
g	10321	125	1324	7	13	1	-16	-3	9	0
g	10322	149	1327	7	10	1	-16	-6	9	0
g	10323	173	1324	7	13	1	-16	-3	9	0
g	10324	197	1327	7	10	1	-16	-6	9	0
g	10325	221	1324	7	13	1	-16	-3	9	0
g	10326	245	1327	7	10	1	-16	-6	9	0
g	10327	269	1324	7	13	1	-16	-3	9	0
g	10328	293	1324	7	13	1	-16	-3	9	0
g	10329	317	1324	7	13	1	-16	-3	9	0
g	10330	341	1324	7	13	1	-16	-3	9	0
g	10331	365	1324	7	13	1	-16	-3	9	0
g	10332	389	1324	7	13	1	-16	-3	9	0
g	10333	413	1324	7	13	1	-16	-3	9	0
g	10334	437	1324	7	13	1	-16	-3	9	0
g	10335	461	1324	7	13	1	-16	-3	9	0
g	10336	485	1330	7	7	1	-16	-9	9	0
g	10337	509	1324	7	13	1	-16	-3	9	0
g	10338	533	1327	7	10	1	-16	-6	9	0
g	10339	557	1324	7	13	1	-16	-3	9	0
g	10340	581	1330	7	7	1	-16	-9	9	0
g	10341	605	1324	7	13	1	-16	-3	9	0
g	10342	629	1327	7	10	1	-16	-6	9	0
g	10343	653	1324	7	13	1	-16	-3	9	0
g	10344	677	1324	7	13	1	-16	-3	9	0
g	10345	701	1324	7	13	1	-16	-3	9	0
g	10346	725	1324	7	13	1	-16	-3	9	0
g	10347	749	1324	7	13	1	-16	-3	9	0
g	10348	773	1324	7	13	1	-16	-3	9	0
g	10349	797	1324	7	13	1	-16	-3	9	0
g	10350	5	1352	7	13	1	-16	-3	9	0
g	10351	29	1352	7	13	1	-16	-3	9	0
g	10352	53	1355	7	10	1	-16	-6	9	0
g	10353	77	1352	7	13	1	-16	-3	9	0
g	10354	101	1355	7	10	1	-16	-6	9	0
g	10355	125	1352	7	13	1	-16	-3	9	0
g	10356	149	1355	7	10	1	-16	-6	9	0
g	10357	173	1352	7	13	1	-16	-3	9	0
g	10358	197	1355	7	10	1	-16	-6	9	0
g	10359	221	1352	7	13	1	-16	-3	9	0
g	10360	245	1352	7	13	1	-16	-3	9	0
g	10361	269	1352	7	13	1	-16	-3	9	0
g	10362	293	1352	7	13	1	-16	-3	9	0
g	10363	317	1352	7	13	1	-16	-3	9	0
g	10364	341	1352	7	13	1	-16	-3	9	0
g	10365	365	1352	7	13	1	-16	-3	9	0
g	10366	389	1352	7	13	1	-16	-3	9	0
g	10367	413	1352	7	13	1	-16	-3	9	0
g	10368	441	1361	3	4	5	-16	-12	9	0
g	10369	461	1352	7	13	1	-16	-3	9	0
g	10370	485	1355	7	10	1	-16	-6	9	0
g	10371	509	1352	7	13	1	-16	-3	9	0
g	10372	533	1358	7	7	1	-16	-9	9	0
g	10373	557	1352	7	13	1	-16	-3	9	0
g	10374	581	1355	7	10	1	-16	-6	9	0
g	10375	605	1352	7	13	1	-16	-3	9	0
g	10376	633	1352	3	13	5	-16	-3	9	0
g	10377	653	1352	7	13	1	-16	-3	9	0
g	10378	677	1352	7	13	1	-16	-3	9	0
g	10379	701	1352	7	13	1	-16	-3	9	0
g	10380	725	1352	7	13	1	-16	-3	9	0
g	10381	749	1352	7	13	1	-16	-3	9	0
g	10382	773	1352	7	13	1	-16	-3	9	0
g	10383	797	1352	7	13	1	-16	-3	9	0
g	10384	9	1383	3	10	5	-16	-6	9	0
g	10385	29	1380	7	13	1	-16	-3	9	0
g	10386	53	1383	7	10	1	-16	-6	9	0
g	10387	77	1380	7	13	1	-16	-3	9	0
g	10388	101	1383	7	10	1	-16	-6	9	0
g	10389	125	1380	7	13	1	-16	-3	9	0
g	10390	149	1383	7	10	1	-16	-6	9	0
g	10391	173	1380	7	13	1	-16	-3	9	0
g	10392	201	1380	3	13	5	-16	-3	9	0
g	10393	221	1380	7	13	1	-16	-3	9	0
g	10394	245	1380	7	13	1	-16	-3	9	0
g	10395	269	1380	7	13	1	-16	-3	9	0
g	10396	293	1380	7	13	1	-16	-3	9	0
g	10397	317	1380	7	13	1	-16	-3	9	0
g	10398	341	1380	7	13	1	-16	-3	9	0
g	10399	365	1380	7	13	1	-16	-3	9	0
g	10400	393	1386	3	7	5	-16	-9	9	0
g	10401	413	1380	7	13	1	-16	-3	9	0
g	10402	437	1383	7	10	1	-16	-6	9	0
g	10403	461	1380	7	13	1	-16	-3	9	0
g	10404	485	1386	7	7	1	-16	-9	9	0
g	10405	509	1380	7	13	1	-16	-3	9	0
g	10406	533	1383	7	10	1	-16	-6	9	0
g	10407	557	1380	7	13	1	-16	-3	9	0
g	10408	585	1380	3	13	5	-16	-3	9	0
g	10409	605	1380	7	13	1	-16	-3	9	0
g	10410	629	1380	7	13	1	-16	-3	9	0
g	10411	653	1380	7	13	1	-16	-3	9	0
g	10412	677	1380	7	13	1	-16	-3	9	0
g	10413	701	1380	7	13	1	-16	-3	9	0
g	10414	725	1380	7	13	1	-16	-3	9	0
g	10415	749	1380	7	13	1	-16	-3	9	0
g	10416	777	1383	3	10	5	-16	-6	9	0
g	10417	797	1380	7	13	1	-16	-3	9	0
g	10418	5	1411	7	10	1	-16	-6	9	0
g	10419	29	1408	7	13	1	-16	-3	9	0
g	10420	53	1411	7	10	1	-16	-6	9	0
g	10421	77	1408	7	13	1	-16	-3	9	0
g	10422	101	1411	7	10	1	-16	-6	9	0
g	10423	125	1408	7	13	1	-16	-3	9	0
g	10424	153	1408	3	13	5	-16	-3	9	0
g	10425	173	1408	7	13	1	-16	-3	9	0
g	10426	197	1408	7	13	1	-16	-3	9	0
g	10427	221	1408	7	13	1	-16	-3	9	0
g	10428	245	1408	7	13	1	-16	-3	9	0
g	10429	269	1408	7	13	1	-16	-3	9	0
g	10430	293	1408	7	13	1	-16	-3	9	0
g	10431	317	1408	7	13	1	-16	-3	9	0
g	10432	341	1417	7	4	1	-16	-12	9	0
g	10433	365	1408	7	13	1	-16	-3	9	0
g	10434	389	1411	7	10	1	-16	-6	9	0
g	10435	413	1408	7	13	1	-16	-3	9	0
g	10436	437	1414	7	7	1	-16	-9	9	0
g	10437	461	1408	7	13	1	-16	-3	9	0
g	10438	485	1411	7	10	1	-16	-6	9	0
g	10439	509	1408	7	13	1	-16	-3	9	0
g	10440	533	1408	7	13	1	-16	-3	9	0
g	10441	557	1408	7	13	1	-16	-3	9	0
g	10442	581	1408	7	13	1	-16	-3	9	0
g	10443	605	1408	7	13	1	-16	-3	9	0
g	10444	629	1408	7	13	1	-16	-3	9	0
g	10445	653	1408	7	13	1	-16	-3	9	0
g	10446	677	1408	7	13	1	-16	-3	9	0
g	10447	701	1408	7	13	1	-16	-3	9	0
g	10448	725	1411	7	10	1	-16	-6	9	0
g	10449	749	1408	7	13	1	-16	-3	9	0
g	10450	773	1411	7	10	1	-16	-6	9	0
g	10451	797	1408	7	13	1	-16	-3	9	0
g	10452	5	1439	7	10	1	-16	-6	9	0
g	10453	29	1436	7	13	1	-16	-3	9	0
g	10454	53	1439	7	10	1	-16	-6	9	0
g	10455	77	1436	7	13	1	-16	-3	9	0
g	10456	101	1436	7	13	1	-16	-3	9	0
g	10457	125	1436	7	13	1	-16	-3	9	0
g	10458	149	1436	7	13	1	-16	-3	9	0
g	10459	173	1436	7	13	1	-16	-3	9	0
g	10460	197	1436	7	13	1	-16	-3	9	0
g	10461	221	1436	7	13	1	-16	-3	9	0
g	10462	245	1436	7	13	1	-16	-3	9	0
g	10463	269	1436	7	13	1	-16	-3	9	0
g	10464	293	1442	7	7	1	-16	-9	9	0
g	10465	317	1436	7	13	1	-16	-3	9	0
g	10466	341	1439	7	10	1	-16	-6	9	0
g	10467	365	1436	7	13	1	-16	-3	9	0
g	10468	389	1442	7	7	1	-16	-9	9	0
g	10469	413	1436	7	13	1	-16	-3	9	0
g	10470	437	1439	7	10	1	-16	-6	9	0
g	10471	461	1436	7	13	1	-16	-3	9	0
g	10472	485	1436	7	13	1	-16	-3	9	0
g	10473	509	1436	7	13	1	-16	-3	9	0
g	10474	533	1436	7	13	1	-16	-3	9	0
g	10475	557	1436	7	13	1	-16	-3	9	0
g	10476	581	1436	7	13	1	-16	-3	9	0
g	10477	605	1436	7	13	1	-16	-3	9	0
g	10478	629	1436	7	13	1	-16	-3	9	0
g	10479	653	1436	7	13	1	-16	-3	9	0
g	10480	677	1439	7	10	1	-16	-6	9	0
g	10481	701	1436	7	13	1	-16	-3	9	0
g	10482	725	1439	7	10	1	-16	-6	9	0
g	10483	749	1436	7	13	1	-16	-3	9	0
g	10484	773	1439	7	10	1	-16	-6	9	0
g	10485	797	1436	7	13	1	-16	-3	9	0
g	10486	5	1467	7	10	1	-16	-6	9	0
g	10487	29	1464	7	13	1	-16	-3	9	0
g	10488	53	1464	7	13	1	-16	-3	9	0
g	10489	77	1464	7	13	1	-16	-3	9	0
g	10490	101	1464	7	13	1	-16	-3	9	0
g	10491	125	1464	7	13	1	-16	-3	9	0
g	10492	149	1464	7	13	1	-16	-3	9	0
g	10493	173	1464	7	13	1	-16	-3	9	0
g	10494	197	1464	7	13	1	-16	-3	9	0
g	10495	221	1464	7	13	1	-16	-3	9	0
g	10799	244	1466	8	8	0	-13	-5	9	0
g	11026	268	1465	9	9	0	-13	-4	9	0
g	11027	292	1465	9	9	0	-13	-4	9	0
g	11028	316	1465	9	9	0	-13	-4	9	0
g	11029	340	1465	9	9	0	-13	-4	9	0
g	11030	364	1465	9	10	0	-14	-4	9	0
g	11031	388	1465	9	10	0	-14	-4	9	0
g	11032	412	1465	9	10	0	-14	-4	9	0
g	11033	436	1465	9	10	0	-14	-4	9	0
g	11034	460	1465	9	9	0	-13	-4	9	0
g	11035	484	1465	9	10	0	-14	-4	9	0
g	11036	508	1465	9	10	0	-14	-4	9	0
g	11037	534	1468	5	4	2	-11	-7	9	0
g	11038	558	1468	5	4	2	-11	-7	9	0
g	11039	580	1465	9	9	0	-13	-4	9	0
g	11040	604	1465	9	9	0	-13	-4	9	0
g	11041	628	1465	9	10	0	-14	-4	9	0
g	11042	652	1465	9	10	0	-14	-4	9	0
g	11043	676	1465	9	9	0	-13	-4	9	0
g	11044	700	1465	9	10	0	-14	-4	9	0
g	11045	725	1466	7	7	1	-12	-5	9	0
g	11046	749	1466	7	7	1	-12	-5	9	0
g	11047	774	1466	5	8	2	-13	-5	9	0
g	11048	798	1466	5	8	2	-13	-5	9	0
g	11049	7	1496	3	4	3	-11	-7	9	0
g	11050	31	1495	3	5	3	-11	-6	9	0
g	11051	55	1495	3	5	3	-11	-6	9	0
g	11052	76	1495	9	6	0	-12	-6	9	0
g	11053	100	1495	9	6	0	-12	-6	9	0
g	11054	126	1493	5	9	2	-13	-4	9	0
g	11055	150	1493	5	9	2	-13	-4	9	0
g	11205	173	1495	6	6	1	-12	-6	9	0
g	11206	197	1495	6	5	1	-11	-6	9	0
g	11207	221	1495	6	6	1	-12	-6	9	0
g	11208	246	1495	5	6	2	-12	-6	9	0
g	11210	268	1493	9	5	0	-9	-4	9	0
g	11211	292	1497	9	5	0	-13	-8	9	0
g	11362	315	1492	10	11	-1	-14	-3	9	0
g	11373	340	1492	9	12	0	-15	-3	9	0
g	64257	364	1491	17	12	0	-14	-2	9	0
g	64258	388	1491	17	13	0	-15	-2	9	0
g	64298	412	1491	8	13	0	-15	-2	9	0
g	64299	436	1491	8	13	0	-15	-2	9	0
g	64300	460	1491	8	13	0	-15	-2	0	0
g	64301	484	1491	8	13	0	-15	-2	0	0
g	64302	508	1494	9	12	0	-17	-5	9	0
g	64303	532	1494	9	13	0	-18	-5	9	0
g	64304	556	1494	9	9	0	-14	-5	0	0
g	64305	580	1493	9	10	0	-14	-4	9	0
g	64306	605	1494	6	10	1	-15	-5	9	0
g	64307	628	1494	8	9	0	-14	-5	9	0
g	64308	652	1493	8	10	0	-14	-4	9	0
g	64309	677	1494	5	9	1	-14	-5	9	0
g	64310	701	1494	6	9	1	-14	-5	9	0
g	64312	725	1494	7	10	1	-15	-5	9	0
g	64313	749	1494	6	6	1	-11	-5	9	0
g	64314	772	1493	8	14	0	-18	-4	9	0
g	64315	796	1493	7	10	0	-14	-4	9	0
g	64316	4	1519	8	13	0	-15	-2	9	0
g	64318	28	1522	8	9	0	-14	-5	9	0
g	64320	53	1522	6	9	1	-14	-5	9	0
g	64321	76	1521	8	11	0	-15	-4	9	0
g	64323	100	1522	8	13	0	-18	-5	9	0
g	64324	124	1522	8	9	0	-14	-5	9	0
g	64326	148	1522	8	9	0	-14	-5	9	0
g	64327	173	1522	7	13	1	-18	-5	9	0
g	64328	196	1521	7	10	0	-14	-4	9	0
g	64329	220	1522	8	10	0	-15	-5	0	0
g	64330	244	1522	8	9	0	-14	-5	9	0
g	64331	269	1519	5	12	1	-14	-2	9	0
g	64444	294	1531	4	4	2	-18	-14	9	0
g	64448	318	1522	5	4	2	-9	-5	9	0
g	64603	341	1516	7	15	1	-14	1	9	0
g	64604	365	1520	7	15	1	-18	-3	9	0
g	64605	388	1522	9	12	0	-17	-5	9	0
g	64656	412	1523	10	11	0	-17	-6	9	0
g	64729	435	1519	10	12	-1	-14	-2	9	0
g	64828	462	1520	8	11	2	-14	-3	9	0
g	64829	487	1520	7	11	3	-14	-3	9	0
g	64830	509	1519	6	14	1	-16	-2	9	0
g	64831	534	1519	6	14	2	-16	-2	9	0
g	65010	556	1522	18	9	0	-14	-5	9	0
g	65533	580	1521	9	10	0	-14	-4	9	0
g	117793	605	1518	3	7	1	-8	-1	9	0
g	117794	633	1518	3	7	5	-8	-1	9	0
g	117795	653	1518	7	7	1	-8	-1	9	0
g	117796	677	1526	3	8	1	-17	-9	9	0
g	117797	701	1518	3	16	1	-17	-1	9	0
g	117798	725	1518	7	16	1	-17	-1	9	0
g	117799	749	1518	7	16	1	-17	-1	9	0
g	117800	777	1526	3	8	5	-17	-9	9	0
g	117801	797	1518	7	16	1	-17	-1	9	0
g	117802	9	1546	3	16	5	-17	-1	9	0
g	117803	29	1546	7	16	1	-17	-1	9	0
g	117804	53	1554	7	8	1	-17	-9	9	0
g	117805	77	1546	7	16	1	-17	-1	9	0
g	117806	101	1546	7	16	1	-17	-1	9	0
g	117807	125	1546	7	16	1	-17	-1	9	0
g	118016	148	1549	5	5	0	-9	-4	9	0
g	118017	172	1545	9	9	0	-9	0	9	0
g	118018	196	1545	9	9	0	-9	0	9	0
g	118019	224	1549	5	5	4	-9	-4	9	0
g	118020	244	1545	9	9	0	-9	0	9	0
g	118021	268	1545	9	9	0	-9	0	9	0
g	118022	292	1549	9	5	0	-9	-4	9	0
g	118023	316	1545	9	9	0	-9	0	9	0
g	118024	340	1545	9	9	0	-9	0	9	0
g	118025	364	1553	5	6	0	-14	-8	9	0
g	118026	388	1545	5	14	0	-14	0	9	0
g	118027	412	1545	9	14	0	-14	0	9	0
g	118028	436	1545	9	14	0	-14	0	9	0
g	118029	460	1545	5	14	0	-14	0	9	0
g	118030	484	1545	9	14	0	-14	0	9	0
g	118031	508	1545	9	14	0	-14	0	9	0
g	118032	532	1549	9	10	0	-14	-4	9	0
g	118033	556	1545	9	14	0	-14	0	9	0
g	118034	580	1545	9	14	0	-14	0	9	0
g	118035	604	1545	9	14	0	-14	0	9	0
g	118036	628	1549	9	10	0	-14	-4	9	0
g	118037	652	1545	9	14	0	-14	0	9	0
g	118038	676	1545	9	14	0	-14	0	9	0
g	118039	700	1545	9	14	0	-14	0	9	0
g	118040	728	1553	5	6	4	-14	-8	9	0
g	118041	748	1545	9	14	0	-14	0	9	0
g	118042	776	1545	5	14	4	-14	0	9	0
g	118043	796	1545	9	14	0	-14	0	9	0
g	118044	4	1577	9	10	0	-14	-4	9	0
g	118045	28	1573	9	14	0	-14	0	9	0
g	118046	52	1573	9	14	0	-14	0	9	0
g	118047	76	1573	9	14	0	-14	0	9	0
g	118048	100	1573	9	14	0	-14	0	9	0
g	118049	128	1573	5	14	4	-14	0	9	0
g	118050	148	1573	9	14	0	-14	0	9	0
g	118051	172	1577	9	10	0	-14	-4	9	0
g	118052	196	1573	9	14	0	-14	0	9	0
g	118053	220	1573	9	14	0	-14	0	9	0
g	118054	244	1573	9	14	0	-14	0	9	0
g	118055	268	1581	9	6	0	-14	-8	9	0
g	118056	292	1573	9	14	0	-14	0	9	0
g	118057	316	1573	9	14	0	-14	0	9	0
g	118058	340	1573	9	14	0	-14	0	9	0
g	118059	364	1577	9	10	0	-14	-4	9	0
g	118060	388	1573	9	14	0	-14	0	9	0
g	118061	412	1573	9	14	0	-14	0	9	0
g	118062	436	1573	9	14	0	-14	0	9	0
g	118063	460	1577	9	10	0	-14	-4	9	0
g	118064	484	1573	9	14	0	-14	0	9	0
g	118065	508	1573	9	14	0	-14	0	9	0
g	118066	532	1573	9	14	0	-14	0	9	0
g	118067	556	1577	9	10	0	-14	-4	9	0
g	118068	580	1573	9	14	0	-14	0	9	0
g	118069	604	1573	9	14	0	-14	0	9	0
g	118070	628	1573	5	18	0	-18	0	9	0
g	118071	652	1573	9	18	0	-18	0	9	0
g	118072	676	1573	9	18	0	-18	0	9	0
g	118073	700	1577	5	14	0	-18	-4	9	0
g	118074	724	1573	5	18	0	-18	0	9	0
g	118075	748	1573	9	18	0	-18	0	9	0
g	118076	772	1573	9	18	0	-18	0	9	0
g	118077	796	1577	9	14	0	-18	-4	9	0
g	118078	4	1601	9	18	0	-18	0	9	0
g	118079	28	1601	9	18	0	-18	0	9	0
g	118080	52	1601	9	18	0	-18	0	9	0
g	118081	76	1605	9	14	0	-18	-4	9	0
g	118082	100	1601	9	18	0	-18	0	9	0
g	118083	124	1601	9	18	0	-18	0	9	0
g	118084	148	1601	9	18	0	-18	0	9	0
g	118085	172	1601	5	18	0	-18	0	9	0
g	118086	196	1601	9	18	0	-18	0	9	0
g	118087	220	1601	9	18	0	-18	0	9	0
g	118088	244	1605	5	14	0	-18	-4	9	0
g	118089	268	1601	9	18	0	-18	0	9	0
g	118090	292	1601	9	18	0	-18	0	9	0
g	118091	316	1605	9	14	0	-18	-4	9	0
g	118092	340	1601	9	18	0	-18	0	9	0
g	118093	364	1601	9	18	0	-18	0	9	0
g	118094	388	1605	9	14	0	-18	-4	9	0
g	118095	412	1601	9	18	0	-18	0	9	0
g	118096	436	1601	9	18	0	-18	0	9	0
g	118097	460	1609	9	10	0	-18	-8	9	0
g	118098	484	1601	9	18	0	-18	0	9	0
g	118099	508	1601	9	18	0	-18	0	9	0
g	118100	532	1601	9	18	0	-18	0	9	0
g	118101	556	1605	9	14	0	-18	-4	9	0
g	118102	580	1601	9	18	0	-18	0	9	0
g	118103	604	1601	9	18	0	-18	0	9	0
g	118104	628	1601	9	18	0	-18	0	9	0
g	118105	652	1605	9	14	0	-18	-4	9	0
g	118106	676	1601	9	18	0	-18	0	9	0
g	118107	700	1601	9	18	0	-18	0	9	0
g	118108	724	1601	9	18	0	-18	0	9	0
g	118109	748	1605	9	14	0	-18	-4	9	0
g	118110	772	1601	9	18	0	-18	0	9	0
g	118111	796	1601	9	18	0	-18	0	9	0
g	118112	4	1629	9	18	0	-18	0	9	0
g	118113	28	1637	9	10	0	-18	-8	9	0
g	118114	52	1629	9	18	0	-18	0	9	0
g	118115	76	1629	9	18	0	-18	0	9	0
g	118116	100	1629	9	18	0	-18	0	9	0
g	118117	124	1633	9	14	0	-18	-4	9	0
g	118118	148	1629	9	18	0	-18	0	9	0
g	118119	172	1629	9	18	0	-18	0	9	0
g	118120	196	1629	9	18	0	-18	0	9	0
g	118121	220	1633	9	14	0	-18	-4	9	0
g	118122	244	1629	9	18	0	-18	0	9	0
g	118123	268	1629	9	18	0	-18	0	9	0
g	118124	292	1629	9	18	0	-18	0	9	0
g	118125	316	1633	9	14	0	-18	-4	9	0
g	118126	340	1629	9	18	0	-18	0	9	0
g	118127	364	1629	9	18	0	-18	0	9	0
g	118128	388	1629	9	18	0	-18	0	9	0
g	118129	412	1629	9	18	0	-18	0	9	0
g	118130	440	1629	5	18	4	-18	0	9	0
g	118131	460	1629	9	18	0	-18	0	9	0
g	118132	484	1633	9	14	0	-18	-4	9	0
g	118133	508	1629	9	18	0	-18	0	9	0
g	118134	532	1629	9	18	0	-18	0	9	0
g	118135	556	1629	9	18	0	-18	0	9	0
g	118136	584	1633	5	14	4	-18	-4	9	0
g	118137	604	1629	9	18	0	-18	0	9	0
g	118138	632	1629	5	18	4	-18	0	9	0
g	118139	652	1629	9	18	0	-18	0	9	0
g	118140	676	1633	9	14	0	-18	-4	9	0
g	118141	700	1629	9	18	0	-18	0	9	0
g	118142	724	1629	9	18	0	-18	0	9	0
g	118143	748	1629	9	18	0	-18	0	9	0
g	118144	772	1637	9	10	0	-18	-8	9	0
g	118145	796	1629	9	18	0	-18	0	9	0
g	118146	4	1657	9	18	0	-18	0	9	0
g	118147	28	1657	9	18	0	-18	0	9	0
g	118148	52	1661	9	14	0	-18	-4	9	0
g	118149	76	1657	9	18	0	-18	0	9	0
g	118150	100	1657	9	18	0	-18	0	9	0
g	118151	124	1657	9	18	0	-18	0	9	0
g	118152	148	1661	9	14	0	-18	-4	9	0
g	118153	172	1657	9	18	0	-18	0	9	0
g	118154	196	1657	9	18	0	-18	0	9	0
g	118155	220	1657	9	18	0	-18	0	9	0
g	118156	244	1661	9	14	0	-18	-4	9	0
g	118157	268	1657	9	18	0	-18	0	9	0
g	118158	292	1657	9	18	0	-18	0	9	0
g	118159	316	1657	9	18	0	-18	0	9	0
g	118160	340	1657	9	18	0	-18	0	9	0
g	118161	368	1657	5	18	4	-18	0	9	0
g	118162	388	1657	9	18	0	-18	0	9	0
g	118163	412	1661	9	14	0	-18	-4	9	0
g	118164	436	1657	9	18	0	-18	0	9	0
g	118165	460	1657	9	18	0	-18	0	9	0
g	118166	488	1661	5	14	4	-18	-4	9	0
g	118167	508	1657	9	18	0	-18	0	9	0
g	118168	532	1657	9	18	0	-18	0	9	0
g	118169	556	1661	9	14	0	-18	-4	9	0
g	118170	580	1657	9	18	0	-18	0	9	0
g	118171	604	1657	9	18	0	-18	0	9	0
g	118172	628	1665	9	10	0	-18	-8	9	0
g	118173	652	1657	9	18	0	-18	0	9	0
g	118174	676	1657	9	18	0	-18	0	9	0
g	118175	700	1657	9	18	0	-18	0	9	0
g	118176	724	1661	9	14	0	-18	-4	9	0
g	118177	748	1657	9	18	0	-18	0	9	0
g	118178	772	1657	9	18	0	-18	0	9	0
g	118179	796	1657	9	18	0	-18	0	9	0
g	118180	4	1689	9	14	0	-18	-4	9	0
g	118181	28	1685	9	18	0	-18	0	9	0
g	118182	52	1685	9	18	0	-18	0	9	0
g	118183	76	1685	9	18	0	-18	0	9	0
g	118184	100	1689	9	14	0	-18	-4	9	0
g	118185	124	1685	9	18	0	-18	0	9	0
g	118186	148	1685	9	18	0	-18	0	9	0
g	118187	172	1685	9	18	0	-18	0	9	0
g	118188	196	1685	9	18	0	-18	0	9	0
g	118189	220	1685	9	18	0	-18	0	9	0
g	118190	244	1685	9	18	0	-18	0	9	0
g	118191	268	1689	9	14	0	-18	-4	9	0
g	118192	292	1685	9	18	0	-18	0	9	0
g	118193	316	1685	9	18	0	-18	0	9	0
g	118194	340	1685	9	18	0	-18	0	9	0
g	118195	364	1689	9	14	0	-18	-4	9	0
g	118196	388	1685	9	18	0	-18	0	9	0
g	118197	412	1685	9	18	0	-18	0	9	0
g	118198	436	1685	9	18	0	-18	0	9	0
g	118199	460	1689	9	14	0	-18	-4	9	0
g	118200	484	1685	9	18	0	-18	0	9	0
g	118201	508	1685	9	18	0	-18	0	9	0
g	118202	532	1685	9	18	0	-18	0	9	0
g	118203	556	1693	9	10	0	-18	-8	9	0
g	118204	580	1685	9	18	0	-18	0	9	0
g	118205	604	1685	9	18	0	-18	0	9	0
g	118206	628	1685	9	18	0	-18	0	9	0
g	118207	652	1689	9	14	0	-18	-4	9	0
g	118208	676	1685	9	18	0	-18	0	9	0
g	118209	700	1685	9	18	0	-18	0	9	0
g	118210	724	1685	9	18	0	-18	0	9	0
g	118211	748	1689	9	14	0	-18	-4	9	0
g	118212	772	1685	9	18	0	-18	0	9	0
g	118213	796	1685	9	18	0	-18	0	9	0
g	118214	4	1713	9	18	0	-18	0	9	0
g	118215	28	1717	9	14	0	-18	-4	9	0
g	118216	52	1713	9	18	0	-18	0	9	0
g	118217	76	1713	9	18	0	-18	0	9	0
g	118218	100	1713	9	18	0	-18	0	9	0
g	118219	124	1721	9	10	0	-18	-8	9	0
g	118220	148	1713	9	18	0	-18	0	9	0
g	118221	172	1713	9	18	0	-18	0	9	0
g	118222	196	1713	9	18	0	-18	0	9	0
g	118223	220	1717	9	14	0	-18	-4	9	0
g	118224	244	1713	9	18	0	-18	0	9	0
g	118225	268	1713	9	18	0	-18	0	9	0
g	118226	292	1713	9	18	0	-18	0	9	0
g	118227	316	1717	9	14	0	-18	-4	9	0
g	118228	340	1713	9	18	0	-18	0	9	0
g	118229	364	1713	9	18	0	-18	0	9	0
g	118230	388	1713	9	18	0	-18	0	9	0
g	118231	412	1717	9	14	0	-18	-4	9	0
g	118232	436	1713	9	18	0	-18	0	9	0
g	118233	460	1713	9	18	0	-18	0	9	0
g	118234	484	1713	9	18	0	-18	0	9	0
g	118235	508	1713	9	18	0	-18	0	9	0
g	118236	532	1713	9	18	0	-18	0	9	0
g	118237	556	1713	9	18	0	-18	0	9	0
g	118238	580	1717	9	14	0	-18	-4	9	0
g	118239	604	1713	9	18	0	-18	0	9	0
g	118240	628	1713	9	18	0	-18	0	9	0
g	118241	652	1717	9	14	0	-18	-4	9	0
g	118242	676	1713	9	18	0	-18	0	9	0
g	118243	700	1713	9	18	0	-18	0	9	0
g	118244	724	1713	9	18	0	-18	0	9	0
g	118245	748	1713	9	18	0	-18	0	9	0
g	118298	774	1719	7	12	2	-18	-6	9	0
g	118299	798	1719	7	12	2	-18	-6	9	0
g	118300	6	1747	4	12	2	-18	-6	9	0
g	118301	30	1747	7	12	2	-18	-6	9	0
g	118302	54	1747	7	5	2	-11	-6	9	0
g	118303	76	1747	9	5	0	-11	-6	9	0
g	118304	100	1747	9	12	0	-18	-6	9	0
g	118305	124	1752	9	7	0	-18	-11	9	0
g	118306	148	1752	6	7	0	-18	-11	9	0
g	118307	174	1754	4	5	2	-18	-13	9	0
g	118308	196	1747	6	12	0	-18	-6	9	0
g	118309	220	1747	6	5	0	-11	-6	9	0
g	118310	244	1747	6	12	0	-18	-6	9	0
g	118311	268	1747	6	12	0	-18	-6	9	0
g	118312	294	1741	7	18	2	-18	0	9	0
g	118313	318	1741	4	18	2	-18	0	9	0
g	118314	342	1741	7	18	2	-18	0	9	0
g	118315	366	1741	7	6	2	-6	0	9	0
g	118316	390	1752	7	7	2	-18	-11	9	0
g	118317	414	1741	4	4	2	-4	0	9	0
g	118318	438	1741	7	18	2	-18	0	9	0
g	118319	460	1743	9	13	0	-15	-2	9	0
g	118320	486	1741	4	2	2	-2	0	9	0
g	118321	510	1756	4	3	2	-18	-15	9	0
g	118322	532	1743	9	13	0	-15	-2	9	0
g	118323	556	1743	9	16	0	-18	-2	9	0
g	118324	580	1743	9	13	0	-15	-2	9	0
g	118325	606	1743	7	16	2	-18	-2	9	0
g	118326	628	1741	6	18	0	-18	0	9	0
g	118327	652	1741	6	18	0	-18	0	9	0
g	118328	676	1741	6	18	0	-18	0	9	0
g	118329	700	1741	6	18	0	-18	0	9	0
g	118330	724	1741	9	18	0	-18	0	9	0
g	118331	748	1741	6	6	0	-6	0	9	0
g	118332	774	1741	4	11	2	-11	0	9	0
g	118333	798	1741	7	11	2	-11	0	9	0
g	118334	6	1769	7	11	2	-11	0	9	0
g	118335	30	1769	7	11	2	-11	0	9	0
g	118336	52	1769	9	11	0	-11	0	9	0
g	118337	76	1771	9	9	0	-11	-2	9	0
g	118338	100	1769	9	6	0	-6	0	9	0
g	118339	124	1769	6	11	0	-11	0	9	0
g	118340	148	1769	6	11	0	-11	0	9	0
g	118341	172	1769	7	14	0	-14	0	9	0
g	118342	196	1769	6	11	0	-11	0	9	0
g	118343	222	1779	4	8	2	-18	-10	9	0
g	118344	246	1772	4	15	2	-18	-3	9	0
g	118345	270	1779	4	4	2	-14	-10	9	0
g	118346	294	1775	4	8	2	-14	-6	9	0
g	118347	318	1772	4	11	2	-14	-3	9	0
g	118348	342	1769	4	14	2	-14	0	9	0
g	118349	366	1775	4	5	2	-11	-6	9	0
g	118350	390	1772	4	8	2	-11	-3	9	0
g	118351	414	1772	4	4	2	-7	-3	9	0
g	118352	438	1769	4	7	2	-7	0	9	0
g	118353	461	1770	3	4	1	-5	-1	9	0
g	118354	489	1770	3	4	5	-5	-1	9	0
g	118355	509	1770	7	4	1	-5	-1	9	0
g	118356	533	1775	3	5	1	-11	-6	9	0
g	118357	557	1770	3	10	1	-11	-1	9	0
g	118358	581	1770	7	10	1	-11	-1	9	0
g	118359	605	1770	7	10	1	-11	-1	9	0
g	118360	633	1775	3	5	5	-11	-6	9	0
g	118361	653	1770	7	10	1	-11	-1	9	0
g	118362	681	1770	3	10	5	-11	-1	9	0
g	118363	701	1770	7	10	1	-11	-1	9	0
g	118364	725	1775	7	5	1	-11	-6	9	0
g	118365	749	1770	7	10	1	-11	-1	9	0
g	118366	773	1770	7	10	1	-11	-1	9	0
g	118367	797	1770	7	10	1	-11	-1	9	0
g	118368	5	1809	3	5	1	-17	-12	9	0
g	118369	29	1798	3	16	1	-17	-1	9	0
g	118370	53	1798	7	16	1	-17	-1	9	0
g	118371	77	1798	7	16	1	-17	-1	9	0
g	118372	101	1803	3	11	1	-17	-6	9	0
g	118373	125	1798	3	16	1	-17	-1	9	0
g	118374	149	1798	7	16	1	-17	-1	9	0
g	118375	173	1798	7	16	1	-17	-1	9	0
g	118376	197	1803	7	11	1	-17	-6	9	0
g	118377	221	1798	7	16	1	-17	-1	9	0
g	118378	245	1798	7	16	1	-17	-1	9	0
g	118379	269	1798	7	16	1	-17	-1	9	0
g	118380	293	1803	7	11	1	-17	-6	9	0
g	118381	317	1798	7	16	1	-17	-1	9	0
g	118382	341	1798	7	16	1	-17	-1	9	0
g	118383	365	1798	7	16	1	-17	-1	9	0
g	118384	393	1809	3	5	5	-17	-12	9	0
g	118385	413	1798	7	16	1	-17	-1	9	0
g	118386	441	1798	3	16	5	-17	-1	9	0
g	118387	461	1798	7	16	1	-17	-1	9	0
g	118388	485	1803	7	11	1	-17	-6	9	0
g	118389	509	1798	7	16	1	-17	-1	9	0
g	118390	533	1798	7	16	1	-17	-1	9	0
g	118391	557	1798	7	16	1	-17	-1	9	0
g	118392	585	1803	3	11	5	-17	-6	9	0
g	118393	605	1798	7	16	1	-17	-1	9	0
g	118394	633	1798	3	16	5	-17	-1	9	0
g	118395	653	1798	7	16	1	-17	-1	9	0
g	118396	677	1803	7	11	1	-17	-6	9	0
g	118397	701	1798	7	16	1	-17	-1	9	0
g	118398	725	1798	7	16	1	-17	-1	9	0
g	118399	749	1798	7	16	1	-17	-1	9	0
g	118400	773	1809	7	5	1	-17	-12	9	0
g	118401	797	1798	7	16	1	-17	-1	9	0
g	118402	5	1826	7	16	1	-17	-1	9	0
g	118403	29	1826	7	16	1	-17	-1	9	0
g	118404	53	1831	7	11	1	-17	-6	9	0
g	118405	77	1826	7	16	1	-17	-1	9	0
g	118406	101	1826	7	16	1	-17	-1	9	0
g	118407	125	1826	7	16	1	-17	-1	9	0
g	118408	149	1831	7	11	1	-17	-6	9	0
g	118409	173	1826	7	16	1	-17	-1	9	0
g	118410	197	1826	7	16	1	-17	-1	9	0
g	118411	221	1826	7	16	1	-17	-1	9	0
g	118412	245	1831	7	11	1	-17	-6	9	0
g	118413	269	1826	7	16	1	-17	-1	9	0
g	118414	293	1826	7	16	1	-17	-1	9	0
g	118415	317	1826	7	16	1	-17	-1	9	0
g	118416	340	1825	3	5	0	-5	0	9	0
g	118417	366	1825	3	5	2	-5	0	9	0
g	118418	392	1825	3	5	4	-5	0	9	0
g	118419	418	1825	3	5	6	-5	0	9	0
g	118420	436	1829	3	5	0	-9	-4	9	0
g	118421	462	1829	3	5	2	-9	-4	9	0
g	118422	488	1829	3	5	4	-9	-4	9	0
g	118423	514	1829	3	5	6	-9	-4	9	0
g	118424	532	1833	3	6	0	-14	-8	9	0
g	118425	558	1833	3	6	2	-14	-8	9	0
g	118426	584	1833	3	6	4	-14	-8	9	0
g	118427	610	1833	3	6	6	-14	-8	9	0
g	118428	628	1838	3	5	0	-18	-13	9	0
g	118429	654	1838	3	5	2	-18	-13	9	0
g	118430	680	1838	3	5	4	-18	-13	9	0
g	118431	706	1838	3	5	6	-18	-13	9	0
g	118432	728	1838	5	5	4	-18	-13	9	0
g	118433	750	1838	7	5	2	-18	-13	9	0
g	118434	772	1838	7	5	0	-18	-13	9	0
g	118435	796	1838	5	5	0	-18	-13	9	0
g	118436	4	1861	3	10	0	-18	-8	9	0
g	118437	28	1857	3	14	0	-18	-4	9	0
g	118438	52	1853	3	14	0	-14	0	9	0
g	118439	76	1853	3	9	0	-9	0	9	0
g	118440	100	1853	5	5	0	-5	0	9	0
g	118441	124	1853	7	5	0	-5	0	9	0
g	118442	150	1853	7	5	2	-5	0	9	0
g	118443	176	1853	5	5	4	-5	0	9	0
g	118444	202	1853	3	9	6	-9	0	9	0
g	118445	226	1853	3	14	6	-14	0	9	0
g	118446	250	1857	3	14	6	-18	-4	9	0
g	118447	274	1861	3	10	6	-18	-8	9	0
g	129792	292	1853	5	6	0	-6	0	9	0
g	129793	320	1853	5	6	4	-6	0	9	0
g	129794	340	1853	9	6	0	-6	0	9	0
g	129795	364	1858	5	7	0	-12	-5	9	0
g	129796	388	1853	5	12	0	-12	0	9	0
g	129797	412	1853	9	12	0	-12	0	9	0
g	129798	436	1853	9	12	0	-12	0	9	0
g	129799	464	1858	5	7	4	-12	-5	9	0
g	129800	484	1853	9	12	0	-12	0	9	0
g	129801	512	1853	5	12	4	-12	0	9	0
g	129802	532	1853	9	12	0	-12	0	9	0
g	129803	556	1858	9	7	0	-12	-5	9	0
g	129804	580	1853	9	12	0	-12	0	9	0
g	129805	604	1853	9	12	0	-12	0	9	0
g	129806	628	1853	9	12	0	-12	0	9	0
g	129807	652	1864	5	7	0	-18	-11	9	0
g	129808	676	1853	5	18	0	-18	0	9	0
g	129809	700	1853	9	18	0	-18	0	9	0
g	129810	724	1853	9	18	0	-18	0	9	0
g	129811	748	1858	5	13	0	-18	-5	9	0
g	129812	772	1853	9	18	0	-18	0	9	0
g	129813	796	1853	9	18	0	-18	0	9	0
g	129814	4	1886	9	13	0	-18	-5	9	0
g	129815	28	1881	9	18	0	-18	0	9	0
g	129816	52	1881	9	18	0	-18	0	9	0
g	129817	76	1881	9	18	0	-18	0	9	0
g	129818	100	1886	9	13	0	-18	-5	9	0
g	129819	124	1881	9	18	0	-18	0	9	0
g	129820	148	1881	9	18	0	-18	0	9	0
g	129821	172	1881	9	18	0	-18	0	9	0
g	129822	200	1892	5	7	4	-18	-11	9	0
g	129823	220	1881	9	18	0	-18	0	9	0
g	129824	248	1881	5	18	4	-18	0	9	0
g	129825	268	1881	9	18	0	-18	0	9	0
g	129826	292	1886	9	13	0	-18	-5	9	0
g	129827	316	1881	9	18	0	-18	0	9	0
g	129828	340	1881	9	18	0	-18	0	9	0
g	129829	364	1881	9	18	0	-18	0	9	0
g	129830	392	1886	5	13	4	-18	-5	9	0
g	129831	412	1881	9	18	0	-18	0	9	0
g	129832	436	1881	9	18	0	-18	0	9	0
g	129833	460	1886	9	13	0	-18	-5	9	0
g	129834	484	1881	9	18	0	-18	0	9	0
g	129835	508	1881	9	18	0	-18	0	9	0
g	129836	532	1881	9	18	0	-18	0	9	0
g	129837	556	1892	9	7	0	-18	-11	9	0
g	129838	580	1881	9	18	0	-18	0	9	0
g	129839	604	1881	9	18	0	-18	0	9	0
g	129840	628	1881	9	18	0	-18	0	9	0
g	129841	652	1886	9	13	0	-18	-5	9	0
g	129842	676	1881	9	18	0	-18	0	9	0
g	129843	700	1881	9	18	0	-18	0	9	0
g	129844	724	1881	9	18	0	-18	0	9	0
g	129845	748	1886	9	13	0	-18	-5	9	0
g	129846	772	1881	9	18	0	-18	0	9	0
g	129847	796	1881	9	18	0	-18	0	9	0
g	129848	4	1909	9	18	0	-18	0	9	0
g	129849	28	1914	9	13	0	-18	-5	9	0
g	129850	52	1909	9	18	0	-18	0	9	0
g	129851	76	1909	9	18	0	-18	0	9	0
g	129852	100	1920	5	7	0	-18	-11	9	0
g	129853	124	1920	9	7	0	-18	-11	9	0
g	129854	148	1914	5	13	0	-18	-5	9	0
g	129855	172	1914	9	13	0	-18	-5	9	0
g	129856	196	1909	5	18	0	-18	0	9	0
g	129857	220	1909	9	18	0	-18	0	9	0
g	129858	244	1909	9	18	0	-18	0	9	0
g	129859	268	1909	9	18	0	-18	0	9	0
g	129860	292	1909	9	18	0	-18	0	9	0
g	129861	316	1909	9	18	0	-18	0	9	0
g	129862	340	1914	9	13	0	-18	-5	9	0
g	129863	368	1920	5	7	4	-18	-11	9	0
g	129864	388	1920	9	7	0	-18	-11	9	0
g	129865	416	1914	5	13	4	-18	-5	9	0
g	129866	436	1914	9	13	0	-18	-5	9	0
g	129867	464	1909	5	18	4	-18	0	9	0
g	129868	484	1909	9	18	0	-18	0	9	0
g	129869	508	1909	9	18	0	-18	0	9	0
g	129870	532	1909	9	18	0	-18	0	9	0
g	129871	556	1909	9	18	0	-18	0	9	0
g	129872	580	1909	9	18	0	-18	0	9	0
g	129873	604	1914	9	13	0	-18	-5	9	0
g	129874	628	1909	9	18	0	-18	0	9	0
g	129875	652	1909	9	18	0	-18	0	9	0
g	129876	676	1909	9	18	0	-18	0	9	0
g	129877	700	1909	9	18	0	-18	0	9	0
g	129878	724	1909	9	18	0	-18	0	9	0
g	129879	748	1909	5	6	0	-6	0	9	0
g	129880	772	1909	9	6	0	-6	0	9	0
g	129881	796	1909	5	12	0	-12	0	9	0
g	129882	4	1937	9	12	0	-12	0	9	0
g	129883	28	1937	5	18	0	-18	0	9	0
g	129884	52	1937	9	12	0	-12	0	9	0
g	129885	76	1937	9	18	0	-18	0	9	0
g	129886	100	1937	9	18	0	-18	0	9	0
g	129887	124	1937	9	18	0	-18	0	9	0
g	129888	148	1937	9	18	0	-18	0	9	0
g	129889	172	1937	9	18	0	-18	0	9	0
g	129890	200	1937	5	6	4	-6	0	9	0
g	129891	220	1937	9	6	0	-6	0	9	0
g	129892	248	1937	5	12	4	-12	0	9	0
g	129893	268	1937	9	12	0	-12	0	9	0
g	129894	296	1937	5	18	4	-18	0	9	0
g	129895	316	1937	9	12	0	-12	0	9	0
g	129896	340	1937	9	18	0	-18	0	9	0
g	129897	364	1937	9	18	0	-18	0	9	0
g	129898	388	1937	9	18	0	-18	0	9	0
g	129899	412	1937	9	18	0	-18	0	9	0
g	129900	436	1937	5	18	0	-18	0	9	0
g	129901	460	1937	9	9	0	-9	0	9	0
g	129902	488	1937	5	18	4	-18	0	9	0
g	129903	508	1945	9	10	0	-18	-8	9	0
g	129904	533	1937	2	18	1	-18	0	9	0
g	129905	558	1937	2	18	2	-18	0	9	0
g	129906	583	1937	2	18	3	-18	0	9	0
g	129907	608	1937	2	18	4	-18	0	9	0
g	129908	633	1937	2	18	5	-18	0	9	0
g	129909	658	1937	2	18	6	-18	0	9	0
g	129910	676	1939	9	3	0	-5	-2	9	0
g	129911	700	1941	9	3	0	-7	-4	9	0
g	129912	724	1943	9	3	0	-9	-6	9	0
g	129913	748	1945	9	3	0	-11	-8	9	0
g	129914	772	1947	9	4	0	-14	-10	9	0
g	129915	796	1950	9	3	0	-16	-13	9	0
g	129916	4	1965	9	18	0	-18	0	9	0
g	129917	28	1965	9	18	0	-18	0	9	0
g	129918	52	1965	9	18	0	-18	0	9	0
g	129919	76	1965	9	18	0	-18	0	9	0
g	129920	100	1965	9	18	0	-18	0	9	0
g	129922	124	1965	9	5	0	-5	0	9	0
g	129923	148	1965	9	7	0	-7	0	9	0
g	129924	172	1965	9	11	0	-11	0	9	0
g	129925	196	1965	9	14	0	-14	0	9	0
g	129926	220	1965	9	16	0	-16	0	9	0
g	129927	250	1965	3	18	6	-18	0	9	0
g	129928	273	1965	4	18	5	-18	0	9	0
g	129929	295	1965	6	18	3	-18	0	9	0
g	129930	318	1965	7	18	2	-18	0	9	0
g	129931	341	1965	8	18	1	-18	0	9	0
g	129941	364	1965	9	18	0	-18	0	9	0
g	129942	388	1965	9	18	0	-18	0	9	0
g	129943	412	1969	9	14	0	-18	-4	9	0
g	129946	436	1965	9	18	0	-18	0	9	0
g	129947	460	1965	9	18	0	-18	0	9	0
g	129998	484	1965	6	18	0	-18	0	9	0
g	129999	508	1965	3	18	0	-18	0	9	0
g	130020	534	1965	5	9	2	-9	0	9	0
g	130021	558	1973	5	10	2	-18	-8	9	0
g	130022	580	1969	5	10	0	-14	-4	9	0
g	130023	608	1969	5	10	4	-14	-4	9	0
g	130024	628	1965	9	9	0	-9	0	9	0
g	130025	656	1965	5	18	4	-18	0	9	0
g	130026	676	1973	9	10	0	-18	-8	9	0
g	130027	700	1965	5	18	0	-18	0	9	0
g	130028	728	1965	5	9	4	-9	0	9	0
g	130029	748	1973	5	10	0	-18	-8	9	0
g	130030	776	1973	5	10	4	-18	-8	9	0
g	130031	796	1965	5	9	0	-9	0	9	0
g	130032	5	1996	7	11	1	-14	-3	9	0
g	130033	34	1998	2	8	6	-13	-5	9	0
g	130034	53	1996	7	11	1	-14	-3	9	0
g	130035	78	1996	6	11	2	-14	-3	9	0
g	130036	101	1998	7	8	1	-13	-5	9	0
g	130037	125	1996	7	11	1	-14	-3	9	0
g	130038	149	1996	7	11	1	-14	-3	9	0
g	130039	173	1996	7	10	1	-13	-3	9	0
g	130040	197	1996	7	11	1	-14	-3	9	0
g	130041	221	1996	7	11	1	-14	-3	9	0
