atlas	2048	2048	19	17.627	4.453	22.08
g	13	4	6	0	0	0	0	0	5	0
g	32	32	6	0	0	0	0	0	5	0
g	33	64	10	3	14	4	-18	-4	11	0
g	34	90	10	7	7	2	-11	-4	11	0
g	35	116	10	11	14	0	-18	-4	11	0
g	36	145	7	9	20	1	-21	-1	11	0
g	37	172	10	11	14	0	-18	-4	11	0
g	38	200	10	12	14	0	-18	-4	11	0
g	39	232	10	3	7	4	-11	-4	11	0
g	40	258	8	8	18	2	-20	-2	11	0
g	41	285	8	8	18	1	-20	-2	11	0
g	42	313	12	10	10	1	-16	-6	11	0
g	43	340	12	11	10	0	-16	-6	11	0
g	44	371	21	4	7	3	-22	-15	11	0
g	45	396	16	11	2	0	-12	-10	11	0
g	46	428	21	3	3	4	-18	-15	11	0
g	47	453	8	10	18	1	-20	-2	11	0
g	48	481	10	10	14	1	-18	-4	11	0
g	49	509	10	9	14	1	-18	-4	11	0
g	50	536	10	10	14	0	-18	-4	11	0
g	51	565	10	9	14	1	-18	-4	11	0
g	52	592	10	11	14	0	-18	-4	11	0
g	53	621	10	10	14	1	-18	-4	11	0
g	54	649	10	10	14	1	-18	-4	11	0
g	55	677	10	10	14	1	-18	-4	11	0
g	56	705	10	10	14	1	-18	-4	11	0
g	57	733	10	10	14	1	-18	-4	11	0
g	58	764	13	3	11	4	-18	-7	11	0
g	59	791	13	4	15	3	-22	-7	11	0
g	60	816	12	10	10	0	-16	-6	11	0
g	61	844	13	11	8	0	-15	-7	11	0
g	62	873	12	10	10	1	-16	-6	11	0
g	63	901	10	9	14	1	-18	-4	11	0
g	64	929	10	9	16	1	-20	-4	11	0
g	65	956	10	11	14	0	-18	-4	11	0
g	66	985	10	10	14	1	-18	-4	11	0
g	67	1012	10	11	14	0	-18	-4	11	0
g	68	1041	10	10	14	1	-18	-4	11	0
g	69	1069	10	10	14	1	-18	-4	11	0
g	70	1097	10	10	14	1	-18	-4	11	0
g	71	1124	10	11	14	0	-18	-4	11	0
g	72	1153	10	9	14	1	-18	-4	11	0
g	73	5	45	9	14	1	-18	-4	11	0
g	74	32	45	10	14	0	-18	-4	11	0
g	75	61	45	10	14	1	-18	-4	11	0
g	76	89	45	10	14	1	-18	-4	11	0
g	77	117	45	9	14	1	-18	-4	11	0
g	78	145	45	9	14	1	-18	-4	11	0
g	79	172	45	11	14	0	-18	-4	11	0
g	80	201	45	10	14	1	-18	-4	11	0
g	81	228	45	11	18	0	-22	-4	11	0
g	82	257	45	10	14	1	-18	-4	11	0
g	83	285	45	9	14	1	-18	-4	11	0
g	84	312	45	11	14	0	-18	-4	11	0
g	85	341	45	9	14	1	-18	-4	11	0
g	86	368	45	11	14	0	-18	-4	11	0
g	87	396	45	11	14	0	-18	-4	11	0
g	88	424	45	11	14	0	-18	-4	11	0
g	89	452	45	11	14	0	-18	-4	11	0
g	90	481	45	9	14	1	-18	-4	11	0
g	91	511	43	7	18	3	-20	-2	11	0
g	92	536	43	11	18	0	-20	-2	11	0
g	93	565	43	7	18	1	-20	-2	11	0
g	94	593	45	9	7	1	-11	-4	11	0
g	95	620	58	11	3	0	-20	-17	11	0
g	96	651	43	5	6	3	-8	-2	11	0
g	97	676	48	11	11	0	-18	-7	11	0
g	98	705	44	10	15	1	-18	-3	11	0
g	99	733	48	10	11	1	-18	-7	11	0
g	100	760	44	10	15	0	-18	-3	11	0
g	101	789	48	9	11	1	-18	-7	11	0
g	102	816	44	11	15	0	-18	-3	11	0
g	103	844	48	10	16	0	-23	-7	11	0
g	104	873	44	9	15	1	-18	-3	11	0
g	105	901	44	10	15	1	-18	-3	11	0
g	106	929	44	8	20	1	-23	-3	11	0
g	107	957	44	10	15	1	-18	-3	11	0
g	108	984	44	10	15	0	-18	-3	11	0
g	109	1013	48	10	11	1	-18	-7	11	0
g	110	1041	48	9	11	1	-18	-7	11	0
g	111	1069	48	9	11	1	-18	-7	11	0
g	112	1097	48	10	15	1	-22	-7	11	0
g	113	1124	48	10	15	0	-22	-7	11	0
g	114	1152	48	11	11	0	-18	-7	11	0
g	115	5	83	9	11	1	-18	-7	11	0
g	116	32	80	10	14	0	-18	-4	11	0
g	117	61	83	10	11	1	-18	-7	11	0
g	118	88	83	11	11	0	-18	-7	11	0
g	119	116	83	11	11	0	-18	-7	11	0
g	120	144	83	11	11	0	-18	-7	11	0
g	121	172	83	11	16	0	-23	-7	11	0
g	122	201	83	9	11	1	-18	-7	11	0
g	123	230	78	8	18	2	-20	-2	11	0
g	124	260	77	3	20	4	-21	-1	11	0
g	125	285	78	8	18	1	-20	-2	11	0
g	126	312	84	11	6	0	-14	-8	11	0
g	160	340	76	0	0	0	0	0	11	0
g	161	372	83	3	15	4	-22	-7	11	0
g	162	397	80	10	17	1	-21	-4	11	0
g	163	425	80	10	14	1	-18	-4	11	0
g	164	452	81	11	12	0	-17	-5	11	0
g	165	480	80	11	14	0	-18	-4	11	0
g	166	512	77	3	20	4	-21	-1	11	0
g	167	536	79	11	17	0	-20	-3	11	0
g	168	566	79	7	4	2	-7	-3	11	0
g	169	592	80	11	14	0	-18	-4	11	0
g	170	622	80	7	7	2	-11	-4	11	0
g	171	648	84	11	10	0	-18	-8	11	0
g	172	676	85	11	6	0	-15	-9	11	0
g	174	704	80	11	14	0	-18	-4	11	0
g	175	733	80	9	3	1	-7	-4	11	0
g	176	762	80	8	8	2	-12	-4	11	0
g	177	788	82	11	10	0	-16	-6	11	0
g	178	819	80	6	7	3	-11	-4	11	0
g	179	847	80	5	7	3	-11	-4	11	0
g	180	876	78	4	5	4	-7	-2	11	0
g	181	901	83	10	15	1	-22	-7	11	0
g	182	928	80	11	14	0	-18	-4	11	0
g	183	960	85	3	4	4	-13	-9	11	0
g	184	987	93	5	6	3	-23	-17	11	0
g	185	1015	80	5	7	3	-11	-4	11	0
g	186	1042	80	7	7	2	-11	-4	11	0
g	187	1068	84	11	10	0	-18	-8	11	0
g	188	1096	80	11	14	0	-18	-4	11	0
g	189	1124	80	11	14	0	-18	-4	11	0
g	190	1152	80	11	14	0	-18	-4	11	0
g	191	5	118	10	15	1	-22	-7	11	0
g	192	32	111	11	18	0	-18	0	11	0
g	193	60	111	11	18	0	-18	0	11	0
g	194	88	111	11	18	0	-18	0	11	0
g	195	116	111	11	18	0	-18	0	11	0
g	196	144	111	11	18	0	-18	0	11	0
g	197	172	111	11	18	0	-18	0	11	0
g	198	200	115	11	14	0	-18	-4	11	0
g	199	228	115	11	19	0	-23	-4	11	0
g	200	257	111	10	18	1	-18	0	11	0
g	201	285	111	10	18	1	-18	0	11	0
g	202	313	111	10	18	1	-18	0	11	0
g	203	341	111	10	18	1	-18	0	11	0
g	204	369	111	9	18	1	-18	0	11	0
g	205	397	111	9	18	1	-18	0	11	0
g	206	425	111	9	18	1	-18	0	11	0
g	207	453	111	9	18	1	-18	0	11	0
g	208	480	115	11	14	0	-18	-4	11	0
g	209	509	111	9	18	1	-18	0	11	0
g	210	536	111	11	18	0	-18	0	11	0
g	211	564	111	11	18	0	-18	0	11	0
g	212	592	111	11	18	0	-18	0	11	0
g	213	620	111	11	18	0	-18	0	11	0
g	214	648	111	11	18	0	-18	0	11	0
g	215	677	117	10	10	1	-16	-6	11	0
g	216	704	114	11	16	0	-19	-3	11	0
g	217	733	111	9	18	1	-18	0	11	0
g	218	761	111	9	18	1	-18	0	11	0
g	219	789	111	9	18	1	-18	0	11	0
g	220	817	111	9	18	1	-18	0	11	0
g	221	844	111	11	18	0	-18	0	11	0
g	222	873	115	10	14	1	-18	-4	11	0
g	223	900	114	11	15	0	-18	-3	11	0
g	224	928	113	11	16	0	-18	-2	11	0
g	225	956	113	11	16	0	-18	-2	11	0
g	226	984	113	11	16	0	-18	-2	11	0
g	227	1012	113	11	16	0	-18	-2	11	0
g	228	1040	114	11	15	0	-18	-3	11	0
g	229	1068	113	11	16	0	-18	-2	11	0
g	230	1096	118	11	11	0	-18	-7	11	0
g	231	1125	118	10	16	1	-23	-7	11	0
g	232	1153	113	9	16	1	-18	-2	11	0
g	233	5	148	9	16	1	-18	-2	11	0
g	234	33	148	9	16	1	-18	-2	11	0
g	235	61	149	9	15	1	-18	-3	11	0
g	236	89	148	10	16	1	-18	-2	11	0
g	237	117	148	10	16	1	-18	-2	11	0
g	238	145	148	10	16	1	-18	-2	11	0
g	239	173	149	10	15	1	-18	-3	11	0
g	240	201	149	10	15	1	-18	-3	11	0
g	241	229	148	9	16	1	-18	-2	11	0
g	242	257	148	9	16	1	-18	-2	11	0
g	243	285	148	9	16	1	-18	-2	11	0
g	244	313	148	9	16	1	-18	-2	11	0
g	245	341	148	9	16	1	-18	-2	11	0
g	246	369	149	9	15	1	-18	-3	11	0
g	247	396	151	11	12	0	-17	-5	11	0
g	248	425	152	9	13	1	-19	-6	11	0
g	249	453	148	10	16	1	-18	-2	11	0
g	250	481	148	10	16	1	-18	-2	11	0
g	251	509	148	10	16	1	-18	-2	11	0
g	252	537	149	10	15	1	-18	-3	11	0
g	253	564	148	11	21	0	-23	-2	11	0
g	254	593	149	10	19	1	-22	-3	11	0
g	255	620	149	11	20	0	-23	-3	11	0
g	256	648	147	11	17	0	-18	-1	11	0
g	257	676	150	11	14	0	-18	-4	11	0
g	258	704	146	11	18	0	-18	0	11	0
g	259	732	148	11	16	0	-18	-2	11	0
g	260	760	150	11	18	0	-22	-4	11	0
g	261	788	153	11	15	0	-22	-7	11	0
g	262	816	146	11	18	0	-18	0	11	0
g	263	845	148	10	16	1	-18	-2	11	0
g	264	872	146	11	18	0	-18	0	11	0
g	265	901	148	10	16	1	-18	-2	11	0
g	266	928	146	11	18	0	-18	0	11	0
g	267	957	149	10	15	1	-18	-3	11	0
g	268	984	146	11	18	0	-18	0	11	0
g	269	1013	148	10	16	1	-18	-2	11	0
g	270	1041	146	10	18	1	-18	0	11	0
g	271	1068	149	13	15	0	-18	-3	11	0
g	272	1096	150	11	14	0	-18	-4	11	0
g	273	1124	149	11	15	0	-18	-3	11	0
g	274	1153	147	10	17	1	-18	-1	11	0
g	275	5	185	9	14	1	-18	-4	11	0
g	276	33	181	10	18	1	-18	0	11	0
g	277	61	183	9	16	1	-18	-2	11	0
g	278	89	181	10	18	1	-18	0	11	0
g	279	117	184	9	15	1	-18	-3	11	0
g	280	145	185	10	18	1	-22	-4	11	0
g	281	173	188	9	15	1	-22	-7	11	0
g	282	201	181	10	18	1	-18	0	11	0
g	283	229	183	9	16	1	-18	-2	11	0
g	284	256	181	11	18	0	-18	0	11	0
g	285	284	183	10	21	0	-23	-2	11	0
g	286	312	181	11	18	0	-18	0	11	0
g	287	340	183	10	21	0	-23	-2	11	0
g	288	368	181	11	18	0	-18	0	11	0
g	289	396	184	10	20	0	-23	-3	11	0
g	290	424	185	11	19	0	-23	-4	11	0
g	291	452	183	10	21	0	-23	-2	11	0
g	292	481	181	9	18	1	-18	0	11	0
g	293	507	180	11	19	-1	-18	1	11	0
g	294	536	185	11	14	0	-18	-4	11	0
g	295	564	184	10	15	0	-18	-3	11	0
g	296	593	181	9	18	1	-18	0	11	0
g	297	621	183	10	16	1	-18	-2	11	0
g	298	649	182	9	17	1	-18	-1	11	0
g	299	677	185	10	14	1	-18	-4	11	0
g	300	705	181	9	18	1	-18	0	11	0
g	301	733	183	10	16	1	-18	-2	11	0
g	302	761	185	9	18	1	-22	-4	11	0
g	303	789	184	10	19	1	-22	-3	11	0
g	304	817	181	9	18	1	-18	0	11	0
g	305	845	188	10	11	1	-18	-7	11	0
g	306	872	185	11	14	0	-18	-4	11	0
g	307	901	184	9	20	1	-23	-3	11	0
g	308	928	181	11	18	0	-18	0	11	0
g	309	957	183	10	21	1	-23	-2	11	0
g	310	985	185	10	19	1	-23	-4	11	0
g	311	1013	184	10	20	1	-23	-3	11	0
g	312	1041	188	10	11	1	-18	-7	11	0
g	313	1069	181	10	18	1	-18	0	11	0
g	314	1096	180	10	19	0	-18	1	11	0
g	315	1125	185	10	19	1	-23	-4	11	0
g	316	1152	184	10	20	0	-23	-3	11	0
g	317	5	219	10	15	1	-18	-3	11	0
g	318	32	219	10	15	0	-18	-3	11	0
g	319	61	220	10	14	1	-18	-4	11	0
g	320	88	219	10	15	0	-18	-3	11	0
g	321	116	220	11	14	0	-18	-4	11	0
g	322	144	219	10	15	0	-18	-3	11	0
g	323	173	216	9	18	1	-18	0	11	0
g	324	201	218	9	16	1	-18	-2	11	0
g	325	229	220	9	19	1	-23	-4	11	0
g	326	257	223	9	16	1	-23	-7	11	0
g	327	285	216	9	18	1	-18	0	11	0
g	328	313	218	9	16	1	-18	-2	11	0
g	329	340	217	10	17	0	-18	-1	11	0
g	330	369	220	9	19	1	-23	-4	11	0
g	331	397	223	9	16	1	-23	-7	11	0
g	332	424	217	11	17	0	-18	-1	11	0
g	333	453	220	9	14	1	-18	-4	11	0
g	334	480	216	11	18	0	-18	0	11	0
g	335	509	218	9	16	1	-18	-2	11	0
g	336	536	216	11	18	0	-18	0	11	0
g	337	565	218	9	16	1	-18	-2	11	0
g	338	592	220	11	14	0	-18	-4	11	0
g	339	620	223	11	11	0	-18	-7	11	0
g	340	649	216	10	18	1	-18	0	11	0
g	341	676	218	11	16	0	-18	-2	11	0
g	342	705	220	10	19	1	-23	-4	11	0
g	343	732	223	11	16	0	-23	-7	11	0
g	344	761	216	10	18	1	-18	0	11	0
g	345	788	218	11	16	0	-18	-2	11	0
g	346	817	216	9	18	1	-18	0	11	0
g	347	845	218	9	16	1	-18	-2	11	0
g	348	873	216	9	18	1	-18	0	11	0
g	349	901	218	9	16	1	-18	-2	11	0
g	350	929	220	9	19	1	-23	-4	11	0
g	351	957	223	9	16	1	-23	-7	11	0
g	352	985	216	9	18	1	-18	0	11	0
g	353	1013	218	9	16	1	-18	-2	11	0
g	354	1040	220	11	19	0	-23	-4	11	0
g	355	1068	220	10	19	0	-23	-4	11	0
g	356	1096	216	11	18	0	-18	0	11	0
g	357	1124	218	10	16	0	-18	-2	11	0
g	358	1152	220	11	14	0	-18	-4	11	0
g	359	4	255	10	14	0	-18	-4	11	0
g	360	33	251	9	18	1	-18	0	11	0
g	361	61	253	10	16	1	-18	-2	11	0
g	362	89	252	9	17	1	-18	-1	11	0
g	363	117	255	10	14	1	-18	-4	11	0
g	364	145	251	9	18	1	-18	0	11	0
g	365	173	253	10	16	1	-18	-2	11	0
g	366	201	251	9	18	1	-18	0	11	0
g	367	229	253	10	16	1	-18	-2	11	0
g	368	257	251	10	18	1	-18	0	11	0
g	369	285	253	10	16	1	-18	-2	11	0
g	370	313	255	9	18	1	-22	-4	11	0
g	371	341	258	10	15	1	-22	-7	11	0
g	372	368	251	11	18	0	-18	0	11	0
g	373	396	253	11	16	0	-18	-2	11	0
g	374	424	251	11	18	0	-18	0	11	0
g	375	452	253	11	21	0	-23	-2	11	0
g	376	480	251	11	18	0	-18	0	11	0
g	377	509	251	9	18	1	-18	0	11	0
g	378	537	253	9	16	1	-18	-2	11	0
g	379	565	251	9	18	1	-18	0	11	0
g	380	593	254	9	15	1	-18	-3	11	0
g	381	621	251	9	18	1	-18	0	11	0
g	382	649	253	9	16	1	-18	-2	11	0
g	383	676	254	11	15	0	-18	-3	11	0
g	390	704	255	11	14	0	-18	-4	11	0
g	393	732	255	11	14	0	-18	-4	11	0
g	398	760	255	10	14	0	-18	-4	11	0
g	399	788	255	11	14	0	-18	-4	11	0
g	400	817	255	10	14	1	-18	-4	11	0
g	401	843	255	12	19	-1	-23	-4	11	0
g	402	872	254	11	20	0	-23	-3	11	0
g	404	900	255	11	18	0	-22	-4	11	0
g	406	928	254	10	15	0	-18	-3	11	0
g	410	956	254	10	15	0	-18	-3	11	0
g	411	984	254	11	15	0	-18	-3	11	0
g	413	1011	255	11	19	-1	-23	-4	11	0
g	416	1040	253	12	16	0	-18	-2	11	0
g	417	1069	256	10	13	1	-18	-5	11	0
g	425	1097	255	9	14	1	-18	-4	11	0
g	431	1125	253	12	16	1	-18	-2	11	0
g	432	1153	256	11	13	1	-18	-5	11	0
g	433	4	290	11	14	0	-18	-4	11	0
g	434	33	290	9	14	1	-18	-4	11	0
g	439	60	290	11	14	0	-18	-4	11	0
g	461	88	286	11	18	0	-18	0	11	0
g	462	116	288	11	16	0	-18	-2	11	0
g	477	145	293	9	11	1	-18	-7	11	0
g	484	172	290	12	14	0	-18	-4	11	0
g	485	200	293	11	16	0	-23	-7	11	0
g	486	228	286	11	18	0	-18	0	11	0
g	487	256	288	10	21	0	-23	-2	11	0
g	490	284	290	11	18	0	-22	-4	11	0
g	491	313	293	9	15	1	-22	-7	11	0
g	496	341	288	10	21	1	-23	-2	11	0
g	506	368	284	11	20	0	-18	2	11	0
g	507	396	285	11	19	0	-18	1	11	0
g	508	424	286	11	18	0	-18	0	11	0
g	509	452	288	11	16	0	-18	-2	11	0
g	510	480	286	11	19	0	-19	0	11	0
g	511	509	288	9	17	1	-19	-2	11	0
g	536	537	290	9	19	1	-23	-4	11	0
g	537	565	293	9	16	1	-23	-7	11	0
g	538	592	290	11	19	0	-23	-4	11	0
g	539	620	290	10	19	0	-23	-4	11	0
g	542	649	286	9	18	1	-18	0	11	0
g	543	675	285	11	19	-1	-18	1	11	0
g	562	704	287	11	17	0	-18	-1	11	0
g	563	732	290	11	19	0	-23	-4	11	0
g	567	761	293	8	16	1	-23	-7	11	0
g	570	788	287	11	20	0	-21	-1	11	0
g	571	816	287	11	20	0	-21	-1	11	0
g	573	843	290	12	14	-1	-18	-4	11	0
g	574	872	287	11	20	0	-21	-1	11	0
g	581	900	290	11	14	0	-18	-4	11	0
g	593	928	293	11	11	0	-18	-7	11	0
g	596	957	293	9	11	1	-18	-7	11	0
g	598	984	289	13	19	0	-22	-3	11	0
g	601	1013	293	9	11	1	-18	-7	11	0
g	603	1041	293	9	11	1	-18	-7	11	0
g	610	1068	293	11	11	0	-18	-7	11	0
g	611	1096	293	11	15	0	-22	-7	11	0
g	617	1125	293	9	11	1	-18	-7	11	0
g	618	1153	293	9	11	1	-18	-7	11	0
g	619	4	324	10	15	0	-18	-3	11	0
g	620	31	324	11	15	-1	-18	-3	11	0
g	626	58	328	12	15	-2	-22	-7	11	0
g	643	89	324	10	20	1	-23	-3	11	0
g	650	116	328	11	11	0	-18	-7	11	0
g	651	145	328	9	11	1	-18	-7	11	0
g	652	172	328	11	11	0	-18	-7	11	0
g	658	200	328	10	15	0	-22	-7	11	0
g	660	229	324	9	15	1	-18	-3	11	0
g	661	257	324	9	15	1	-18	-3	11	0
g	671	285	328	10	11	1	-18	-7	11	0
g	679	312	325	12	19	0	-23	-4	11	0
g	695	342	325	8	7	2	-11	-4	11	0
g	696	370	325	7	9	2	-13	-4	11	0
g	699	399	324	5	8	3	-11	-3	11	0
g	700	427	325	5	8	3	-12	-4	11	0
g	704	454	324	7	8	2	-11	-3	11	0
g	710	482	323	7	5	2	-7	-2	11	0
g	711	510	323	7	5	2	-7	-2	11	0
g	713	537	325	9	3	1	-7	-4	11	0
g	720	567	328	5	11	3	-18	-7	11	0
g	728	594	323	7	5	2	-7	-2	11	0
g	729	624	324	3	4	4	-7	-3	11	0
g	730	651	323	5	5	3	-7	-2	11	0
g	731	679	338	5	5	3	-22	-17	11	0
g	732	706	323	7	4	2	-6	-2	11	0
g	733	734	323	8	5	2	-7	-2	11	0
g	768	763	323	5	5	3	-7	-2	0	0
g	769	792	323	4	5	4	-7	-2	0	0
g	770	818	323	7	5	2	-7	-2	0	0
g	771	846	323	7	4	2	-6	-2	0	0
g	772	873	325	9	3	1	-7	-4	0	0
g	774	902	323	7	5	2	-7	-2	0	0
g	775	932	324	3	4	4	-7	-3	0	0
g	776	958	324	7	4	2	-7	-3	0	0
g	777	987	322	5	6	3	-7	-1	0	0
g	778	1015	323	5	5	3	-7	-2	0	0
g	779	1042	323	8	5	2	-7	-2	0	0
g	780	1070	323	7	5	2	-7	-2	0	0
g	786	1099	323	4	5	3	-7	-2	0	0
g	787	1128	323	4	5	4	-7	-2	0	0
g	789	1156	323	4	5	4	-7	-2	0	0
g	795	7	361	5	5	3	-10	-5	0	0
g	803	36	375	3	3	4	-22	-19	0	0
g	805	63	374	5	5	3	-23	-18	0	0
g	806	92	374	4	5	4	-23	-18	0	0
g	807	119	373	5	6	3	-23	-17	0	0
g	808	147	373	5	5	3	-22	-17	0	0
g	817	173	375	9	3	1	-22	-19	0	0
g	818	199	375	13	3	-1	-22	-19	0	0
g	832	231	358	5	5	3	-7	-2	0	0
g	833	260	358	4	5	4	-7	-2	0	0
g	834	286	358	7	4	2	-6	-2	0	0
g	884	315	360	5	8	3	-12	-4	11	0
g	885	343	371	4	7	3	-22	-15	11	0
g	894	371	363	4	15	3	-22	-7	11	0
g	900	400	358	4	5	4	-7	-2	11	0
g	901	425	358	9	5	1	-7	-2	11	0
g	902	451	360	12	14	-1	-18	-4	11	0
g	903	484	363	3	4	4	-11	-7	11	0
g	904	507	360	12	14	-1	-18	-4	11	0
g	905	535	360	11	14	-1	-18	-4	11	0
g	906	563	360	11	14	-1	-18	-4	11	0
g	908	591	360	12	14	-1	-18	-4	11	0
g	910	619	360	12	14	-1	-18	-4	11	0
g	911	647	360	12	14	-1	-18	-4	11	0
g	912	676	358	10	16	0	-18	-2	11	0
g	913	704	360	11	14	0	-18	-4	11	0
g	914	733	360	10	14	1	-18	-4	11	0
g	915	761	360	10	14	1	-18	-4	11	0
g	916	788	360	11	14	0	-18	-4	11	0
g	917	817	360	10	14	1	-18	-4	11	0
g	918	845	360	9	14	1	-18	-4	11	0
g	919	873	360	9	14	1	-18	-4	11	0
g	920	900	360	11	14	0	-18	-4	11	0
g	921	929	360	9	14	1	-18	-4	11	0
g	922	957	360	10	14	1	-18	-4	11	0
g	923	984	360	11	14	0	-18	-4	11	0
g	924	1013	360	9	14	1	-18	-4	11	0
g	925	1041	360	9	14	1	-18	-4	11	0
g	926	1068	360	11	14	0	-18	-4	11	0
g	927	1096	360	11	14	0	-18	-4	11	0
g	928	1125	360	9	14	1	-18	-4	11	0
g	929	1153	360	10	14	1	-18	-4	11	0
g	931	5	395	9	14	1	-18	-4	11	0
g	932	32	395	11	14	0	-18	-4	11	0
g	933	60	395	11	14	0	-18	-4	11	0
g	934	88	395	11	14	0	-18	-4	11	0
g	935	116	395	11	14	0	-18	-4	11	0
g	936	144	395	11	14	0	-18	-4	11	0
g	937	172	395	11	14	0	-18	-4	11	0
g	938	201	391	9	18	1	-18	0	11	0
g	939	228	391	11	18	0	-18	0	11	0
g	940	256	393	11	16	0	-18	-2	11	0
g	941	285	393	9	16	1	-18	-2	11	0
g	942	313	393	9	20	1	-22	-2	11	0
g	943	341	393	9	16	1	-18	-2	11	0
g	944	368	393	11	16	0	-18	-2	11	0
g	945	396	398	11	11	0	-18	-7	11	0
g	946	425	394	10	19	1	-22	-3	11	0
g	947	452	398	11	15	0	-22	-7	11	0
g	948	481	394	10	15	1	-18	-3	11	0
g	949	509	398	9	11	1	-18	-7	11	0
g	950	537	394	10	20	1	-23	-3	11	0
g	951	565	398	9	15	1	-22	-7	11	0
g	952	593	394	9	15	1	-18	-3	11	0
g	953	621	398	9	11	1	-18	-7	11	0
g	954	649	398	10	11	1	-18	-7	11	0
g	955	676	394	11	15	0	-18	-3	11	0
g	956	705	398	10	15	1	-22	-7	11	0
g	957	732	398	11	11	0	-18	-7	11	0
g	958	761	394	9	20	1	-23	-3	11	0
g	959	789	398	9	11	1	-18	-7	11	0
g	960	816	398	11	11	0	-18	-7	11	0
g	961	845	398	10	15	1	-22	-7	11	0
g	962	873	398	10	16	1	-23	-7	11	0
g	963	900	398	11	11	0	-18	-7	11	0
g	964	929	398	9	11	1	-18	-7	11	0
g	965	956	398	10	11	0	-18	-7	11	0
g	966	984	394	11	19	0	-22	-3	11	0
g	967	1012	398	11	16	0	-23	-7	11	0
g	968	1040	394	11	19	0	-22	-3	11	0
g	969	1068	398	11	11	0	-18	-7	11	0
g	970	1097	394	9	15	1	-18	-3	11	0
g	971	1124	394	10	15	0	-18	-3	11	0
g	972	1153	393	9	16	1	-18	-2	11	0
g	973	4	428	10	16	0	-18	-2	11	0
g	974	32	428	11	16	0	-18	-2	11	0
g	975	61	430	10	18	1	-22	-4	11	0
g	983	89	433	10	15	1	-22	-7	11	0
g	1024	117	426	10	18	1	-18	0	11	0
g	1025	145	426	10	18	1	-18	0	11	0
g	1026	171	430	12	14	-1	-18	-4	11	0
g	1027	201	426	10	18	1	-18	0	11	0
g	1028	228	430	11	14	0	-18	-4	11	0
g	1029	257	430	9	14	1	-18	-4	11	0
g	1030	285	430	9	14	1	-18	-4	11	0
g	1031	313	426	9	18	1	-18	0	11	0
g	1032	340	430	10	14	0	-18	-4	11	0
g	1033	368	430	11	14	0	-18	-4	11	0
g	1034	397	430	10	14	1	-18	-4	11	0
g	1035	424	430	10	14	0	-18	-4	11	0
g	1036	453	426	10	18	1	-18	0	11	0
g	1037	481	426	9	18	1	-18	0	11	0
g	1038	508	426	11	18	0	-18	0	11	0
g	1039	537	430	9	17	1	-21	-4	11	0
g	1040	564	430	11	14	0	-18	-4	11	0
g	1041	593	430	10	14	1	-18	-4	11	0
g	1042	621	430	10	14	1	-18	-4	11	0
g	1043	649	430	10	14	1	-18	-4	11	0
g	1044	676	430	11	17	0	-21	-4	11	0
g	1045	705	430	10	14	1	-18	-4	11	0
g	1046	732	430	11	14	0	-18	-4	11	0
g	1047	760	430	10	14	0	-18	-4	11	0
g	1048	789	430	9	14	1	-18	-4	11	0
g	1049	817	426	9	18	1	-18	0	11	0
g	1050	845	430	10	14	1	-18	-4	11	0
g	1051	872	430	10	14	0	-18	-4	11	0
g	1052	901	430	9	14	1	-18	-4	11	0
g	1053	929	430	9	14	1	-18	-4	11	0
g	1054	956	430	11	14	0	-18	-4	11	0
g	1055	985	430	9	14	1	-18	-4	11	0
g	1056	1013	430	10	14	1	-18	-4	11	0
g	1057	1040	430	11	14	0	-18	-4	11	0
g	1058	1068	430	11	14	0	-18	-4	11	0
g	1059	1096	430	11	14	0	-18	-4	11	0
g	1060	1124	430	11	14	0	-18	-4	11	0
g	1061	1152	430	11	14	0	-18	-4	11	0
g	1062	5	465	10	17	1	-21	-4	11	0
g	1063	32	465	10	14	0	-18	-4	11	0
g	1064	61	465	9	14	1	-18	-4	11	0
g	1065	89	465	10	17	1	-21	-4	11	0
g	1066	115	465	12	14	-1	-18	-4	11	0
g	1067	145	465	9	14	1	-18	-4	11	0
g	1068	173	465	10	14	1	-18	-4	11	0
g	1069	200	465	11	14	0	-18	-4	11	0
g	1070	228	465	11	14	0	-18	-4	11	0
g	1071	256	465	10	14	0	-18	-4	11	0
g	1072	284	468	11	11	0	-18	-7	11	0
g	1073	313	464	9	15	1	-18	-3	11	0
g	1074	341	468	10	11	1	-18	-7	11	0
g	1075	370	468	8	11	2	-18	-7	11	0
g	1076	396	468	11	14	0	-21	-7	11	0
g	1077	425	468	9	11	1	-18	-7	11	0
g	1078	452	468	11	11	0	-18	-7	11	0
g	1079	481	468	9	11	1	-18	-7	11	0
g	1080	509	468	9	11	1	-18	-7	11	0
g	1081	537	463	9	16	1	-18	-2	11	0
g	1082	565	468	9	11	1	-18	-7	11	0
g	1083	592	468	10	11	0	-18	-7	11	0
g	1084	621	468	9	11	1	-18	-7	11	0
g	1085	649	468	9	11	1	-18	-7	11	0
g	1086	677	468	9	11	1	-18	-7	11	0
g	1087	705	468	9	11	1	-18	-7	11	0
g	1088	733	468	10	15	1	-22	-7	11	0
g	1089	761	468	10	11	1	-18	-7	11	0
g	1090	788	468	11	11	0	-18	-7	11	0
g	1091	816	468	11	16	0	-23	-7	11	0
g	1092	844	464	11	19	0	-22	-3	11	0
g	1093	872	468	11	11	0	-18	-7	11	0
g	1094	901	468	10	14	1	-21	-7	11	0
g	1095	929	468	9	11	1	-18	-7	11	0
g	1096	957	468	10	11	1	-18	-7	11	0
g	1097	985	468	10	14	1	-21	-7	11	0
g	1098	1012	468	11	11	0	-18	-7	11	0
g	1099	1041	468	10	11	1	-18	-7	11	0
g	1100	1069	468	10	11	1	-18	-7	11	0
g	1101	1097	468	9	11	1	-18	-7	11	0
g	1102	1125	468	10	11	1	-18	-7	11	0
g	1103	1153	468	9	11	1	-18	-7	11	0
g	1104	5	498	9	16	1	-18	-2	11	0
g	1105	33	499	9	15	1	-18	-3	11	0
g	1106	60	499	10	20	0	-23	-3	11	0
g	1107	90	498	8	16	2	-18	-2	11	0
g	1108	117	503	10	11	1	-18	-7	11	0
g	1109	145	503	9	11	1	-18	-7	11	0
g	1110	173	499	10	15	1	-18	-3	11	0
g	1111	201	499	10	15	1	-18	-3	11	0
g	1112	229	499	8	20	1	-23	-3	11	0
g	1113	256	503	11	11	0	-18	-7	11	0
g	1114	284	503	11	11	0	-18	-7	11	0
g	1115	312	499	10	15	0	-18	-3	11	0
g	1116	341	498	9	16	1	-18	-2	11	0
g	1117	369	498	9	16	1	-18	-2	11	0
g	1118	396	498	11	21	0	-23	-2	11	0
g	1119	425	503	9	14	1	-21	-7	11	0
g	1168	453	497	10	17	1	-18	-1	11	0
g	1169	482	501	8	13	2	-18	-5	11	0
g	1170	507	500	12	14	-1	-18	-4	11	0
g	1171	536	503	10	11	0	-18	-7	11	0
g	1174	564	500	12	17	0	-21	-4	11	0
g	1175	592	503	11	14	0	-21	-7	11	0
g	1178	621	500	10	17	1	-21	-4	11	0
g	1179	649	503	10	14	1	-21	-7	11	0
g	1186	677	500	10	17	1	-21	-4	11	0
g	1187	705	503	10	14	1	-21	-7	11	0
g	1198	732	500	11	14	0	-18	-4	11	0
g	1199	760	503	11	15	0	-22	-7	11	0
g	1200	788	500	11	14	0	-18	-4	11	0
g	1201	816	503	11	15	0	-22	-7	11	0
g	1202	844	500	11	17	0	-21	-4	11	0
g	1203	872	503	11	14	0	-21	-7	11	0
g	1206	900	500	11	17	0	-21	-4	11	0
g	1207	929	503	10	14	1	-21	-7	11	0
g	1210	957	500	9	14	1	-18	-4	11	0
g	1211	985	499	9	15	1	-18	-3	11	0
g	1216	1013	500	9	14	1	-18	-4	11	0
g	1231	1041	503	10	11	1	-18	-7	11	0
g	1240	1068	500	11	14	0	-18	-4	11	0
g	1241	1097	503	9	11	1	-18	-7	11	0
g	1250	1125	497	9	17	1	-18	-1	11	0
g	1251	1153	500	9	14	1	-18	-4	11	0
g	1256	4	535	11	14	0	-18	-4	11	0
g	1257	33	538	9	11	1	-18	-7	11	0
g	1262	60	532	11	17	0	-18	-1	11	0
g	1263	88	535	11	19	0	-23	-4	11	0
g	1463	116	537	19	15	0	-21	-6	11	0
g	1464	144	537	19	16	0	-22	-6	11	0
g	1465	176	534	3	2	4	-5	-3	0	0
g	1466	204	534	3	2	4	-5	-3	0	0
g	1468	228	537	18	10	0	-16	-6	11	0
g	1470	258	537	7	3	2	-9	-6	11	0
g	1472	288	534	3	15	4	-18	-3	11	0
g	1473	312	534	18	13	0	-16	-3	11	0
g	1474	340	534	18	13	0	-16	-3	11	0
g	1479	368	537	11	16	0	-22	-6	11	0
g	1488	396	537	11	12	0	-18	-6	11	0
g	1489	425	537	10	12	1	-18	-6	11	0
g	1490	453	537	8	12	1	-18	-6	11	0
g	1491	480	537	10	12	0	-18	-6	11	0
g	1492	509	537	9	12	1	-18	-6	11	0
g	1493	537	537	7	12	1	-18	-6	11	0
g	1494	565	537	8	12	1	-18	-6	11	0
g	1495	593	537	9	12	1	-18	-6	11	0
g	1496	621	537	9	12	1	-18	-6	11	0
g	1497	649	537	7	8	1	-14	-6	11	0
g	1498	676	537	9	16	0	-22	-6	11	0
g	1499	705	537	8	12	1	-18	-6	11	0
g	1500	733	534	8	15	1	-18	-3	11	0
g	1501	760	537	10	12	0	-18	-6	11	0
g	1502	788	537	10	12	0	-18	-6	11	0
g	1503	817	537	7	16	1	-22	-6	11	0
g	1504	845	537	8	12	1	-18	-6	11	0
g	1505	873	537	9	12	1	-18	-6	11	0
g	1506	901	537	9	12	1	-18	-6	11	0
g	1507	929	537	9	16	1	-22	-6	11	0
g	1508	957	537	9	12	1	-18	-6	11	0
g	1509	984	537	10	16	0	-22	-6	11	0
g	1510	1012	537	10	12	0	-18	-6	11	0
g	1511	1041	537	9	16	1	-22	-6	11	0
g	1512	1068	537	9	12	0	-18	-6	11	0
g	1513	1097	537	9	12	1	-18	-6	11	0
g	1514	1124	537	10	12	0	-18	-6	11	0
g	1523	1155	535	6	7	3	-11	-4	11	0
g	1524	5	570	10	7	1	-11	-4	11	0
g	1536	32	582	11	5	0	-21	-16	11	0
g	1537	60	584	11	4	0	-22	-18	11	0
g	1538	88	582	11	5	0	-21	-16	11	0
g	1539	116	581	11	6	0	-21	-15	11	0
g	1540	144	578	11	6	0	-18	-12	11	0
g	1541	172	576	11	4	0	-14	-10	11	0
g	1542	200	569	11	15	0	-18	-3	11	0
g	1543	228	569	11	15	0	-18	-3	11	0
g	1544	254	576	14	12	-2	-22	-10	11	0
g	1545	284	570	11	14	0	-18	-4	11	0
g	1547	311	570	11	19	-1	-23	-4	11	0
g	1548	344	578	4	6	4	-18	-12	11	0
g	1549	370	573	7	11	2	-18	-7	11	0
g	1550	396	578	11	6	0	-18	-12	11	0
g	1551	424	574	11	17	0	-25	-8	11	0
g	1563	456	573	4	11	4	-18	-7	11	0
g	1566	481	567	9	9	1	-10	-1	11	0
g	1567	510	570	8	14	2	-18	-4	11	0
g	1568	536	576	11	15	0	-25	-10	11	0
g	1569	567	577	6	7	3	-18	-11	11	0
g	1570	594	569	7	15	2	-18	-3	11	0
g	1571	623	567	5	17	3	-18	-1	11	0
g	1572	649	571	9	18	1	-23	-5	11	0
g	1573	679	570	5	19	3	-23	-4	11	0
g	1574	703	575	12	12	-1	-21	-9	11	0
g	1575	736	570	3	14	4	-18	-4	11	0
g	1576	760	577	12	11	0	-22	-11	11	0
g	1577	789	571	9	13	1	-18	-5	11	0
g	1578	816	574	12	10	0	-18	-8	11	0
g	1579	844	572	12	12	0	-18	-6	11	0
g	1580	872	575	11	15	0	-24	-9	11	0
g	1581	900	575	11	15	0	-24	-9	11	0
g	1582	928	571	11	19	0	-24	-5	11	0
g	1583	957	574	9	10	1	-18	-8	11	0
g	1584	985	570	9	14	1	-18	-4	11	0
g	1585	1013	577	9	11	1	-22	-11	11	0
g	1586	1041	573	9	15	1	-22	-7	11	0
g	1587	1068	577	11	10	0	-21	-11	11	0
g	1588	1096	571	11	16	0	-21	-5	11	0
g	1589	1124	575	11	12	0	-21	-9	11	0
g	1590	1152	571	11	16	0	-21	-5	11	0
g	1591	4	605	11	14	0	-18	-4	11	0
g	1592	32	605	11	14	0	-18	-4	11	0
g	1593	60	609	11	16	0	-24	-8	11	0
g	1594	88	605	11	20	0	-24	-4	11	0
g	1595	116	604	12	15	0	-18	-3	11	0
g	1596	144	605	12	20	0	-24	-4	11	0
g	1597	172	610	11	12	0	-21	-9	11	0
g	1598	199	611	12	11	-1	-21	-10	11	0
g	1599	227	609	12	13	-1	-21	-8	11	0
g	1600	255	616	13	3	-1	-18	-15	11	0
g	1601	284	605	12	14	0	-18	-4	11	0
g	1602	312	608	11	15	0	-22	-7	11	0
g	1603	340	605	11	14	0	-18	-4	11	0
g	1604	368	605	11	17	0	-21	-4	11	0
g	1605	397	611	9	14	1	-24	-10	11	0
g	1606	424	609	11	13	0	-21	-8	11	0
g	1607	453	610	9	9	1	-18	-9	11	0
g	1608	481	611	9	13	1	-23	-10	11	0
g	1609	508	611	11	11	0	-21	-10	11	0
g	1610	536	611	11	15	0	-25	-10	11	0
g	1611	567	602	5	5	3	-6	-1	0	0
g	1612	594	603	7	6	2	-8	-2	0	0
g	1613	623	619	5	5	3	-23	-18	0	0
g	1614	651	604	5	3	3	-6	-3	0	0
g	1615	679	603	5	6	3	-8	-2	0	0
g	1616	707	618	5	4	3	-21	-17	0	0
g	1617	735	604	5	5	3	-8	-3	0	0
g	1618	763	604	5	5	3	-8	-3	0	0
g	1619	790	605	7	3	2	-7	-4	0	0
g	1620	819	603	5	6	3	-8	-2	0	0
g	1621	847	619	5	5	3	-23	-18	0	0
g	1622	876	619	3	5	4	-23	-18	0	0
g	1624	903	604	5	5	3	-8	-3	0	0
g	1626	928	607	11	10	0	-16	-6	11	0
g	1627	956	607	11	10	0	-16	-6	11	0
g	1631	984	607	11	17	0	-23	-6	11	0
g	1632	1015	612	5	5	3	-16	-11	11	0
g	1633	1043	605	5	14	3	-18	-4	11	0
g	1634	1069	605	9	14	1	-18	-4	11	0
g	1635	1096	605	11	14	0	-18	-4	11	0
g	1636	1126	605	8	14	2	-18	-4	11	0
g	1637	1153	608	9	11	1	-18	-7	11	0
g	1638	5	640	9	14	1	-18	-4	11	0
g	1639	32	640	11	14	0	-18	-4	11	0
g	1640	60	640	11	14	0	-18	-4	11	0
g	1641	89	640	10	14	1	-18	-4	11	0
g	1642	117	640	10	14	1	-18	-4	11	0
g	1643	147	650	5	7	3	-21	-14	11	0
g	1644	175	651	5	6	3	-21	-15	11	0
g	1645	202	644	7	6	2	-14	-8	11	0
g	1646	228	647	12	7	0	-18	-11	11	0
g	1647	256	646	11	12	0	-22	-10	11	0
g	1648	288	644	3	5	4	-13	-8	0	0
g	1649	314	638	7	16	2	-18	-2	11	0
g	1650	342	637	6	17	2	-18	-1	11	0
g	1651	370	640	6	19	2	-23	-4	11	0
g	1652	399	638	5	6	3	-8	-2	0	0
g	1653	428	639	7	15	4	-18	-3	11	0
g	1654	453	642	11	17	1	-23	-6	11	0
g	1655	481	642	10	17	1	-23	-6	11	0
g	1656	508	641	13	16	0	-21	-5	11	0
g	1657	536	640	12	14	0	-18	-4	11	0
g	1658	564	642	12	12	0	-18	-6	11	0
g	1659	592	647	12	13	0	-24	-11	11	0
g	1660	620	644	12	12	0	-20	-8	11	0
g	1661	648	642	12	12	0	-18	-6	11	0
g	1662	676	647	12	13	0	-24	-11	11	0
g	1663	704	642	12	12	0	-18	-6	11	0
g	1664	732	647	12	13	0	-24	-11	11	0
g	1665	760	640	11	20	0	-24	-4	11	0
g	1666	788	639	11	21	0	-24	-3	11	0
g	1667	816	645	11	15	0	-24	-9	11	0
g	1668	844	645	11	15	0	-24	-9	11	0
g	1669	872	639	11	21	0	-24	-3	11	0
g	1670	900	645	11	15	0	-24	-9	11	0
g	1671	928	645	11	15	0	-24	-9	11	0
g	1672	957	637	9	17	1	-18	-1	11	0
g	1673	985	644	9	12	1	-20	-8	11	0
g	1674	1013	644	9	14	1	-22	-8	11	0
g	1675	1041	637	9	21	1	-22	-1	11	0
g	1676	1069	640	9	14	1	-18	-4	11	0
g	1677	1097	644	9	14	1	-22	-8	11	0
g	1678	1125	638	9	16	1	-18	-2	11	0
g	1679	1153	638	9	16	1	-18	-2	11	0
g	1680	5	673	9	16	1	-18	-2	11	0
g	1681	33	676	9	17	1	-22	-5	11	0
g	1682	61	679	9	14	1	-22	-8	11	0
g	1683	89	682	9	13	1	-24	-11	11	0
g	1684	117	682	9	15	1	-26	-11	11	0
g	1685	145	682	9	15	1	-26	-11	11	0
g	1686	173	682	9	15	1	-26	-11	11	0
g	1687	201	679	9	14	1	-22	-8	11	0
g	1688	229	676	9	17	1	-22	-5	11	0
g	1689	257	677	9	16	1	-22	-6	11	0
g	1690	284	678	11	15	0	-22	-7	11	0
g	1691	312	682	11	13	0	-24	-11	11	0
g	1692	340	676	11	19	0	-24	-5	11	0
g	1693	368	680	11	13	0	-22	-9	11	0
g	1694	396	674	11	18	0	-21	-3	11	0
g	1695	424	674	11	15	0	-18	-3	11	0
g	1696	452	673	11	22	0	-24	-2	11	0
g	1697	480	679	12	10	0	-18	-8	11	0
g	1698	508	679	12	14	0	-22	-8	11	0
g	1699	536	675	12	18	0	-22	-4	11	0
g	1700	564	673	12	16	0	-18	-2	11	0
g	1701	592	679	12	16	0	-24	-8	11	0
g	1702	620	674	12	15	0	-18	-3	11	0
g	1703	648	677	11	16	0	-22	-6	11	0
g	1704	676	675	11	18	0	-22	-4	11	0
g	1705	704	675	12	14	0	-18	-4	11	0
g	1706	732	678	11	11	0	-18	-7	11	0
g	1707	760	675	12	14	0	-18	-4	11	0
g	1708	788	675	11	14	0	-18	-4	11	0
g	1709	816	674	11	15	0	-18	-3	11	0
g	1710	844	675	11	20	0	-24	-4	11	0
g	1711	872	673	12	16	0	-18	-2	11	0
g	1712	900	673	12	16	0	-18	-2	11	0
g	1713	928	672	12	17	0	-18	-1	11	0
g	1714	956	673	12	20	0	-22	-2	11	0
g	1715	984	673	12	22	0	-24	-2	11	0
g	1716	1012	671	12	18	0	-18	0	11	0
g	1717	1040	671	11	21	0	-21	0	11	0
g	1718	1068	671	11	21	0	-21	0	11	0
g	1719	1096	669	12	23	0	-21	2	11	0
g	1720	1124	675	11	23	0	-27	-4	11	0
g	1721	1152	679	11	17	0	-25	-8	11	0
g	1722	4	718	11	9	0	-21	-12	11	0
g	1723	32	712	11	15	0	-21	-6	11	0
g	1724	60	714	11	16	0	-24	-8	11	0
g	1725	88	712	11	15	0	-21	-6	11	0
g	1726	116	715	11	9	0	-18	-9	11	0
g	1727	144	711	11	19	0	-24	-5	11	0
g	1728	173	710	9	14	1	-18	-4	11	0
g	1729	201	715	9	9	1	-18	-9	11	0
g	1730	229	710	9	14	1	-18	-4	11	0
g	1731	257	711	9	13	1	-18	-5	11	0
g	1732	285	716	9	13	1	-23	-10	11	0
g	1733	313	716	9	13	1	-23	-10	11	0
g	1734	341	712	9	17	1	-23	-6	11	0
g	1735	369	712	9	17	1	-23	-6	11	0
g	1736	397	711	9	18	1	-23	-5	11	0
g	1737	425	713	9	16	1	-23	-7	11	0
g	1738	453	713	9	16	1	-23	-7	11	0
g	1739	481	710	9	19	1	-23	-4	11	0
g	1740	508	716	11	11	0	-21	-10	11	0
g	1741	534	716	13	11	-2	-21	-10	11	0
g	1742	564	715	11	12	0	-21	-9	11	0
g	1743	593	712	9	17	1	-23	-6	11	0
g	1744	620	716	11	17	0	-27	-10	11	0
g	1745	648	716	11	17	0	-27	-10	11	0
g	1746	676	716	11	8	0	-18	-10	11	0
g	1747	704	711	11	13	0	-18	-5	11	0
g	1748	735	722	5	2	3	-18	-16	11	0
g	1749	761	715	9	9	1	-18	-9	11	0
g	1757	788	715	11	12	0	-21	-9	11	0
g	1758	816	715	11	11	0	-20	-9	11	0
g	1762	848	709	4	6	4	-9	-3	0	0
g	1768	875	708	5	6	3	-8	-2	0	0
g	1774	901	710	9	14	1	-18	-4	11	0
g	1775	929	714	9	14	1	-22	-8	11	0
g	1776	959	717	5	5	3	-16	-11	11	0
g	1777	987	710	5	14	3	-18	-4	11	0
g	1778	1013	710	9	14	1	-18	-4	11	0
g	1779	1040	710	11	14	0	-18	-4	11	0
g	1780	1069	710	10	14	1	-18	-4	11	0
g	1781	1096	712	11	12	0	-18	-6	11	0
g	1782	1125	710	10	14	1	-18	-4	11	0
g	1783	1152	710	11	14	0	-18	-4	11	0
g	1784	4	745	11	14	0	-18	-4	11	0
g	1785	33	745	10	14	1	-18	-4	11	0
g	1786	60	746	11	17	0	-22	-5	11	0
g	1787	88	746	11	17	0	-22	-5	11	0
g	1788	116	745	11	20	0	-24	-4	11	0
g	1789	147	752	6	11	3	-22	-11	11	0
g	1790	173	751	9	14	1	-24	-10	11	0
g	1791	200	746	11	13	0	-18	-5	11	0
g	1872	228	752	12	11	0	-22	-11	11	0
g	1873	256	747	12	16	0	-22	-6	11	0
g	1874	284	752	12	13	0	-24	-11	11	0
g	1875	312	749	12	16	0	-24	-8	11	0
g	1876	340	749	12	14	0	-22	-8	11	0
g	1877	368	752	12	11	0	-22	-11	11	0
g	1878	396	749	12	10	0	-18	-8	11	0
g	1879	424	746	11	19	0	-24	-5	11	0
g	1880	452	750	11	15	0	-24	-9	11	0
g	1881	481	742	9	23	1	-24	-1	11	0
g	1882	509	749	9	14	1	-22	-8	11	0
g	1883	537	752	9	11	1	-22	-11	11	0
g	1884	564	747	11	15	0	-21	-6	11	0
g	1885	592	746	11	19	0	-24	-5	11	0
g	1886	620	743	11	22	0	-24	-2	11	0
g	1887	648	743	11	22	0	-24	-2	11	0
g	1888	676	749	12	14	0	-22	-8	11	0
g	1889	704	749	12	16	0	-24	-8	11	0
g	1890	732	744	12	15	0	-18	-3	11	0
g	1891	760	743	12	16	0	-18	-2	11	0
g	1892	788	745	12	20	0	-24	-4	11	0
g	1893	817	747	9	18	1	-24	-6	11	0
g	1894	845	751	9	14	1	-24	-10	11	0
g	1895	872	749	11	17	0	-25	-8	11	0
g	1896	900	745	11	17	0	-21	-4	11	0
g	1897	928	746	11	16	0	-21	-5	11	0
g	1898	956	745	12	17	0	-21	-4	11	0
g	1899	985	747	9	16	1	-22	-6	11	0
g	1900	1013	748	9	15	1	-22	-7	11	0
g	1901	1040	746	11	16	0	-21	-5	11	0
g	1902	1068	750	11	15	0	-24	-9	11	0
g	1903	1096	750	11	15	0	-24	-9	11	0
g	1904	1124	744	11	18	0	-21	-3	11	0
g	1905	1153	744	9	19	1	-22	-3	11	0
g	1906	4	779	11	21	0	-24	-3	11	0
g	1907	33	779	6	15	1	-18	-3	11	0
g	1908	62	779	5	15	2	-18	-3	11	0
g	1909	88	784	11	13	0	-21	-8	11	0
g	1910	116	784	11	13	0	-21	-8	11	0
g	1911	144	786	11	16	0	-26	-10	11	0
g	1912	173	781	9	18	1	-23	-5	11	0
g	1913	201	781	9	18	1	-23	-5	11	0
g	1914	228	784	11	10	0	-18	-8	11	0
g	1915	256	784	11	10	0	-18	-8	11	0
g	1916	284	785	11	15	0	-24	-9	11	0
g	1917	312	782	11	15	0	-21	-6	11	0
g	1918	340	783	11	14	0	-21	-7	11	0
g	1919	368	780	11	14	0	-18	-4	11	0
g	2208	396	787	12	11	0	-22	-11	11	0
g	2209	424	783	12	15	0	-22	-7	11	0
g	2210	452	781	11	19	0	-24	-5	11	0
g	2211	480	780	11	14	0	-18	-4	11	0
g	2212	508	778	12	20	0	-22	-2	11	0
g	2213	536	783	11	19	0	-26	-7	11	0
g	2214	564	780	12	17	0	-21	-4	11	0
g	2215	593	780	9	20	1	-24	-4	11	0
g	2216	619	785	12	16	-1	-25	-9	11	0
g	2217	648	785	11	16	0	-25	-9	11	0
g	2218	676	787	10	13	0	-24	-11	11	0
g	2219	705	786	9	13	1	-23	-10	11	0
g	2220	732	786	13	12	0	-22	-10	11	0
g	2222	761	784	9	16	1	-24	-8	11	0
g	2223	788	785	11	15	0	-24	-9	11	0
g	2224	816	780	12	14	0	-18	-4	11	0
g	2225	847	786	9	12	3	-22	-10	11	0
g	2226	873	780	9	18	1	-22	-4	11	0
g	2227	900	784	11	16	0	-24	-8	11	0
g	2228	928	780	11	18	0	-22	-4	11	0
g	2230	956	783	12	15	0	-22	-7	11	0
g	2231	984	783	12	17	0	-24	-7	11	0
g	2232	1012	783	12	11	0	-18	-7	11	0
g	2234	1039	784	12	17	-1	-25	-8	11	0
g	2236	1068	786	11	12	0	-22	-10	11	0
g	2237	1096	788	11	9	0	-21	-12	11	0
g	3647	1125	777	10	20	1	-21	-1	11	0
g	7424	1152	783	11	11	0	-18	-7	11	0
g	7611	6	815	7	7	2	-11	-4	11	0
g	7615	34	814	7	8	2	-11	-3	11	0
g	7716	61	815	9	18	1	-22	-4	11	0
g	7717	89	814	9	19	1	-22	-3	11	0
g	7728	117	811	10	18	1	-18	0	11	0
g	7730	145	815	10	18	1	-22	-4	11	0
g	7731	173	814	10	19	1	-22	-3	11	0
g	7732	201	815	10	18	1	-22	-4	11	0
g	7733	229	814	10	19	1	-22	-3	11	0
g	7734	257	815	10	18	1	-22	-4	11	0
g	7735	284	814	10	19	0	-22	-3	11	0
g	7738	313	815	10	18	1	-22	-4	11	0
g	7739	340	814	11	19	0	-22	-3	11	0
g	7752	369	815	9	18	1	-22	-4	11	0
g	7753	397	818	9	15	1	-22	-7	11	0
g	7760	424	808	11	21	0	-18	3	11	0
g	7761	453	810	9	19	1	-18	1	11	0
g	7762	480	808	11	21	0	-18	3	11	0
g	7763	509	810	9	19	1	-18	1	11	0
g	7770	537	815	10	18	1	-22	-4	11	0
g	7771	564	818	11	15	0	-22	-7	11	0
g	7778	593	815	9	18	1	-22	-4	11	0
g	7779	621	818	9	15	1	-22	-7	11	0
g	7790	648	815	11	18	0	-22	-4	11	0
g	7808	676	811	11	18	0	-18	0	11	0
g	7809	704	813	11	16	0	-18	-2	11	0
g	7810	732	811	11	18	0	-18	0	11	0
g	7811	760	813	11	16	0	-18	-2	11	0
g	7812	788	811	11	18	0	-18	0	11	0
g	7813	816	814	11	15	0	-18	-3	11	0
g	7838	845	815	10	14	1	-18	-4	11	0
g	7840	872	815	11	18	0	-22	-4	11	0
g	7841	900	818	11	15	0	-22	-7	11	0
g	7842	928	810	11	19	0	-18	1	11	0
g	7843	956	812	11	17	0	-18	-1	11	0
g	7844	984	809	13	20	0	-18	2	11	0
g	7845	1012	810	12	19	0	-18	1	11	0
g	7846	1040	809	11	20	0	-18	2	11	0
g	7847	1068	810	11	19	0	-18	1	11	0
g	7848	1096	808	12	21	0	-18	3	11	0
g	7849	1124	809	11	20	0	-18	2	11	0
g	7850	1152	807	11	22	0	-18	4	11	0
g	7851	4	843	11	21	0	-18	3	11	0
g	7852	32	846	11	22	0	-22	0	11	0
g	7853	60	848	11	20	0	-22	-2	11	0
g	7854	88	842	11	22	0	-18	4	11	0
g	7855	116	844	11	20	0	-18	2	11	0
g	7856	144	842	11	22	0	-18	4	11	0
g	7857	172	844	11	20	0	-18	2	11	0
g	7858	200	842	11	22	0	-18	4	11	0
g	7859	228	843	11	21	0	-18	3	11	0
g	7860	256	842	11	22	0	-18	4	11	0
g	7861	284	844	11	20	0	-18	2	11	0
g	7862	312	846	11	22	0	-22	0	11	0
g	7863	340	848	11	20	0	-22	-2	11	0
g	7864	369	850	10	18	1	-22	-4	11	0
g	7865	397	853	9	15	1	-22	-7	11	0
g	7866	425	845	10	19	1	-18	1	11	0
g	7867	453	847	9	17	1	-18	-1	11	0
g	7868	481	846	10	18	1	-18	0	11	0
g	7869	509	848	9	16	1	-18	-2	11	0
g	7870	537	844	12	20	1	-18	2	11	0
g	7871	565	845	11	19	1	-18	1	11	0
g	7872	593	844	10	20	1	-18	2	11	0
g	7873	621	845	9	19	1	-18	1	11	0
g	7874	649	843	11	21	1	-18	3	11	0
g	7875	677	844	10	20	1	-18	2	11	0
g	7876	705	842	10	22	1	-18	4	11	0
g	7877	733	843	9	21	1	-18	3	11	0
g	7878	761	846	10	22	1	-22	0	11	0
g	7879	789	848	9	20	1	-22	-2	11	0
g	7880	817	845	9	19	1	-18	1	11	0
g	7881	845	847	10	17	1	-18	-1	11	0
g	7882	873	850	9	18	1	-22	-4	11	0
g	7883	901	849	10	19	1	-22	-3	11	0
g	7884	928	850	11	18	0	-22	-4	11	0
g	7885	957	853	9	15	1	-22	-7	11	0
g	7886	984	845	11	19	0	-18	1	11	0
g	7887	1013	847	9	17	1	-18	-1	11	0
g	7888	1040	844	13	20	0	-18	2	11	0
g	7889	1069	845	11	19	1	-18	1	11	0
g	7890	1096	844	11	20	0	-18	2	11	0
g	7891	1125	845	9	19	1	-18	1	11	0
g	7892	1152	843	12	21	0	-18	3	11	0
g	7893	5	879	10	20	1	-18	2	11	0
g	7894	32	877	11	22	0	-18	4	11	0
g	7895	61	878	9	21	1	-18	3	11	0
g	7896	88	881	11	22	0	-22	0	11	0
g	7897	117	883	9	20	1	-22	-2	11	0
g	7898	144	881	12	18	0	-18	0	11	0
g	7899	173	883	10	16	1	-18	-2	11	0
g	7900	200	881	12	18	0	-18	0	11	0
g	7901	229	883	10	16	1	-18	-2	11	0
g	7902	256	880	12	19	0	-18	1	11	0
g	7903	285	882	10	17	1	-18	-1	11	0
g	7904	312	881	12	18	0	-18	0	11	0
g	7905	341	883	10	16	1	-18	-2	11	0
g	7906	368	883	12	20	0	-22	-2	11	0
g	7907	397	886	10	17	1	-22	-5	11	0
g	7908	425	885	9	18	1	-22	-4	11	0
g	7909	453	888	10	15	1	-22	-7	11	0
g	7910	481	880	9	19	1	-18	1	11	0
g	7911	509	882	10	17	1	-18	-1	11	0
g	7912	537	881	12	18	1	-18	0	11	0
g	7913	565	883	11	16	1	-18	-2	11	0
g	7914	593	881	12	18	1	-18	0	11	0
g	7915	621	883	11	16	1	-18	-2	11	0
g	7916	649	880	12	19	1	-18	1	11	0
g	7917	677	882	11	17	1	-18	-1	11	0
g	7918	705	881	12	18	1	-18	0	11	0
g	7919	733	883	11	16	1	-18	-2	11	0
g	7920	761	883	12	20	1	-22	-2	11	0
g	7921	789	886	11	17	1	-22	-5	11	0
g	7922	816	881	11	18	0	-18	0	11	0
g	7923	844	883	11	21	0	-23	-2	11	0
g	7924	872	885	11	18	0	-22	-4	11	0
g	7925	900	888	11	16	0	-23	-7	11	0
g	7926	928	880	11	19	0	-18	1	11	0
g	7927	956	882	11	22	0	-23	-1	11	0
g	7928	984	881	11	18	0	-18	0	11	0
g	7929	1012	883	11	21	0	-23	-2	11	0
g	8200	1040	881	0	0	0	0	0	11	0
g	8208	1068	891	11	2	0	-12	-10	11	0
g	8209	1096	891	11	2	0	-12	-10	11	0
g	8211	1124	891	11	2	0	-12	-10	11	0
g	8212	1152	891	11	2	0	-12	-10	11	0
g	8213	4	926	11	2	0	-12	-10	11	0
g	8215	32	933	11	6	0	-23	-17	11	0
g	8216	63	920	5	8	3	-12	-4	11	0
g	8217	91	920	5	8	3	-12	-4	11	0
g	8218	119	931	5	8	3	-23	-15	11	0
g	8219	147	920	5	8	3	-12	-4	11	0
g	8220	173	920	9	8	1	-12	-4	11	0
g	8221	201	920	9	8	1	-12	-4	11	0
g	8222	229	931	9	8	1	-23	-15	11	0
g	8224	258	920	8	12	2	-16	-4	11	0
g	8225	286	920	8	12	2	-16	-4	11	0
g	8226	314	924	7	6	2	-14	-8	11	0
g	8228	344	931	3	3	4	-18	-15	11	0
g	8230	368	931	11	3	0	-18	-15	11	0
g	8232	396	916	0	0	0	0	0	11	0
g	8240	424	920	12	14	0	-18	-4	11	0
g	8242	456	920	4	7	4	-11	-4	11	0
g	8243	482	920	8	7	2	-11	-4	11	0
g	8249	510	924	6	10	2	-18	-8	11	0
g	8250	539	924	6	10	3	-18	-8	11	0
g	8252	565	920	9	14	1	-18	-4	11	0
g	8254	592	917	11	3	0	-4	-1	11	0
g	8260	620	923	11	8	0	-15	-7	11	0
g	8304	650	920	7	7	2	-11	-4	11	0
g	8308	679	920	6	7	3	-11	-4	11	0
g	8309	707	920	6	7	3	-11	-4	11	0
g	8310	734	920	7	7	2	-11	-4	11	0
g	8311	763	920	6	7	3	-11	-4	11	0
g	8312	791	920	6	7	3	-11	-4	11	0
g	8313	818	920	7	7	2	-11	-4	11	0
g	8319	846	920	7	7	2	-11	-4	11	0
g	8320	874	927	7	7	2	-18	-11	11	0
g	8321	903	927	5	7	3	-18	-11	11	0
g	8322	931	927	6	7	3	-18	-11	11	0
g	8323	959	927	5	7	3	-18	-11	11	0
g	8324	987	927	6	7	3	-18	-11	11	0
g	8325	1015	927	6	7	3	-18	-11	11	0
g	8326	1042	927	7	7	2	-18	-11	11	0
g	8327	1071	927	6	7	3	-18	-11	11	0
g	8328	1099	927	6	7	3	-18	-11	11	0
g	8329	1126	927	7	7	2	-18	-11	11	0
g	8352	1152	920	11	14	0	-18	-4	11	0
g	8353	4	952	11	20	0	-21	-1	11	0
g	8355	32	955	11	14	0	-18	-4	11	0
g	8356	61	955	10	14	1	-18	-4	11	0
g	8358	88	955	12	14	0	-18	-4	11	0
g	8359	116	955	12	14	0	-18	-4	11	0
g	8360	144	955	11	14	0	-18	-4	11	0
g	8361	172	955	12	14	0	-18	-4	11	0
g	8362	200	957	11	12	0	-18	-6	11	0
g	8363	228	954	11	18	0	-21	-3	11	0
g	8364	256	955	11	14	0	-18	-4	11	0
g	8365	284	955	12	14	0	-18	-4	11	0
g	8366	312	955	11	14	0	-18	-4	11	0
g	8369	340	955	12	14	0	-18	-4	11	0
g	8370	368	952	11	20	0	-21	-1	11	0
g	8372	396	955	11	14	0	-18	-4	11	0
g	8373	424	952	11	20	0	-21	-1	11	0
g	8376	452	955	11	14	0	-18	-4	11	0
g	8377	481	955	9	14	1	-18	-4	11	0
g	8378	509	955	10	14	1	-18	-4	11	0
g	8380	536	955	11	14	0	-18	-4	11	0
g	8381	564	955	11	14	0	-18	-4	11	0
g	8382	592	954	11	15	0	-18	-3	11	0
g	8383	621	952	10	20	1	-21	-1	11	0
g	8453	648	955	11	14	0	-18	-4	11	0
g	8467	676	955	11	14	0	-18	-4	11	0
g	8470	704	955	11	14	0	-18	-4	11	0
g	8471	732	955	11	14	0	-18	-4	11	0
g	8478	761	955	11	17	1	-21	-4	11	0
g	8482	788	955	11	7	0	-11	-4	11	0
g	8486	816	955	11	14	0	-18	-4	11	0
g	8494	844	958	11	11	0	-18	-7	11	0
g	8539	872	955	11	14	0	-18	-4	11	0
g	8540	900	955	11	14	0	-18	-4	11	0
g	8541	928	955	11	14	0	-18	-4	11	0
g	8542	956	955	11	14	0	-18	-4	11	0
g	8592	984	957	11	10	0	-16	-6	11	0
g	8593	1012	955	11	14	0	-18	-4	11	0
g	8594	1040	957	11	10	0	-16	-6	11	0
g	8595	1068	955	11	14	0	-18	-4	11	0
g	8596	1096	957	11	10	0	-16	-6	11	0
g	8597	1124	955	11	14	0	-18	-4	11	0
g	8616	1152	955	11	16	0	-20	-4	11	0
g	8626	4	993	11	11	0	-18	-7	11	0
g	8673	32	990	11	14	0	-18	-4	11	0
g	8675	60	990	11	14	0	-18	-4	11	0
g	8706	89	990	10	14	1	-18	-4	11	0
g	8710	116	990	11	14	0	-18	-4	11	0
g	8719	144	990	11	16	0	-20	-4	11	0
g	8721	173	990	9	16	1	-20	-4	11	0
g	8722	200	996	11	2	0	-12	-10	11	0
g	8725	229	988	10	18	1	-20	-2	11	0
g	8729	258	994	7	6	2	-14	-8	11	0
g	8730	284	990	11	16	0	-20	-4	11	0
g	8734	312	993	11	8	0	-15	-7	11	0
g	8735	340	993	11	11	0	-18	-7	11	0
g	8745	369	993	9	11	1	-18	-7	11	0
g	8747	397	990	10	19	1	-23	-4	11	0
g	8758	428	992	3	11	4	-17	-6	11	0
g	8776	452	992	11	10	0	-16	-6	11	0
g	8800	480	990	11	14	0	-18	-4	11	0
g	8801	508	992	11	10	0	-16	-6	11	0
g	8802	536	990	11	14	0	-18	-4	11	0
g	8803	564	991	11	12	0	-17	-5	11	0
g	8804	593	992	9	11	1	-17	-6	11	0
g	8805	621	992	10	11	1	-17	-6	11	0
g	8962	648	993	11	11	0	-18	-7	11	0
g	8976	676	995	11	6	0	-15	-9	11	0
g	8992	708	990	7	21	4	-25	-4	11	0
g	8993	733	982	6	27	1	-23	4	11	0
g	9135	759	996	14	3	-1	-13	-10	11	0
g	9166	788	993	11	12	0	-19	-7	11	0
g	9216	816	990	11	14	0	-18	-4	11	0
g	9217	844	990	11	14	0	-18	-4	11	0
g	9218	872	990	11	14	0	-18	-4	11	0
g	9219	900	990	11	14	0	-18	-4	11	0
g	9220	928	990	11	14	0	-18	-4	11	0
g	9221	956	990	11	16	0	-20	-4	11	0
g	9222	984	990	11	14	0	-18	-4	11	0
g	9223	1012	990	11	14	0	-18	-4	11	0
g	9224	1040	990	11	14	0	-18	-4	11	0
g	9225	1068	990	11	14	0	-18	-4	11	0
g	9226	1096	990	11	14	0	-18	-4	11	0
g	9227	1124	990	11	14	0	-18	-4	11	0
g	9228	1152	990	11	14	0	-18	-4	11	0
g	9229	4	1025	11	14	0	-18	-4	11	0
g	9230	32	1025	11	14	0	-18	-4	11	0
g	9231	60	1025	11	14	0	-18	-4	11	0
g	9232	88	1025	11	14	0	-18	-4	11	0
g	9233	116	1025	11	14	0	-18	-4	11	0
g	9234	144	1025	11	14	0	-18	-4	11	0
g	9235	172	1025	11	14	0	-18	-4	11	0
g	9236	200	1025	11	14	0	-18	-4	11	0
g	9237	228	1025	11	14	0	-18	-4	11	0
g	9238	256	1025	12	14	0	-18	-4	11	0
g	9239	284	1025	11	14	0	-18	-4	11	0
g	9240	312	1025	11	14	0	-18	-4	11	0
g	9241	340	1025	11	14	0	-18	-4	11	0
g	9242	368	1025	11	14	0	-18	-4	11	0
g	9243	396	1025	11	14	0	-18	-4	11	0
g	9244	424	1025	11	14	0	-18	-4	11	0
g	9245	452	1025	11	14	0	-18	-4	11	0
g	9246	480	1025	11	14	0	-18	-4	11	0
g	9247	508	1025	11	14	0	-18	-4	11	0
g	9248	536	1025	11	14	0	-18	-4	11	0
g	9249	564	1025	11	14	0	-18	-4	11	0
g	9250	592	1024	11	15	0	-18	-3	11	0
g	9251	620	1038	11	5	0	-22	-17	11	0
g	9252	648	1025	11	14	0	-18	-4	11	0
g	9253	676	1025	11	13	0	-17	-4	11	0
g	9254	705	1025	9	14	1	-18	-4	11	0
g	9255	733	1027	9	10	1	-16	-6	11	0
g	9256	761	1025	9	14	1	-18	-4	11	0
g	9257	788	1021	12	23	0	-23	0	11	0
g	9472	815	1031	14	3	-1	-13	-10	11	0
g	9473	843	1030	14	4	-1	-13	-9	11	0
g	9474	876	1020	3	24	4	-23	1	11	0
g	9475	903	1020	5	24	3	-23	1	11	0
g	9476	928	1031	11	3	0	-13	-10	11	0
g	9477	956	1030	11	4	0	-13	-9	11	0
g	9478	988	1023	3	18	4	-20	-2	11	0
g	9479	1015	1023	5	18	3	-20	-2	11	0
g	9480	1040	1031	11	3	0	-13	-10	11	0
g	9481	1068	1030	11	4	0	-13	-9	11	0
g	9482	1100	1022	3	20	4	-21	-1	11	0
g	9483	1127	1022	5	20	3	-21	-1	11	0
g	9484	1156	1031	9	13	4	-23	-10	11	0
g	9485	8	1065	9	14	4	-23	-9	11	0
g	9486	35	1066	10	13	3	-23	-10	11	0
g	9487	63	1065	10	14	3	-23	-9	11	0
g	9488	87	1066	8	13	-1	-23	-10	11	0
g	9489	115	1065	8	14	-1	-23	-9	11	0
g	9490	143	1066	9	13	-1	-23	-10	11	0
g	9491	171	1065	9	14	-1	-23	-9	11	0
g	9492	204	1055	9	14	4	-13	1	11	0
g	9493	232	1055	9	14	4	-13	1	11	0
g	9494	259	1055	10	14	3	-13	1	11	0
g	9495	287	1055	10	14	3	-13	1	11	0
g	9496	311	1055	8	14	-1	-13	1	11	0
g	9497	339	1055	8	14	-1	-13	1	11	0
g	9498	367	1055	9	14	-1	-13	1	11	0
g	9499	395	1055	9	14	-1	-13	1	11	0
g	9500	428	1055	9	24	4	-23	1	11	0
g	9501	456	1055	9	24	4	-23	1	11	0
g	9502	483	1055	10	24	3	-23	1	11	0
g	9503	511	1055	10	24	3	-23	1	11	0
g	9504	539	1055	10	24	3	-23	1	11	0
g	9505	567	1055	10	24	3	-23	1	11	0
g	9506	595	1055	10	24	3	-23	1	11	0
g	9507	623	1055	10	24	3	-23	1	11	0
g	9508	647	1055	8	24	-1	-23	1	11	0
g	9509	675	1055	8	24	-1	-23	1	11	0
g	9510	703	1055	9	24	-1	-23	1	11	0
g	9511	731	1055	9	24	-1	-23	1	11	0
g	9512	759	1055	9	24	-1	-23	1	11	0
g	9513	787	1055	9	24	-1	-23	1	11	0
g	9514	815	1055	9	24	-1	-23	1	11	0
g	9515	843	1055	9	24	-1	-23	1	11	0
g	9516	871	1066	14	13	-1	-23	-10	11	0
g	9517	899	1065	14	14	-1	-23	-9	11	0
g	9518	927	1065	14	14	-1	-23	-9	11	0
g	9519	955	1065	14	14	-1	-23	-9	11	0
g	9520	983	1066	14	13	-1	-23	-10	11	0
g	9521	1011	1065	14	14	-1	-23	-9	11	0
g	9522	1039	1065	14	14	-1	-23	-9	11	0
g	9523	1067	1065	14	14	-1	-23	-9	11	0
g	9524	1095	1055	14	14	-1	-13	1	11	0
g	9525	1123	1055	14	14	-1	-13	1	11	0
g	9526	1151	1055	14	14	-1	-13	1	11	0
g	9527	3	1090	14	14	-1	-13	1	11	0
g	9528	31	1090	14	14	-1	-13	1	11	0
g	9529	59	1090	14	14	-1	-13	1	11	0
g	9530	87	1090	14	14	-1	-13	1	11	0
g	9531	115	1090	14	14	-1	-13	1	11	0
g	9532	143	1090	14	24	-1	-23	1	11	0
g	9533	171	1090	14	24	-1	-23	1	11	0
g	9534	199	1090	14	24	-1	-23	1	11	0
g	9535	227	1090	14	24	-1	-23	1	11	0
g	9536	255	1090	14	24	-1	-23	1	11	0
g	9537	283	1090	14	24	-1	-23	1	11	0
g	9538	311	1090	14	24	-1	-23	1	11	0
g	9539	339	1090	14	24	-1	-23	1	11	0
g	9540	367	1090	14	24	-1	-23	1	11	0
g	9541	395	1090	14	24	-1	-23	1	11	0
g	9542	423	1090	14	24	-1	-23	1	11	0
g	9543	451	1090	14	24	-1	-23	1	11	0
g	9544	479	1090	14	24	-1	-23	1	11	0
g	9545	507	1090	14	24	-1	-23	1	11	0
g	9546	535	1090	14	24	-1	-23	1	11	0
g	9547	563	1090	14	24	-1	-23	1	11	0
g	9548	593	1101	9	3	1	-13	-10	11	0
g	9549	621	1100	9	4	1	-13	-9	11	0
g	9550	652	1094	3	16	4	-19	-3	11	0
g	9551	679	1094	5	16	3	-19	-3	11	0
g	9552	703	1099	14	6	-1	-14	-8	11	0
g	9553	734	1090	7	24	2	-23	1	11	0
g	9554	764	1099	9	15	4	-23	-8	11	0
g	9555	790	1101	11	13	2	-23	-10	11	0
g	9556	818	1099	11	15	2	-23	-8	11	0
g	9557	843	1099	8	15	-1	-23	-8	11	0
g	9558	871	1101	10	13	-1	-23	-10	11	0
g	9559	899	1099	10	15	-1	-23	-8	11	0
g	9560	932	1090	9	15	4	-14	1	11	0
g	9561	958	1090	11	14	2	-13	1	11	0
g	9562	986	1090	11	15	2	-14	1	11	0
g	9563	1011	1090	8	15	-1	-14	1	11	0
g	9564	1039	1090	10	14	-1	-13	1	11	0
g	9565	1067	1090	10	15	-1	-14	1	11	0
g	9566	1100	1090	9	24	4	-23	1	11	0
g	9567	1126	1090	11	24	2	-23	1	11	0
g	9568	1154	1090	11	24	2	-23	1	11	0
g	9569	3	1125	8	24	-1	-23	1	11	0
g	9570	31	1125	10	24	-1	-23	1	11	0
g	9571	59	1125	10	24	-1	-23	1	11	0
g	9572	87	1134	14	15	-1	-23	-8	11	0
g	9573	115	1136	14	13	-1	-23	-10	11	0
g	9574	143	1134	14	15	-1	-23	-8	11	0
g	9575	171	1125	14	15	-1	-14	1	11	0
g	9576	199	1125	14	14	-1	-13	1	11	0
g	9577	227	1125	14	15	-1	-14	1	11	0
g	9578	255	1125	14	24	-1	-23	1	11	0
g	9579	283	1125	14	24	-1	-23	1	11	0
g	9580	311	1125	14	24	-1	-23	1	11	0
g	9581	344	1136	9	13	4	-23	-10	11	0
g	9582	367	1136	8	13	-1	-23	-10	11	0
g	9583	395	1125	8	14	-1	-13	1	11	0
g	9584	428	1125	9	14	4	-13	1	11	0
g	9585	452	1127	12	20	0	-21	-1	11	0
g	9586	480	1127	12	20	0	-21	-1	11	0
g	9587	508	1127	12	20	0	-21	-1	11	0
g	9588	535	1136	8	3	-1	-13	-10	11	0
g	9589	568	1125	3	14	4	-13	1	11	0
g	9590	596	1136	9	3	4	-13	-10	11	0
g	9591	624	1136	3	13	4	-23	-10	11	0
g	9592	647	1135	8	4	-1	-13	-9	11	0
g	9593	679	1125	5	14	3	-13	1	11	0
g	9594	708	1135	9	4	4	-13	-9	11	0
g	9595	735	1136	5	13	3	-23	-10	11	0
g	9596	759	1135	14	4	-1	-13	-9	11	0
g	9597	791	1125	5	24	3	-23	1	11	0
g	9598	815	1135	14	4	-1	-13	-9	11	0
g	9599	847	1125	5	24	3	-23	1	11	0
g	9600	872	1126	12	12	0	-12	0	11	0
g	9601	900	1145	12	4	0	-23	-19	11	0
g	9602	928	1142	12	7	0	-23	-16	11	0
g	9603	956	1139	12	10	0	-23	-13	11	0
g	9604	984	1137	12	12	0	-23	-11	11	0
g	9605	1012	1134	12	15	0	-23	-8	11	0
g	9606	1040	1131	12	18	0	-23	-5	11	0
g	9607	1068	1128	12	21	0	-23	-2	11	0
g	9608	1096	1126	12	23	0	-23	0	11	0
g	9609	1124	1126	10	23	0	-23	0	11	0
g	9610	1152	1126	9	23	0	-23	0	11	0
g	9611	4	1161	7	23	0	-23	0	11	0
g	9612	32	1161	6	23	0	-23	0	11	0
g	9613	60	1161	5	23	0	-23	0	11	0
g	9614	88	1161	3	23	0	-23	0	11	0
g	9615	116	1161	2	23	0	-23	0	11	0
g	9616	149	1161	7	23	5	-23	0	11	0
g	9617	172	1161	12	23	0	-23	0	11	0
g	9618	200	1161	12	23	0	-23	0	11	0
g	9619	228	1161	12	23	0	-23	0	11	0
g	9620	256	1161	12	3	0	-3	0	11	0
g	9621	293	1161	3	23	9	-23	0	11	0
g	9622	312	1172	6	12	0	-23	-11	11	0
g	9623	345	1172	7	12	5	-23	-11	11	0
g	9624	368	1161	6	12	0	-12	0	11	0
g	9625	396	1161	12	23	0	-23	0	11	0
g	9626	424	1161	12	23	0	-23	0	11	0
g	9627	452	1161	12	23	0	-23	0	11	0
g	9628	480	1161	12	23	0	-23	0	11	0
g	9629	513	1161	7	12	5	-12	0	11	0
g	9630	536	1161	12	23	0	-23	0	11	0
g	9631	564	1161	12	23	0	-23	0	11	0
g	9632	592	1167	11	10	0	-16	-6	11	0
g	9633	620	1167	11	10	0	-16	-6	11	0
g	9634	648	1167	11	10	0	-16	-6	11	0
g	9635	676	1167	11	10	0	-16	-6	11	0
g	9636	704	1167	11	10	0	-16	-6	11	0
g	9637	732	1167	11	10	0	-16	-6	11	0
g	9638	760	1167	11	10	0	-16	-6	11	0
g	9639	788	1167	11	10	0	-16	-6	11	0
g	9640	816	1167	11	10	0	-16	-6	11	0
g	9641	844	1167	11	10	0	-16	-6	11	0
g	9642	874	1169	7	6	2	-14	-8	11	0
g	9643	902	1169	7	6	2	-14	-8	11	0
g	9644	928	1169	12	6	0	-14	-8	11	0
g	9645	956	1169	12	6	0	-14	-8	11	0
g	9646	986	1166	7	12	2	-17	-5	11	0
g	9647	1014	1166	7	12	2	-17	-5	11	0
g	9648	1040	1169	12	6	0	-14	-8	11	0
g	9649	1068	1169	12	6	0	-14	-8	11	0
g	9650	1096	1167	12	10	0	-16	-6	11	0
g	9651	1124	1167	12	10	0	-16	-6	11	0
g	9652	1153	1168	9	8	1	-15	-7	11	0
g	9653	5	1203	9	8	1	-15	-7	11	0
g	9654	33	1201	10	12	1	-17	-5	11	0
g	9655	61	1201	10	12	1	-17	-5	11	0
g	9656	89	1202	9	10	1	-16	-6	11	0
g	9657	117	1202	9	10	1	-16	-6	11	0
g	9658	145	1203	10	8	1	-15	-7	11	0
g	9659	173	1203	10	8	1	-15	-7	11	0
g	9660	200	1202	12	11	0	-17	-6	11	0
g	9661	228	1202	12	11	0	-17	-6	11	0
g	9662	257	1203	9	8	1	-15	-7	11	0
g	9663	285	1203	9	8	1	-15	-7	11	0
g	9664	312	1201	11	12	0	-17	-5	11	0
g	9665	340	1201	11	12	0	-17	-5	11	0
g	9666	369	1202	9	10	1	-16	-6	11	0
g	9667	397	1202	9	10	1	-16	-6	11	0
g	9668	424	1203	11	8	0	-15	-7	11	0
g	9669	452	1203	11	8	0	-15	-7	11	0
g	9670	480	1201	12	12	0	-17	-5	11	0
g	9671	508	1201	12	12	0	-17	-5	11	0
g	9672	536	1201	12	12	0	-17	-5	11	0
g	9673	564	1202	11	10	0	-16	-6	11	0
g	9674	592	1200	11	14	0	-18	-4	11	0
g	9675	620	1202	11	10	0	-16	-6	11	0
g	9676	648	1202	11	10	0	-16	-6	11	0
g	9677	676	1202	11	10	0	-16	-6	11	0
g	9678	704	1201	12	12	0	-17	-5	11	0
g	9679	732	1202	11	10	0	-16	-6	11	0
g	9680	760	1202	11	10	0	-16	-6	11	0
g	9681	788	1202	11	10	0	-16	-6	11	0
g	9682	816	1202	11	10	0	-16	-6	11	0
g	9683	844	1202	11	10	0	-16	-6	11	0
g	9684	872	1202	11	10	0	-16	-6	11	0
g	9685	900	1202	11	10	0	-16	-6	11	0
g	9686	928	1202	6	10	0	-16	-6	11	0
g	9687	961	1202	6	10	5	-16	-6	11	0
g	9688	984	1202	11	10	0	-16	-6	11	0
g	9689	1012	1201	12	12	0	-17	-5	11	0
g	9690	1040	1201	12	7	0	-12	-5	11	0
g	9691	1068	1207	12	6	0	-17	-11	11	0
g	9692	1096	1202	6	6	0	-12	-6	11	0
g	9693	1129	1202	6	6	5	-12	-6	11	0
g	9694	1157	1207	6	5	5	-16	-11	11	0
g	9695	4	1242	6	5	0	-16	-11	11	0
g	9696	32	1237	11	6	0	-12	-6	11	0
g	9697	60	1242	11	5	0	-16	-11	11	0
g	9698	88	1237	11	10	0	-16	-6	11	0
g	9699	116	1237	11	10	0	-16	-6	11	0
g	9700	144	1237	11	10	0	-16	-6	11	0
g	9701	172	1237	11	10	0	-16	-6	11	0
g	9702	202	1239	7	6	2	-14	-8	11	0
g	9703	228	1237	11	10	0	-16	-6	11	0
g	9704	256	1237	11	10	0	-16	-6	11	0
g	9705	284	1237	11	10	0	-16	-6	11	0
g	9706	312	1237	11	10	0	-16	-6	11	0
g	9707	340	1237	11	10	0	-16	-6	11	0
g	9708	368	1237	12	10	0	-16	-6	11	0
g	9709	396	1237	12	10	0	-16	-6	11	0
g	9710	424	1237	12	10	0	-16	-6	11	0
g	9711	452	1236	12	12	0	-17	-5	11	0
g	9712	480	1237	11	10	0	-16	-6	11	0
g	9713	508	1237	11	10	0	-16	-6	11	0
g	9714	536	1237	11	10	0	-16	-6	11	0
g	9715	564	1237	11	10	0	-16	-6	11	0
g	9716	592	1237	11	10	0	-16	-6	11	0
g	9717	620	1237	11	10	0	-16	-6	11	0
g	9718	648	1237	11	10	0	-16	-6	11	0
g	9719	676	1237	11	10	0	-16	-6	11	0
g	9720	704	1237	11	10	0	-16	-6	11	0
g	9721	732	1237	11	10	0	-16	-6	11	0
g	9722	760	1237	11	10	0	-16	-6	11	0
g	9723	789	1237	9	10	1	-16	-6	11	0
g	9724	817	1237	9	10	1	-16	-6	11	0
g	9725	846	1238	8	8	2	-15	-7	11	0
g	9726	874	1238	8	8	2	-15	-7	11	0
g	9727	900	1237	11	10	0	-16	-6	11	0
g	9753	928	1236	12	13	0	-18	-5	11	0
g	9786	956	1236	12	12	0	-17	-5	11	0
g	9787	984	1236	12	12	0	-17	-5	11	0
g	9788	1012	1236	11	12	0	-17	-5	11	0
g	9792	1041	1235	9	14	1	-18	-4	11	0
g	9794	1068	1235	11	14	0	-18	-4	11	0
g	9824	1096	1236	11	13	0	-18	-5	11	0
g	9827	1124	1236	11	13	0	-18	-5	11	0
g	9829	1152	1236	11	13	0	-18	-5	11	0
g	9830	5	1271	10	13	1	-18	-5	11	0
g	9834	33	1270	10	14	1	-18	-4	11	0
g	9835	60	1270	11	14	0	-18	-4	11	0
g	10003	89	1270	10	14	1	-18	-4	11	0
g	10087	116	1271	12	13	0	-18	-5	11	0
g	10092	146	1270	8	14	2	-18	-4	11	0
g	10093	173	1270	8	14	1	-18	-4	11	0
g	10094	201	1270	9	14	1	-18	-4	11	0
g	10095	229	1270	9	14	1	-18	-4	11	0
g	10096	258	1270	7	14	2	-18	-4	11	0
g	10097	286	1270	7	14	2	-18	-4	11	0
g	10241	313	1270	4	4	1	-8	-4	11	0
g	10242	341	1274	4	4	1	-12	-8	11	0
g	10243	369	1270	4	8	1	-12	-4	11	0
g	10244	397	1278	4	4	1	-16	-12	11	0
g	10245	425	1270	4	12	1	-16	-4	11	0
g	10246	453	1274	4	8	1	-16	-8	11	0
g	10247	481	1270	4	12	1	-16	-4	11	0
g	10248	514	1270	4	4	6	-8	-4	11	0
g	10249	537	1270	9	4	1	-8	-4	11	0
g	10250	565	1270	9	8	1	-12	-4	11	0
g	10251	593	1270	9	8	1	-12	-4	11	0
g	10252	621	1270	9	12	1	-16	-4	11	0
g	10253	649	1270	9	12	1	-16	-4	11	0
g	10254	677	1270	9	12	1	-16	-4	11	0
g	10255	705	1270	9	12	1	-16	-4	11	0
g	10256	738	1274	4	4	6	-12	-8	11	0
g	10257	761	1270	9	8	1	-12	-4	11	0
g	10258	789	1274	9	4	1	-12	-8	11	0
g	10259	817	1270	9	8	1	-12	-4	11	0
g	10260	845	1274	9	8	1	-16	-8	11	0
g	10261	873	1270	9	12	1	-16	-4	11	0
g	10262	901	1274	9	8	1	-16	-8	11	0
g	10263	929	1270	9	12	1	-16	-4	11	0
g	10264	962	1270	4	8	6	-12	-4	11	0
g	10265	985	1270	9	8	1	-12	-4	11	0
g	10266	1013	1270	9	8	1	-12	-4	11	0
g	10267	1041	1270	9	8	1	-12	-4	11	0
g	10268	1069	1270	9	12	1	-16	-4	11	0
g	10269	1097	1270	9	12	1	-16	-4	11	0
g	10270	1125	1270	9	12	1	-16	-4	11	0
g	10271	1153	1270	9	12	1	-16	-4	11	0
g	10272	10	1313	4	4	6	-16	-12	11	0
g	10273	33	1305	9	12	1	-16	-4	11	0
g	10274	61	1309	9	8	1	-16	-8	11	0
g	10275	89	1305	9	12	1	-16	-4	11	0
g	10276	117	1313	9	4	1	-16	-12	11	0
g	10277	145	1305	9	12	1	-16	-4	11	0
g	10278	173	1309	9	8	1	-16	-8	11	0
g	10279	201	1305	9	12	1	-16	-4	11	0
g	10280	234	1305	4	12	6	-16	-4	11	0
g	10281	257	1305	9	12	1	-16	-4	11	0
g	10282	285	1305	9	12	1	-16	-4	11	0
g	10283	313	1305	9	12	1	-16	-4	11	0
g	10284	341	1305	9	12	1	-16	-4	11	0
g	10285	369	1305	9	12	1	-16	-4	11	0
g	10286	397	1305	9	12	1	-16	-4	11	0
g	10287	425	1305	9	12	1	-16	-4	11	0
g	10288	458	1309	4	8	6	-16	-8	11	0
g	10289	481	1305	9	12	1	-16	-4	11	0
g	10290	509	1309	9	8	1	-16	-8	11	0
g	10291	537	1305	9	12	1	-16	-4	11	0
g	10292	565	1309	9	8	1	-16	-8	11	0
g	10293	593	1305	9	12	1	-16	-4	11	0
g	10294	621	1309	9	8	1	-16	-8	11	0
g	10295	649	1305	9	12	1	-16	-4	11	0
g	10296	682	1305	4	12	6	-16	-4	11	0
g	10297	705	1305	9	12	1	-16	-4	11	0
g	10298	733	1305	9	12	1	-16	-4	11	0
g	10299	761	1305	9	12	1	-16	-4	11	0
g	10300	789	1305	9	12	1	-16	-4	11	0
g	10301	817	1305	9	12	1	-16	-4	11	0
g	10302	845	1305	9	12	1	-16	-4	11	0
g	10303	873	1305	9	12	1	-16	-4	11	0
g	10304	901	1317	4	4	1	-20	-16	11	0
g	10305	929	1305	4	16	1	-20	-4	11	0
g	10306	957	1309	4	12	1	-20	-8	11	0
g	10307	985	1305	4	16	1	-20	-4	11	0
g	10308	1013	1313	4	8	1	-20	-12	11	0
g	10309	1041	1305	4	16	1	-20	-4	11	0
g	10310	1069	1309	4	12	1	-20	-8	11	0
g	10311	1097	1305	4	16	1	-20	-4	11	0
g	10312	1125	1305	9	16	1	-20	-4	11	0
g	10313	1153	1305	9	16	1	-20	-4	11	0
g	10314	5	1340	9	16	1	-20	-4	11	0
g	10315	33	1340	9	16	1	-20	-4	11	0
g	10316	61	1340	9	16	1	-20	-4	11	0
g	10317	89	1340	9	16	1	-20	-4	11	0
g	10318	117	1340	9	16	1	-20	-4	11	0
g	10319	145	1340	9	16	1	-20	-4	11	0
g	10320	173	1344	9	12	1	-20	-8	11	0
g	10321	201	1340	9	16	1	-20	-4	11	0
g	10322	229	1344	9	12	1	-20	-8	11	0
g	10323	257	1340	9	16	1	-20	-4	11	0
g	10324	285	1344	9	12	1	-20	-8	11	0
g	10325	313	1340	9	16	1	-20	-4	11	0
g	10326	341	1344	9	12	1	-20	-8	11	0
g	10327	369	1340	9	16	1	-20	-4	11	0
g	10328	397	1340	9	16	1	-20	-4	11	0
g	10329	425	1340	9	16	1	-20	-4	11	0
g	10330	453	1340	9	16	1	-20	-4	11	0
g	10331	481	1340	9	16	1	-20	-4	11	0
g	10332	509	1340	9	16	1	-20	-4	11	0
g	10333	537	1340	9	16	1	-20	-4	11	0
g	10334	565	1340	9	16	1	-20	-4	11	0
g	10335	593	1340	9	16	1	-20	-4	11	0
g	10336	621	1348	9	8	1	-20	-12	11	0
g	10337	649	1340	9	16	1	-20	-4	11	0
g	10338	677	1344	9	12	1	-20	-8	11	0
g	10339	705	1340	9	16	1	-20	-4	11	0
g	10340	733	1348	9	8	1	-20	-12	11	0
g	10341	761	1340	9	16	1	-20	-4	11	0
g	10342	789	1344	9	12	1	-20	-8	11	0
g	10343	817	1340	9	16	1	-20	-4	11	0
g	10344	845	1340	9	16	1	-20	-4	11	0
g	10345	873	1340	9	16	1	-20	-4	11	0
g	10346	901	1340	9	16	1	-20	-4	11	0
g	10347	929	1340	9	16	1	-20	-4	11	0
g	10348	957	1340	9	16	1	-20	-4	11	0
g	10349	985	1340	9	16	1	-20	-4	11	0
g	10350	1013	1340	9	16	1	-20	-4	11	0
g	10351	1041	1340	9	16	1	-20	-4	11	0
g	10352	1069	1344	9	12	1	-20	-8	11	0
g	10353	1097	1340	9	16	1	-20	-4	11	0
g	10354	1125	1344	9	12	1	-20	-8	11	0
g	10355	1153	1340	9	16	1	-20	-4	11	0
g	10356	5	1379	9	12	1	-20	-8	11	0
g	10357	33	1375	9	16	1	-20	-4	11	0
g	10358	61	1379	9	12	1	-20	-8	11	0
g	10359	89	1375	9	16	1	-20	-4	11	0
g	10360	117	1375	9	16	1	-20	-4	11	0
g	10361	145	1375	9	16	1	-20	-4	11	0
g	10362	173	1375	9	16	1	-20	-4	11	0
g	10363	201	1375	9	16	1	-20	-4	11	0
g	10364	229	1375	9	16	1	-20	-4	11	0
g	10365	257	1375	9	16	1	-20	-4	11	0
g	10366	285	1375	9	16	1	-20	-4	11	0
g	10367	313	1375	9	16	1	-20	-4	11	0
g	10368	346	1387	4	4	6	-20	-16	11	0
g	10369	369	1375	9	16	1	-20	-4	11	0
g	10370	397	1379	9	12	1	-20	-8	11	0
g	10371	425	1375	9	16	1	-20	-4	11	0
g	10372	453	1383	9	8	1	-20	-12	11	0
g	10373	481	1375	9	16	1	-20	-4	11	0
g	10374	509	1379	9	12	1	-20	-8	11	0
g	10375	537	1375	9	16	1	-20	-4	11	0
g	10376	570	1375	4	16	6	-20	-4	11	0
g	10377	593	1375	9	16	1	-20	-4	11	0
g	10378	621	1375	9	16	1	-20	-4	11	0
g	10379	649	1375	9	16	1	-20	-4	11	0
g	10380	677	1375	9	16	1	-20	-4	11	0
g	10381	705	1375	9	16	1	-20	-4	11	0
g	10382	733	1375	9	16	1	-20	-4	11	0
g	10383	761	1375	9	16	1	-20	-4	11	0
g	10384	794	1379	4	12	6	-20	-8	11	0
g	10385	817	1375	9	16	1	-20	-4	11	0
g	10386	845	1379	9	12	1	-20	-8	11	0
g	10387	873	1375	9	16	1	-20	-4	11	0
g	10388	901	1379	9	12	1	-20	-8	11	0
g	10389	929	1375	9	16	1	-20	-4	11	0
g	10390	957	1379	9	12	1	-20	-8	11	0
g	10391	985	1375	9	16	1	-20	-4	11	0
g	10392	1018	1375	4	16	6	-20	-4	11	0
g	10393	1041	1375	9	16	1	-20	-4	11	0
g	10394	1069	1375	9	16	1	-20	-4	11	0
g	10395	1097	1375	9	16	1	-20	-4	11	0
g	10396	1125	1375	9	16	1	-20	-4	11	0
g	10397	1153	1375	9	16	1	-20	-4	11	0
g	10398	5	1410	9	16	1	-20	-4	11	0
g	10399	33	1410	9	16	1	-20	-4	11	0
g	10400	66	1418	4	8	6	-20	-12	11	0
g	10401	89	1410	9	16	1	-20	-4	11	0
g	10402	117	1414	9	12	1	-20	-8	11	0
g	10403	145	1410	9	16	1	-20	-4	11	0
g	10404	173	1418	9	8	1	-20	-12	11	0
g	10405	201	1410	9	16	1	-20	-4	11	0
g	10406	229	1414	9	12	1	-20	-8	11	0
g	10407	257	1410	9	16	1	-20	-4	11	0
g	10408	290	1410	4	16	6	-20	-4	11	0
g	10409	313	1410	9	16	1	-20	-4	11	0
g	10410	341	1410	9	16	1	-20	-4	11	0
g	10411	369	1410	9	16	1	-20	-4	11	0
g	10412	397	1410	9	16	1	-20	-4	11	0
g	10413	425	1410	9	16	1	-20	-4	11	0
g	10414	453	1410	9	16	1	-20	-4	11	0
g	10415	481	1410	9	16	1	-20	-4	11	0
g	10416	514	1414	4	12	6	-20	-8	11	0
g	10417	537	1410	9	16	1	-20	-4	11	0
g	10418	565	1414	9	12	1	-20	-8	11	0
g	10419	593	1410	9	16	1	-20	-4	11	0
g	10420	621	1414	9	12	1	-20	-8	11	0
g	10421	649	1410	9	16	1	-20	-4	11	0
g	10422	677	1414	9	12	1	-20	-8	11	0
g	10423	705	1410	9	16	1	-20	-4	11	0
g	10424	738	1410	4	16	6	-20	-4	11	0
g	10425	761	1410	9	16	1	-20	-4	11	0
g	10426	789	1410	9	16	1	-20	-4	11	0
g	10427	817	1410	9	16	1	-20	-4	11	0
g	10428	845	1410	9	16	1	-20	-4	11	0
g	10429	873	1410	9	16	1	-20	-4	11	0
g	10430	901	1410	9	16	1	-20	-4	11	0
g	10431	929	1410	9	16	1	-20	-4	11	0
g	10432	957	1422	9	4	1	-20	-16	11	0
g	10433	985	1410	9	16	1	-20	-4	11	0
g	10434	1013	1414	9	12	1	-20	-8	11	0
g	10435	1041	1410	9	16	1	-20	-4	11	0
g	10436	1069	1418	9	8	1	-20	-12	11	0
g	10437	1097	1410	9	16	1	-20	-4	11	0
g	10438	1125	1414	9	12	1	-20	-8	11	0
g	10439	1153	1410	9	16	1	-20	-4	11	0
g	10440	5	1445	9	16	1	-20	-4	11	0
g	10441	33	1445	9	16	1	-20	-4	11	0
g	10442	61	1445	9	16	1	-20	-4	11	0
g	10443	89	1445	9	16	1	-20	-4	11	0
g	10444	117	1445	9	16	1	-20	-4	11	0
g	10445	145	1445	9	16	1	-20	-4	11	0
g	10446	173	1445	9	16	1	-20	-4	11	0
g	10447	201	1445	9	16	1	-20	-4	11	0
g	10448	229	1449	9	12	1	-20	-8	11	0
g	10449	257	1445	9	16	1	-20	-4	11	0
g	10450	285	1449	9	12	1	-20	-8	11	0
g	10451	313	1445	9	16	1	-20	-4	11	0
g	10452	341	1449	9	12	1	-20	-8	11	0
g	10453	369	1445	9	16	1	-20	-4	11	0
g	10454	397	1449	9	12	1	-20	-8	11	0
g	10455	425	1445	9	16	1	-20	-4	11	0
g	10456	453	1445	9	16	1	-20	-4	11	0
g	10457	481	1445	9	16	1	-20	-4	11	0
g	10458	509	1445	9	16	1	-20	-4	11	0
g	10459	537	1445	9	16	1	-20	-4	11	0
g	10460	565	1445	9	16	1	-20	-4	11	0
g	10461	593	1445	9	16	1	-20	-4	11	0
g	10462	621	1445	9	16	1	-20	-4	11	0
g	10463	649	1445	9	16	1	-20	-4	11	0
g	10464	677	1453	9	8	1	-20	-12	11	0
g	10465	705	1445	9	16	1	-20	-4	11	0
g	10466	733	1449	9	12	1	-20	-8	11	0
g	10467	761	1445	9	16	1	-20	-4	11	0
g	10468	789	1453	9	8	1	-20	-12	11	0
g	10469	817	1445	9	16	1	-20	-4	11	0
g	10470	845	1449	9	12	1	-20	-8	11	0
g	10471	873	1445	9	16	1	-20	-4	11	0
g	10472	901	1445	9	16	1	-20	-4	11	0
g	10473	929	1445	9	16	1	-20	-4	11	0
g	10474	957	1445	9	16	1	-20	-4	11	0
g	10475	985	1445	9	16	1	-20	-4	11	0
g	10476	1013	1445	9	16	1	-20	-4	11	0
g	10477	1041	1445	9	16	1	-20	-4	11	0
g	10478	1069	1445	9	16	1	-20	-4	11	0
g	10479	1097	1445	9	16	1	-20	-4	11	0
g	10480	1125	1449	9	12	1	-20	-8	11	0
g	10481	1153	1445	9	16	1	-20	-4	11	0
g	10482	5	1484	9	12	1	-20	-8	11	0
g	10483	33	1480	9	16	1	-20	-4	11	0
g	10484	61	1484	9	12	1	-20	-8	11	0
g	10485	89	1480	9	16	1	-20	-4	11	0
g	10486	117	1484	9	12	1	-20	-8	11	0
g	10487	145	1480	9	16	1	-20	-4	11	0
g	10488	173	1480	9	16	1	-20	-4	11	0
g	10489	201	1480	9	16	1	-20	-4	11	0
g	10490	229	1480	9	16	1	-20	-4	11	0
g	10491	257	1480	9	16	1	-20	-4	11	0
g	10492	285	1480	9	16	1	-20	-4	11	0
g	10493	313	1480	9	16	1	-20	-4	11	0
g	10494	341	1480	9	16	1	-20	-4	11	0
g	10495	369	1480	9	16	1	-20	-4	11	0
g	10799	397	1482	10	10	1	-16	-6	11	0
g	11026	424	1482	11	10	0	-16	-6	11	0
g	11027	452	1482	11	10	0	-16	-6	11	0
g	11028	480	1482	11	10	0	-16	-6	11	0
g	11029	508	1482	11	10	0	-16	-6	11	0
g	11030	536	1481	12	12	0	-17	-5	11	0
g	11031	564	1481	12	12	0	-17	-5	11	0
g	11032	592	1481	12	12	0	-17	-5	11	0
g	11033	620	1481	12	12	0	-17	-5	11	0
g	11034	648	1482	11	10	0	-16	-6	11	0
g	11035	676	1481	12	12	0	-17	-5	11	0
g	11036	704	1481	12	12	0	-17	-5	11	0
g	11037	735	1484	5	6	3	-14	-8	11	0
g	11038	763	1484	5	6	3	-14	-8	11	0
g	11039	788	1481	12	12	0	-17	-5	11	0
g	11040	816	1481	12	12	0	-17	-5	11	0
g	11041	844	1481	11	12	0	-17	-5	11	0
g	11042	872	1481	11	12	0	-17	-5	11	0
g	11043	900	1482	12	10	0	-16	-6	11	0
g	11044	928	1481	12	12	0	-17	-5	11	0
g	11045	957	1483	9	8	1	-15	-7	11	0
g	11046	985	1483	9	8	1	-15	-7	11	0
g	11047	1015	1482	6	10	3	-16	-6	11	0
g	11048	1043	1482	6	10	3	-16	-6	11	0
g	11049	1071	1485	5	4	3	-13	-9	11	0
g	11050	1099	1484	5	6	3	-14	-8	11	0
g	11051	1127	1484	5	6	3	-14	-8	11	0
g	11052	1152	1484	11	6	0	-14	-8	11	0
g	11053	4	1519	11	6	0	-14	-8	11	0
g	11054	34	1517	7	10	2	-16	-6	11	0
g	11055	62	1517	7	10	2	-16	-6	11	0
g	11205	90	1519	7	7	2	-15	-8	11	0
g	11206	118	1518	7	7	2	-14	-7	11	0
g	11207	146	1518	6	8	2	-15	-7	11	0
g	11208	175	1518	6	8	3	-15	-7	11	0
g	11210	200	1517	11	6	0	-12	-6	11	0
g	11211	228	1522	11	5	0	-16	-11	11	0
g	11362	255	1515	12	14	-1	-18	-4	11	0
g	11373	284	1515	11	14	0	-18	-4	11	0
g	64257	312	1514	22	15	0	-18	-3	11	0
g	64258	340	1514	22	15	0	-18	-3	11	0
g	64298	369	1514	9	15	1	-18	-3	11	0
g	64299	397	1514	9	15	1	-18	-3	11	0
g	64300	425	1514	9	15	1	-18	-3	0	0
g	64301	453	1514	9	15	1	-18	-3	0	0
g	64302	480	1517	11	15	0	-21	-6	11	0
g	64303	508	1517	11	16	0	-22	-6	11	0
g	64304	536	1517	11	12	0	-18	-6	0	0
g	64305	565	1517	10	12	1	-18	-6	11	0
g	64306	593	1517	8	12	1	-18	-6	11	0
g	64307	620	1517	10	12	0	-18	-6	11	0
g	64308	649	1517	9	12	1	-18	-6	11	0
g	64309	677	1517	7	12	1	-18	-6	11	0
g	64310	705	1517	8	12	1	-18	-6	11	0
g	64312	733	1517	9	12	1	-18	-6	11	0
g	64313	761	1517	7	8	1	-14	-6	11	0
g	64314	788	1517	9	16	0	-22	-6	11	0
g	64315	817	1517	8	12	1	-18	-6	11	0
g	64316	845	1514	8	15	1	-18	-3	11	0
g	64318	872	1517	10	12	0	-18	-6	11	0
g	64320	901	1517	8	12	1	-18	-6	11	0
g	64321	929	1517	9	12	1	-18	-6	11	0
g	64323	957	1517	9	16	1	-22	-6	11	0
g	64324	985	1517	9	12	1	-18	-6	11	0
g	64326	1012	1517	10	12	0	-18	-6	11	0
g	64327	1041	1517	9	16	1	-22	-6	11	0
g	64328	1068	1517	9	12	0	-18	-6	11	0
g	64329	1097	1517	9	12	1	-18	-6	0	0
g	64330	1124	1517	10	12	0	-18	-6	11	0
g	64331	1153	1514	7	15	1	-18	-3	11	0
g	64444	7	1564	5	4	3	-22	-18	11	0
g	64448	35	1553	6	5	3	-12	-7	11	0
g	64603	61	1545	9	19	1	-18	1	11	0
g	64604	89	1550	9	18	1	-22	-4	11	0
g	64605	116	1553	11	14	0	-21	-7	11	0
g	64656	144	1554	13	14	0	-22	-8	11	0
g	64729	171	1549	12	15	-1	-18	-3	11	0
g	64828	202	1549	10	15	2	-18	-3	11	0
g	64829	232	1549	9	15	4	-18	-3	11	0
g	64830	258	1548	7	18	2	-20	-2	11	0
g	64831	286	1548	7	18	2	-20	-2	11	0
g	65010	312	1552	22	12	0	-18	-6	11	0
g	65533	340	1551	11	12	0	-17	-5	11	0
g	117793	369	1547	4	9	1	-10	-1	11	0
g	117794	402	1547	4	9	6	-10	-1	11	0
g	117795	425	1547	9	9	1	-10	-1	11	0
g	117796	453	1558	4	9	1	-21	-12	11	0
g	117797	481	1547	4	20	1	-21	-1	11	0
g	117798	509	1547	9	20	1	-21	-1	11	0
g	117799	537	1547	9	20	1	-21	-1	11	0
g	117800	570	1558	4	9	6	-21	-12	11	0
g	117801	593	1547	9	20	1	-21	-1	11	0
g	117802	626	1547	4	20	6	-21	-1	11	0
g	117803	649	1547	9	20	1	-21	-1	11	0
g	117804	677	1558	9	9	1	-21	-12	11	0
g	117805	705	1547	9	20	1	-21	-1	11	0
g	117806	733	1547	9	20	1	-21	-1	11	0
g	117807	761	1547	9	20	1	-21	-1	11	0
g	118016	788	1551	6	7	0	-12	-5	11	0
g	118017	816	1546	12	12	0	-12	0	11	0
g	118018	844	1546	12	12	0	-12	0	11	0
g	118019	877	1551	7	7	5	-12	-5	11	0
g	118020	900	1546	12	12	0	-12	0	11	0
g	118021	928	1546	12	12	0	-12	0	11	0
g	118022	956	1551	12	7	0	-12	-5	11	0
g	118023	984	1546	12	12	0	-12	0	11	0
g	118024	1012	1546	12	12	0	-12	0	11	0
g	118025	1040	1557	6	6	0	-17	-11	11	0
g	118026	1068	1546	6	17	0	-17	0	11	0
g	118027	1096	1546	12	17	0	-17	0	11	0
g	118028	1124	1546	12	17	0	-17	0	11	0
g	118029	1152	1546	6	17	0	-17	0	11	0
g	118030	4	1581	12	17	0	-17	0	11	0
g	118031	32	1581	12	17	0	-17	0	11	0
g	118032	60	1586	12	12	0	-17	-5	11	0
g	118033	88	1581	12	17	0	-17	0	11	0
g	118034	116	1581	12	17	0	-17	0	11	0
g	118035	144	1581	12	17	0	-17	0	11	0
g	118036	172	1586	12	12	0	-17	-5	11	0
g	118037	200	1581	12	17	0	-17	0	11	0
g	118038	228	1581	12	17	0	-17	0	11	0
g	118039	256	1581	12	17	0	-17	0	11	0
g	118040	289	1592	7	6	5	-17	-11	11	0
g	118041	312	1581	12	17	0	-17	0	11	0
g	118042	345	1581	7	17	5	-17	0	11	0
g	118043	368	1581	12	17	0	-17	0	11	0
g	118044	396	1586	12	12	0	-17	-5	11	0
g	118045	424	1581	12	17	0	-17	0	11	0
g	118046	452	1581	12	17	0	-17	0	11	0
g	118047	480	1581	12	17	0	-17	0	11	0
g	118048	508	1581	12	17	0	-17	0	11	0
g	118049	541	1581	7	17	5	-17	0	11	0
g	118050	564	1581	12	17	0	-17	0	11	0
g	118051	592	1586	12	12	0	-17	-5	11	0
g	118052	620	1581	12	17	0	-17	0	11	0
g	118053	648	1581	12	17	0	-17	0	11	0
g	118054	676	1581	12	17	0	-17	0	11	0
g	118055	704	1592	12	6	0	-17	-11	11	0
g	118056	732	1581	12	17	0	-17	0	11	0
g	118057	760	1581	12	17	0	-17	0	11	0
g	118058	788	1581	12	17	0	-17	0	11	0
g	118059	816	1586	12	12	0	-17	-5	11	0
g	118060	844	1581	12	17	0	-17	0	11	0
g	118061	872	1581	12	17	0	-17	0	11	0
g	118062	900	1581	12	17	0	-17	0	11	0
g	118063	928	1586	12	12	0	-17	-5	11	0
g	118064	956	1581	12	17	0	-17	0	11	0
g	118065	984	1581	12	17	0	-17	0	11	0
g	118066	1012	1581	12	17	0	-17	0	11	0
g	118067	1040	1586	12	12	0	-17	-5	11	0
g	118068	1068	1581	12	17	0	-17	0	11	0
g	118069	1096	1581	12	17	0	-17	0	11	0
g	118070	1124	1581	6	23	0	-23	0	11	0
g	118071	1152	1581	12	23	0	-23	0	11	0
g	118072	4	1616	12	23	0	-23	0	11	0
g	118073	32	1621	6	18	0	-23	-5	11	0
g	118074	60	1616	6	23	0	-23	0	11	0
g	118075	88	1616	12	23	0	-23	0	11	0
g	118076	116	1616	12	23	0	-23	0	11	0
g	118077	144	1621	12	18	0	-23	-5	11	0
g	118078	172	1616	12	23	0	-23	0	11	0
g	118079	200	1616	12	23	0	-23	0	11	0
g	118080	228	1616	12	23	0	-23	0	11	0
g	118081	256	1621	12	18	0	-23	-5	11	0
g	118082	284	1616	12	23	0	-23	0	11	0
g	118083	312	1616	12	23	0	-23	0	11	0
g	118084	340	1616	12	23	0	-23	0	11	0
g	118085	368	1616	6	23	0	-23	0	11	0
g	118086	396	1616	12	23	0	-23	0	11	0
g	118087	424	1616	12	23	0	-23	0	11	0
g	118088	452	1621	6	18	0	-23	-5	11	0
g	118089	480	1616	12	23	0	-23	0	11	0
g	118090	508	1616	12	23	0	-23	0	11	0
g	118091	536	1621	12	18	0	-23	-5	11	0
g	118092	564	1616	12	23	0	-23	0	11	0
g	118093	592	1616	12	23	0	-23	0	11	0
g	118094	620	1621	12	18	0	-23	-5	11	0
g	118095	648	1616	12	23	0	-23	0	11	0
g	118096	676	1616	12	23	0	-23	0	11	0
g	118097	704	1627	12	12	0	-23	-11	11	0
g	118098	732	1616	12	23	0	-23	0	11	0
g	118099	760	1616	12	23	0	-23	0	11	0
g	118100	788	1616	12	23	0	-23	0	11	0
g	118101	816	1621	12	18	0	-23	-5	11	0
g	118102	844	1616	12	23	0	-23	0	11	0
g	118103	872	1616	12	23	0	-23	0	11	0
g	118104	900	1616	12	23	0	-23	0	11	0
g	118105	928	1621	12	18	0	-23	-5	11	0
g	118106	956	1616	12	23	0	-23	0	11	0
g	118107	984	1616	12	23	0	-23	0	11	0
g	118108	1012	1616	12	23	0	-23	0	11	0
g	118109	1040	1621	12	18	0	-23	-5	11	0
g	118110	1068	1616	12	23	0	-23	0	11	0
g	118111	1096	1616	12	23	0	-23	0	11	0
g	118112	1124	1616	12	23	0	-23	0	11	0
g	118113	1152	1627	12	12	0	-23	-11	11	0
g	118114	4	1651	12	23	0	-23	0	11	0
g	118115	32	1651	12	23	0	-23	0	11	0
g	118116	60	1651	12	23	0	-23	0	11	0
g	118117	88	1656	12	18	0	-23	-5	11	0
g	118118	116	1651	12	23	0	-23	0	11	0
g	118119	144	1651	12	23	0	-23	0	11	0
g	118120	172	1651	12	23	0	-23	0	11	0
g	118121	200	1656	12	18	0	-23	-5	11	0
g	118122	228	1651	12	23	0	-23	0	11	0
g	118123	256	1651	12	23	0	-23	0	11	0
g	118124	284	1651	12	23	0	-23	0	11	0
g	118125	312	1656	12	18	0	-23	-5	11	0
g	118126	340	1651	12	23	0	-23	0	11	0
g	118127	368	1651	12	23	0	-23	0	11	0
g	118128	396	1651	12	23	0	-23	0	11	0
g	118129	424	1651	12	23	0	-23	0	11	0
g	118130	457	1651	7	23	5	-23	0	11	0
g	118131	480	1651	12	23	0	-23	0	11	0
g	118132	508	1656	12	18	0	-23	-5	11	0
g	118133	536	1651	12	23	0	-23	0	11	0
g	118134	564	1651	12	23	0	-23	0	11	0
g	118135	592	1651	12	23	0	-23	0	11	0
g	118136	625	1656	7	18	5	-23	-5	11	0
g	118137	648	1651	12	23	0	-23	0	11	0
g	118138	681	1651	7	23	5	-23	0	11	0
g	118139	704	1651	12	23	0	-23	0	11	0
g	118140	732	1656	12	18	0	-23	-5	11	0
g	118141	760	1651	12	23	0	-23	0	11	0
g	118142	788	1651	12	23	0	-23	0	11	0
g	118143	816	1651	12	23	0	-23	0	11	0
g	118144	844	1662	12	12	0	-23	-11	11	0
g	118145	872	1651	12	23	0	-23	0	11	0
g	118146	900	1651	12	23	0	-23	0	11	0
g	118147	928	1651	12	23	0	-23	0	11	0
g	118148	956	1656	12	18	0	-23	-5	11	0
g	118149	984	1651	12	23	0	-23	0	11	0
g	118150	1012	1651	12	23	0	-23	0	11	0
g	118151	1040	1651	12	23	0	-23	0	11	0
g	118152	1068	1656	12	18	0	-23	-5	11	0
g	118153	1096	1651	12	23	0	-23	0	11	0
g	118154	1124	1651	12	23	0	-23	0	11	0
g	118155	1152	1651	12	23	0	-23	0	11	0
g	118156	4	1691	12	18	0	-23	-5	11	0
g	118157	32	1686	12	23	0	-23	0	11	0
g	118158	60	1686	12	23	0	-23	0	11	0
g	118159	88	1686	12	23	0	-23	0	11	0
g	118160	116	1686	12	23	0	-23	0	11	0
g	118161	149	1686	7	23	5	-23	0	11	0
g	118162	172	1686	12	23	0	-23	0	11	0
g	118163	200	1691	12	18	0	-23	-5	11	0
g	118164	228	1686	12	23	0	-23	0	11	0
g	118165	256	1686	12	23	0	-23	0	11	0
g	118166	289	1691	7	18	5	-23	-5	11	0
g	118167	312	1686	12	23	0	-23	0	11	0
g	118168	340	1686	12	23	0	-23	0	11	0
g	118169	368	1691	12	18	0	-23	-5	11	0
g	118170	396	1686	12	23	0	-23	0	11	0
g	118171	424	1686	12	23	0	-23	0	11	0
g	118172	452	1697	12	12	0	-23	-11	11	0
g	118173	480	1686	12	23	0	-23	0	11	0
g	118174	508	1686	12	23	0	-23	0	11	0
g	118175	536	1686	12	23	0	-23	0	11	0
g	118176	564	1691	12	18	0	-23	-5	11	0
g	118177	592	1686	12	23	0	-23	0	11	0
g	118178	620	1686	12	23	0	-23	0	11	0
g	118179	648	1686	12	23	0	-23	0	11	0
g	118180	676	1691	12	18	0	-23	-5	11	0
g	118181	704	1686	12	23	0	-23	0	11	0
g	118182	732	1686	12	23	0	-23	0	11	0
g	118183	760	1686	12	23	0	-23	0	11	0
g	118184	788	1691	12	18	0	-23	-5	11	0
g	118185	816	1686	12	23	0	-23	0	11	0
g	118186	844	1686	12	23	0	-23	0	11	0
g	118187	872	1686	12	23	0	-23	0	11	0
g	118188	900	1686	12	23	0	-23	0	11	0
g	118189	928	1686	12	23	0	-23	0	11	0
g	118190	956	1686	12	23	0	-23	0	11	0
g	118191	984	1691	12	18	0	-23	-5	11	0
g	118192	1012	1686	12	23	0	-23	0	11	0
g	118193	1040	1686	12	23	0	-23	0	11	0
g	118194	1068	1686	12	23	0	-23	0	11	0
g	118195	1096	1691	12	18	0	-23	-5	11	0
g	118196	1124	1686	12	23	0	-23	0	11	0
g	118197	1152	1686	12	23	0	-23	0	11	0
g	118198	4	1721	12	23	0	-23	0	11	0
g	118199	32	1726	12	18	0	-23	-5	11	0
g	118200	60	1721	12	23	0	-23	0	11	0
g	118201	88	1721	12	23	0	-23	0	11	0
g	118202	116	1721	12	23	0	-23	0	11	0
g	118203	144	1732	12	12	0	-23	-11	11	0
g	118204	172	1721	12	23	0	-23	0	11	0
g	118205	200	1721	12	23	0	-23	0	11	0
g	118206	228	1721	12	23	0	-23	0	11	0
g	118207	256	1726	12	18	0	-23	-5	11	0
g	118208	284	1721	12	23	0	-23	0	11	0
g	118209	312	1721	12	23	0	-23	0	11	0
g	118210	340	1721	12	23	0	-23	0	11	0
g	118211	368	1726	12	18	0	-23	-5	11	0
g	118212	396	1721	12	23	0	-23	0	11	0
g	118213	424	1721	12	23	0	-23	0	11	0
g	118214	452	1721	12	23	0	-23	0	11	0
g	118215	480	1726	12	18	0	-23	-5	11	0
g	118216	508	1721	12	23	0	-23	0	11	0
g	118217	536	1721	12	23	0	-23	0	11	0
g	118218	564	1721	12	23	0	-23	0	11	0
g	118219	592	1732	12	12	0	-23	-11	11	0
g	118220	620	1721	12	23	0	-23	0	11	0
g	118221	648	1721	12	23	0	-23	0	11	0
g	118222	676	1721	12	23	0	-23	0	11	0
g	118223	704	1726	12	18	0	-23	-5	11	0
g	118224	732	1721	12	23	0	-23	0	11	0
g	118225	760	1721	12	23	0	-23	0	11	0
g	118226	788	1721	12	23	0	-23	0	11	0
g	118227	816	1726	12	18	0	-23	-5	11	0
g	118228	844	1721	12	23	0	-23	0	11	0
g	118229	872	1721	12	23	0	-23	0	11	0
g	118230	900	1721	12	23	0	-23	0	11	0
g	118231	928	1726	12	18	0	-23	-5	11	0
g	118232	956	1721	12	23	0	-23	0	11	0
g	118233	984	1721	12	23	0	-23	0	11	0
g	118234	1012	1721	12	23	0	-23	0	11	0
g	118235	1040	1721	12	23	0	-23	0	11	0
g	118236	1068	1721	12	23	0	-23	0	11	0
g	118237	1096	1721	12	23	0	-23	0	11	0
g	118238	1124	1726	12	18	0	-23	-5	11	0
g	118239	1152	1721	12	23	0	-23	0	11	0
g	118240	4	1756	12	23	0	-23	0	11	0
g	118241	32	1761	12	18	0	-23	-5	11	0
g	118242	60	1756	12	23	0	-23	0	11	0
g	118243	88	1756	12	23	0	-23	0	11	0
g	118244	116	1756	12	23	0	-23	0	11	0
g	118245	144	1756	12	23	0	-23	0	11	0
g	118298	175	1764	9	15	3	-23	-8	11	0
g	118299	203	1764	9	15	3	-23	-8	11	0
g	118300	231	1764	5	15	3	-23	-8	11	0
g	118301	259	1764	9	15	3	-23	-8	11	0
g	118302	287	1764	9	6	3	-14	-8	11	0
g	118303	312	1764	12	6	0	-14	-8	11	0
g	118304	340	1764	12	15	0	-23	-8	11	0
g	118305	368	1770	12	9	0	-23	-14	11	0
g	118306	396	1770	8	9	0	-23	-14	11	0
g	118307	427	1773	5	6	3	-23	-17	11	0
g	118308	452	1764	8	15	0	-23	-8	11	0
g	118309	480	1764	8	6	0	-14	-8	11	0
g	118310	508	1764	8	15	0	-23	-8	11	0
g	118311	536	1764	8	15	0	-23	-8	11	0
g	118312	567	1756	9	23	3	-23	0	11	0
g	118313	595	1756	5	23	3	-23	0	11	0
g	118314	623	1756	9	23	3	-23	0	11	0
g	118315	651	1756	9	8	3	-8	0	11	0
g	118316	679	1770	9	9	3	-23	-14	11	0
g	118317	707	1756	5	5	3	-5	0	11	0
g	118318	735	1756	9	23	3	-23	0	11	0
g	118319	760	1759	12	16	0	-19	-3	11	0
g	118320	791	1756	5	2	3	-2	0	11	0
g	118321	819	1776	5	3	3	-23	-20	11	0
g	118322	844	1759	12	16	0	-19	-3	11	0
g	118323	872	1759	12	20	0	-23	-3	11	0
g	118324	900	1759	12	16	0	-19	-3	11	0
g	118325	931	1759	9	20	3	-23	-3	11	0
g	118326	956	1756	8	23	0	-23	0	11	0
g	118327	984	1756	8	23	0	-23	0	11	0
g	118328	1012	1756	8	23	0	-23	0	11	0
g	118329	1040	1756	8	23	0	-23	0	11	0
g	118330	1068	1756	12	23	0	-23	0	11	0
g	118331	1096	1756	8	8	0	-8	0	11	0
g	118332	1127	1756	5	14	3	-14	0	11	0
g	118333	1155	1756	9	14	3	-14	0	11	0
g	118334	7	1791	9	14	3	-14	0	11	0
g	118335	35	1791	9	14	3	-14	0	11	0
g	118336	60	1791	12	14	0	-14	0	11	0
g	118337	88	1794	12	10	0	-13	-3	11	0
g	118338	116	1791	12	8	0	-8	0	11	0
g	118339	144	1791	8	14	0	-14	0	11	0
g	118340	172	1791	8	14	0	-14	0	11	0
g	118341	200	1791	9	18	0	-18	0	11	0
g	118342	228	1791	8	14	0	-14	0	11	0
g	118343	259	1804	5	10	3	-23	-13	11	0
g	118344	287	1795	5	19	3	-23	-4	11	0
g	118345	315	1804	5	5	3	-18	-13	11	0
g	118346	343	1799	5	10	3	-18	-8	11	0
g	118347	371	1795	5	14	3	-18	-4	11	0
g	118348	399	1791	5	18	3	-18	0	11	0
g	118349	427	1799	5	6	3	-14	-8	11	0
g	118350	455	1795	5	10	3	-14	-4	11	0
g	118351	483	1795	5	5	3	-9	-4	11	0
g	118352	511	1791	5	9	3	-9	0	11	0
g	118353	537	1792	4	5	1	-6	-1	11	0
g	118354	570	1792	4	5	6	-6	-1	11	0
g	118355	593	1792	9	5	1	-6	-1	11	0
g	118356	621	1799	4	6	1	-14	-8	11	0
g	118357	649	1792	4	13	1	-14	-1	11	0
g	118358	677	1792	9	13	1	-14	-1	11	0
g	118359	705	1792	9	13	1	-14	-1	11	0
g	118360	738	1799	4	6	6	-14	-8	11	0
g	118361	761	1792	9	13	1	-14	-1	11	0
g	118362	794	1792	4	13	6	-14	-1	11	0
g	118363	817	1792	9	13	1	-14	-1	11	0
g	118364	845	1799	9	6	1	-14	-8	11	0
g	118365	873	1792	9	13	1	-14	-1	11	0
g	118366	901	1792	9	13	1	-14	-1	11	0
g	118367	929	1792	9	13	1	-14	-1	11	0
g	118368	957	1807	4	5	1	-21	-16	11	0
g	118369	985	1792	4	20	1	-21	-1	11	0
g	118370	1013	1792	9	20	1	-21	-1	11	0
g	118371	1041	1792	9	20	1	-21	-1	11	0
g	118372	1069	1799	4	13	1	-21	-8	11	0
g	118373	1097	1792	4	20	1	-21	-1	11	0
g	118374	1125	1792	9	20	1	-21	-1	11	0
g	118375	1153	1792	9	20	1	-21	-1	11	0
g	118376	5	1834	9	13	1	-21	-8	11	0
g	118377	33	1827	9	20	1	-21	-1	11	0
g	118378	61	1827	9	20	1	-21	-1	11	0
g	118379	89	1827	9	20	1	-21	-1	11	0
g	118380	117	1834	9	13	1	-21	-8	11	0
g	118381	145	1827	9	20	1	-21	-1	11	0
g	118382	173	1827	9	20	1	-21	-1	11	0
g	118383	201	1827	9	20	1	-21	-1	11	0
g	118384	234	1842	4	5	6	-21	-16	11	0
g	118385	257	1827	9	20	1	-21	-1	11	0
g	118386	290	1827	4	20	6	-21	-1	11	0
g	118387	313	1827	9	20	1	-21	-1	11	0
g	118388	341	1834	9	13	1	-21	-8	11	0
g	118389	369	1827	9	20	1	-21	-1	11	0
g	118390	397	1827	9	20	1	-21	-1	11	0
g	118391	425	1827	9	20	1	-21	-1	11	0
g	118392	458	1834	4	13	6	-21	-8	11	0
g	118393	481	1827	9	20	1	-21	-1	11	0
g	118394	514	1827	4	20	6	-21	-1	11	0
g	118395	537	1827	9	20	1	-21	-1	11	0
g	118396	565	1834	9	13	1	-21	-8	11	0
g	118397	593	1827	9	20	1	-21	-1	11	0
g	118398	621	1827	9	20	1	-21	-1	11	0
g	118399	649	1827	9	20	1	-21	-1	11	0
g	118400	677	1842	9	5	1	-21	-16	11	0
g	118401	705	1827	9	20	1	-21	-1	11	0
g	118402	733	1827	9	20	1	-21	-1	11	0
g	118403	761	1827	9	20	1	-21	-1	11	0
g	118404	789	1834	9	13	1	-21	-8	11	0
g	118405	817	1827	9	20	1	-21	-1	11	0
g	118406	845	1827	9	20	1	-21	-1	11	0
g	118407	873	1827	9	20	1	-21	-1	11	0
g	118408	901	1834	9	13	1	-21	-8	11	0
g	118409	929	1827	9	20	1	-21	-1	11	0
g	118410	957	1827	9	20	1	-21	-1	11	0
g	118411	985	1827	9	20	1	-21	-1	11	0
g	118412	1013	1834	9	13	1	-21	-8	11	0
g	118413	1041	1827	9	20	1	-21	-1	11	0
g	118414	1069	1827	9	20	1	-21	-1	11	0
g	118415	1097	1827	9	20	1	-21	-1	11	0
g	118416	1124	1826	3	6	0	-6	0	11	0
g	118417	1154	1826	4	6	2	-6	0	11	0
g	118418	9	1861	4	6	5	-6	0	11	0
g	118419	40	1861	4	6	8	-6	0	11	0
g	118420	60	1866	3	7	0	-12	-5	11	0
g	118421	90	1866	4	7	2	-12	-5	11	0
g	118422	121	1866	4	7	5	-12	-5	11	0
g	118423	152	1866	4	7	8	-12	-5	11	0
g	118424	172	1872	3	6	0	-17	-11	11	0
g	118425	202	1872	4	6	2	-17	-11	11	0
g	118426	233	1872	4	6	5	-17	-11	11	0
g	118427	264	1872	4	6	8	-17	-11	11	0
g	118428	284	1877	3	7	0	-23	-16	11	0
g	118429	314	1877	4	7	2	-23	-16	11	0
g	118430	345	1877	4	7	5	-23	-16	11	0
g	118431	376	1877	4	7	8	-23	-16	11	0
g	118432	401	1877	7	7	5	-23	-16	11	0
g	118433	426	1877	10	7	2	-23	-16	11	0
g	118434	452	1877	9	7	0	-23	-16	11	0
g	118435	480	1877	6	7	0	-23	-16	11	0
g	118436	508	1872	3	12	0	-23	-11	11	0
g	118437	536	1866	3	18	0	-23	-5	11	0
g	118438	564	1861	3	17	0	-17	0	11	0
g	118439	592	1861	3	12	0	-12	0	11	0
g	118440	620	1861	6	6	0	-6	0	11	0
g	118441	648	1861	9	6	0	-6	0	11	0
g	118442	678	1861	10	6	2	-6	0	11	0
g	118443	709	1861	7	6	5	-6	0	11	0
g	118444	740	1861	4	12	8	-12	0	11	0
g	118445	768	1861	4	17	8	-17	0	11	0
g	118446	796	1866	4	18	8	-23	-5	11	0
g	118447	824	1872	4	12	8	-23	-11	11	0
g	129792	844	1861	6	8	0	-8	0	11	0
g	129793	877	1861	7	8	5	-8	0	11	0
g	129794	900	1861	12	8	0	-8	0	11	0
g	129795	928	1868	6	8	0	-15	-7	11	0
g	129796	956	1861	6	15	0	-15	0	11	0
g	129797	984	1861	12	15	0	-15	0	11	0
g	129798	1012	1861	12	15	0	-15	0	11	0
g	129799	1045	1868	7	8	5	-15	-7	11	0
g	129800	1068	1861	12	15	0	-15	0	11	0
g	129801	1101	1861	7	15	5	-15	0	11	0
g	129802	1124	1861	12	15	0	-15	0	11	0
g	129803	1152	1868	12	8	0	-15	-7	11	0
g	129804	4	1896	12	15	0	-15	0	11	0
g	129805	32	1896	12	15	0	-15	0	11	0
g	129806	60	1896	12	15	0	-15	0	11	0
g	129807	88	1910	6	9	0	-23	-14	11	0
g	129808	116	1896	6	23	0	-23	0	11	0
g	129809	144	1896	12	23	0	-23	0	11	0
g	129810	172	1896	12	23	0	-23	0	11	0
g	129811	200	1903	6	16	0	-23	-7	11	0
g	129812	228	1896	12	23	0	-23	0	11	0
g	129813	256	1896	12	23	0	-23	0	11	0
g	129814	284	1903	12	16	0	-23	-7	11	0
g	129815	312	1896	12	23	0	-23	0	11	0
g	129816	340	1896	12	23	0	-23	0	11	0
g	129817	368	1896	12	23	0	-23	0	11	0
g	129818	396	1903	12	16	0	-23	-7	11	0
g	129819	424	1896	12	23	0	-23	0	11	0
g	129820	452	1896	12	23	0	-23	0	11	0
g	129821	480	1896	12	23	0	-23	0	11	0
g	129822	513	1910	7	9	5	-23	-14	11	0
g	129823	536	1896	12	23	0	-23	0	11	0
g	129824	569	1896	7	23	5	-23	0	11	0
g	129825	592	1896	12	23	0	-23	0	11	0
g	129826	620	1903	12	16	0	-23	-7	11	0
g	129827	648	1896	12	23	0	-23	0	11	0
g	129828	676	1896	12	23	0	-23	0	11	0
g	129829	704	1896	12	23	0	-23	0	11	0
g	129830	737	1903	7	16	5	-23	-7	11	0
g	129831	760	1896	12	23	0	-23	0	11	0
g	129832	788	1896	12	23	0	-23	0	11	0
g	129833	816	1903	12	16	0	-23	-7	11	0
g	129834	844	1896	12	23	0	-23	0	11	0
g	129835	872	1896	12	23	0	-23	0	11	0
g	129836	900	1896	12	23	0	-23	0	11	0
g	129837	928	1910	12	9	0	-23	-14	11	0
g	129838	956	1896	12	23	0	-23	0	11	0
g	129839	984	1896	12	23	0	-23	0	11	0
g	129840	1012	1896	12	23	0	-23	0	11	0
g	129841	1040	1903	12	16	0	-23	-7	11	0
g	129842	1068	1896	12	23	0	-23	0	11	0
g	129843	1096	1896	12	23	0	-23	0	11	0
g	129844	1124	1896	12	23	0	-23	0	11	0
g	129845	1152	1903	12	16	0	-23	-7	11	0
g	129846	4	1931	12	23	0	-23	0	11	0
g	129847	32	1931	12	23	0	-23	0	11	0
g	129848	60	1931	12	23	0	-23	0	11	0
g	129849	88	1938	12	16	0	-23	-7	11	0
g	129850	116	1931	12	23	0	-23	0	11	0
g	129851	144	1931	12	23	0	-23	0	11	0
g	129852	172	1945	6	9	0	-23	-14	11	0
g	129853	200	1945	12	9	0	-23	-14	11	0
g	129854	228	1938	6	16	0	-23	-7	11	0
g	129855	256	1938	12	16	0	-23	-7	11	0
g	129856	284	1931	6	23	0	-23	0	11	0
g	129857	312	1931	12	23	0	-23	0	11	0
g	129858	340	1931	12	23	0	-23	0	11	0
g	129859	368	1931	12	23	0	-23	0	11	0
g	129860	396	1931	12	23	0	-23	0	11	0
g	129861	424	1931	12	23	0	-23	0	11	0
g	129862	452	1938	12	16	0	-23	-7	11	0
g	129863	485	1945	7	9	5	-23	-14	11	0
g	129864	508	1945	12	9	0	-23	-14	11	0
g	129865	541	1938	7	16	5	-23	-7	11	0
g	129866	564	1938	12	16	0	-23	-7	11	0
g	129867	597	1931	7	23	5	-23	0	11	0
g	129868	620	1931	12	23	0	-23	0	11	0
g	129869	648	1931	12	23	0	-23	0	11	0
g	129870	676	1931	12	23	0	-23	0	11	0
g	129871	704	1931	12	23	0	-23	0	11	0
g	129872	732	1931	12	23	0	-23	0	11	0
g	129873	760	1938	12	16	0	-23	-7	11	0
g	129874	788	1931	12	23	0	-23	0	11	0
g	129875	816	1931	12	23	0	-23	0	11	0
g	129876	844	1931	12	23	0	-23	0	11	0
g	129877	872	1931	12	23	0	-23	0	11	0
g	129878	900	1931	12	23	0	-23	0	11	0
g	129879	928	1931	6	8	0	-8	0	11	0
g	129880	956	1931	12	8	0	-8	0	11	0
g	129881	984	1931	6	15	0	-15	0	11	0
g	129882	1012	1931	12	15	0	-15	0	11	0
g	129883	1040	1931	6	23	0	-23	0	11	0
g	129884	1068	1931	12	15	0	-15	0	11	0
g	129885	1096	1931	12	23	0	-23	0	11	0
g	129886	1124	1931	12	23	0	-23	0	11	0
g	129887	1152	1931	12	23	0	-23	0	11	0
g	129888	4	1966	12	23	0	-23	0	11	0
g	129889	32	1966	12	23	0	-23	0	11	0
g	129890	65	1966	7	8	5	-8	0	11	0
g	129891	88	1966	12	8	0	-8	0	11	0
g	129892	121	1966	7	15	5	-15	0	11	0
g	129893	144	1966	12	15	0	-15	0	11	0
g	129894	177	1966	7	23	5	-23	0	11	0
g	129895	200	1966	12	15	0	-15	0	11	0
g	129896	228	1966	12	23	0	-23	0	11	0
g	129897	256	1966	12	23	0	-23	0	11	0
g	129898	284	1966	12	23	0	-23	0	11	0
g	129899	312	1966	12	23	0	-23	0	11	0
g	129900	340	1966	6	23	0	-23	0	11	0
g	129901	368	1966	12	12	0	-12	0	11	0
g	129902	401	1966	7	23	5	-23	0	11	0
g	129903	424	1977	12	12	0	-23	-11	11	0
g	129904	453	1966	2	23	1	-23	0	11	0
g	129905	482	1966	3	23	2	-23	0	11	0
g	129906	512	1966	2	23	4	-23	0	11	0
g	129907	541	1966	2	23	5	-23	0	11	0
g	129908	570	1966	3	23	6	-23	0	11	0
g	129909	600	1966	2	23	8	-23	0	11	0
g	129910	620	1968	12	4	0	-6	-2	11	0
g	129911	648	1971	12	4	0	-9	-5	11	0
g	129912	676	1974	12	4	0	-12	-8	11	0
g	129913	704	1977	12	3	0	-14	-11	11	0
g	129914	732	1979	12	4	0	-17	-13	11	0
g	129915	760	1982	12	4	0	-20	-16	11	0
g	129916	788	1966	12	23	0	-23	0	11	0
g	129917	816	1966	12	23	0	-23	0	11	0
g	129918	844	1966	12	23	0	-23	0	11	0
g	129919	872	1966	12	23	0	-23	0	11	0
g	129920	900	1966	12	23	0	-23	0	11	0
g	129922	928	1966	12	6	0	-6	0	11	0
g	129923	956	1966	12	9	0	-9	0	11	0
g	129924	984	1966	12	14	0	-14	0	11	0
g	129925	1012	1966	12	17	0	-17	0	11	0
g	129926	1040	1966	12	20	0	-20	0	11	0
g	129927	1076	1966	4	23	8	-23	0	11	0
g	129928	1102	1966	6	23	6	-23	0	11	0
g	129929	1128	1966	8	23	4	-23	0	11	0
g	129930	1154	1966	10	23	2	-23	0	11	0
g	129931	5	2001	11	23	1	-23	0	11	0
g	129941	32	2001	12	23	0	-23	0	11	0
g	129942	60	2001	12	23	0	-23	0	11	0
g	129943	88	2006	12	18	0	-23	-5	11	0
g	129946	116	2001	12	23	0	-23	0	11	0
g	129947	144	2001	12	23	0	-23	0	11	0
g	129998	172	2001	8	23	0	-23	0	11	0
g	129999	200	2001	4	23	0	-23	0	11	0
g	130020	230	2001	7	12	2	-12	0	11	0
g	130021	258	2012	7	12	2	-23	-11	11	0
g	130022	284	2006	6	12	0	-17	-5	11	0
g	130023	317	2006	7	12	5	-17	-5	11	0
g	130024	340	2001	12	12	0	-12	0	11	0
g	130025	373	2001	7	23	5	-23	0	11	0
g	130026	396	2012	12	12	0	-23	-11	11	0
g	130027	424	2001	6	23	0	-23	0	11	0
g	130028	457	2001	7	12	5	-12	0	11	0
g	130029	480	2012	6	12	0	-23	-11	11	0
g	130030	513	2012	7	12	5	-23	-11	11	0
g	130031	536	2001	6	12	0	-12	0	11	0
g	130032	565	2005	9	14	1	-18	-4	11	0
g	130033	599	2007	3	10	7	-16	-6	11	0
g	130034	621	2005	9	14	1	-18	-4	11	0
g	130035	651	2005	7	14	3	-18	-4	11	0
g	130036	677	2007	9	10	1	-16	-6	11	0
g	130037	705	2005	9	14	1	-18	-4	11	0
g	130038	733	2005	9	14	1	-18	-4	11	0
g	130039	761	2005	9	12	1	-16	-4	11	0
g	130040	789	2005	9	14	1	-18	-4	11	0
g	130041	817	2005	9	14	1	-18	-4	11	0
