atlas	2048	1024	64	57.625	22.375	80
g	32	2	2	0	0	0	57.625	57.625	17.92
g	33	72	2	9	43	6.531	0	42.563	21.375
g	34	142	2	21	15	5.844	30.531	44.688	32.063
g	35	212	2	34	39	7.313	5.531	44.063	47.969
g	36	282	2	29	55	4.5	-6.094	48.313	37.281
g	37	352	2	60	44	4.625	-0.781	42.344	69.188
g	38	422	2	42	44	1.938	-0.781	42.344	42.625
g	39	492	2	8	15	6.75	30.531	44.688	21.375
g	40	562	2	18	48	5.688	-3.125	44.688	29.031
g	41	632	2	18	48	5.344	-3.125	44.688	29.031
g	42	702	2	30	28	4.031	22.625	50.156	37.281
g	43	772	2	29	29	7.094	4.813	33.219	42.625
g	44	842	2	10	18	3.031	-9.125	8.125	15.938
g	45	912	2	21	8	5.563	15.469	23.188	31.75
g	46	982	2	10	9	3.406	0	8.25	15.938
g	47	1052	2	27	54	0	-5.313	47.813	26.719
g	48	2	68	36	44	3.313	-0.781	42.344	42.625
g	49	72	68	8	42	6.781	0	41.563	21.531
g	50	142	68	31	43	2.594	-0.469	42.344	37.281
g	51	212	68	33	44	2.563	-0.781	42.344	37.281
g	52	282	68	36	42	1.469	0	41.563	37.281
g	53	352	68	33	44	5.469	-0.781	42.563	42.625
g	54	422	68	36	44	3.719	-0.781	42.344	42.625
g	55	492	68	32	42	0.844	0	41.906	32.219
g	56	562	68	37	44	2.969	-0.875	42.406	42.625
g	57	632	68	36	44	3.563	-0.781	42.344	42.625
g	58	702	68	10	28	3.406	0	27.313	15.938
g	59	772	68	10	31	3.156	-9.125	21.563	16.188
g	60	842	68	22	34	10.75	-0.469	33.281	42.625
g	61	912	68	29	21	7.094	9.219	30.063	42.625
g	62	982	68	22	34	10.688	-0.469	33.281	42.469
g	63	1052	68	26	43	2.563	0	42.969	32.063
g	64	2	134	66	58	4.688	-15.219	42.156	74.531
g	65	72	134	39	42	-0.344	-0.25	41.656	37.406
g	66	142	134	31	44	5.375	-0.781	42.344	37.406
g	67	212	134	33	44	1.625	-0.781	42.344	37.125
g	68	282	134	33	44	5.969	-0.781	42.344	42.625
g	69	352	134	24	42	5.375	0	41.813	32.063
g	70	422	134	24	42	5.375	0	41.813	31.938
g	71	492	134	38	44	2.281	-0.781	42.344	42.625
g	72	562	134	31	42	5.688	-0.188	41.813	42.625
g	73	632	134	9	42	6.344	0	41.813	21.375
g	74	702	134	22	43	0.375	-0.781	41.813	26.875
g	75	772	134	32	43	5.375	-0.25	41.813	37.281
g	76	842	134	20	42	5.375	-0.219	41.75	26.719
g	77	912	134	38	42	5.531	-0.188	41.813	48.094
g	78	982	134	32	42	5.656	0	41.563	42.469
g	79	1052	134	43	44	2.656	-0.781	42.344	47.969
g	80	2	200	27	43	4.781	0	42.344	32.063
g	81	72	200	48	48	2.563	-5.188	42.344	47.969
g	82	142	200	31	43	5.375	-0.25	42.344	37.281
g	83	212	200	31	44	4	-0.781	42.344	37.281
g	84	282	200	30	43	1.344	-0.188	42.344	32.063
g	85	352	200	33	43	5.094	-0.781	41.813	42.75
g	86	422	200	36	42	1.063	-0.125	41.813	37.281
g	87	492	200	53	42	0.25	-0.125	41.813	53.438
g	88	562	200	35	42	1.125	0	41.563	37.281
g	89	632	200	38	42	-0.219	0	41.563	37.281
g	90	702	200	32	43	2.875	-0.469	41.563	37.156
g	91	772	200	17	49	6.063	-3.594	44.844	29.031
g	92	842	200	27	54	0	-5.313	47.813	26.719
g	93	912	200	17	49	6.031	-3.594	44.844	29.031
g	94	982	200	33	29	2.531	15.938	44.219	37.281
g	95	1052	200	45	5	-0.906	-10.438	-5.438	42.281
g	96	2	266	16	11	4.125	37.188	47.5	25.094
g	97	72	266	31	35	4	-0.781	33.281	37.281
g	98	142	266	31	47	4.75	-0.469	46.5	37.094
g	99	212	266	28	34	2.656	-0.469	33.281	32.063
g	100	282	266	33	48	2.75	-0.469	46.563	37.406
g	101	352	266	33	34	3.031	-0.469	33.281	37.406
g	102	422	266	22	48	0.156	0	47.781	21.375
g	103	492	266	35	60	2.125	-22.375	36.875	37.281
g	104	562	266	29	45	5.406	-0.219	44.688	37.281
g	105	632	266	12	49	3.594	0	48.844	16.031
g	106	702	266	19	60	-4.531	-12.031	47.875	16.031
g	107	772	266	33	46	5.063	-0.469	44.688	37.281
g	108	842	266	8	47	4.031	0	46.563	16.031
g	109	912	266	45	34	5.125	-0.219	33.281	53.438
g	110	982	266	29	34	5.219	-0.219	33.281	37.406
g	111	1052	266	34	34	2.219	-0.469	33.281	37.406
g	112	2	332	31	46	5.063	-12.031	33.281	37.281
g	113	72	332	31	45	3.188	-12.031	32.969	37.281
g	114	142	332	18	34	4.313	0	33.281	21.375
g	115	212	332	28	34	2.313	-0.469	33.281	32.063
g	116	282	332	24	43	1.938	-0.469	41.563	26.719
g	117	352	332	29	34	4.094	-0.469	32.781	37.281
g	118	422	332	33	33	-0.125	0	32.656	32.219
g	119	492	332	48	33	0.219	0	32.656	47.969
g	120	562	332	32	33	0.313	0	32.656	32.219
g	121	632	332	33	47	0.844	-13.688	32.656	32.031
g	122	702	332	30	34	1.75	-0.469	32.656	32
g	123	772	332	18	49	6.938	-3.281	45.156	32.063
g	124	842	332	9	54	10.375	-5.313	47.813	29.031
g	125	912	332	18	49	6.906	-3.281	45.156	32.063
g	126	982	332	40	16	4.188	9.781	25.438	47.969
g	192	1052	332	39	57	-0.344	-0.25	56.406	37.406
g	193	2	398	39	57	-0.344	-0.25	56.406	37.406
g	194	72	398	39	57	-0.344	-0.25	56.375	37.406
g	195	142	398	39	56	-0.344	-0.25	55.313	37.406
g	196	212	398	39	54	-0.344	-0.25	53.594	37.406
g	197	282	398	39	58	-0.344	-0.25	57.594	37.406
g	198	352	398	51	43	-0.469	-0.25	41.813	53.313
g	199	422	398	33	56	1.625	-13.5	42.344	37.125
g	200	492	398	24	57	5.375	0	56.406	32.063
g	201	562	398	24	57	5.375	0	56.406	32.063
g	202	632	398	24	57	5.281	0	56.375	32.063
g	203	702	398	24	54	5.375	0	53.594	32.063
g	204	772	398	16	57	2.688	0	56.406	21.375
g	205	842	398	16	57	2.688	0	56.406	21.375
g	206	912	398	23	57	-1.156	0	56.375	21.375
g	207	982	398	22	54	-0.531	0	53.594	21.375
g	208	1052	398	36	44	2.875	-0.781	42.344	42.625
g	209	2	464	32	56	5.656	0	55.313	42.469
g	210	72	464	43	58	2.656	-0.781	56.406	47.969
g	211	142	464	43	58	2.656	-0.781	56.406	47.969
g	212	212	464	43	58	2.656	-0.781	56.375	47.969
g	213	282	464	43	57	2.656	-0.781	55.313	47.969
g	214	352	464	43	55	2.656	-0.781	53.594	47.969
g	215	422	464	26	26	8.469	6.313	31.938	42.625
g	216	492	464	43	54	2.656	-5.313	47.813	47.969
g	217	562	464	33	58	5.094	-0.781	56.406	42.75
g	218	632	464	33	58	5.094	-0.781	56.406	42.75
g	219	702	464	33	58	5.094	-0.781	56.375	42.75
g	220	772	464	33	55	5.094	-0.781	53.594	42.75
g	221	842	464	38	57	-0.219	0	56.406	37.281
g	222	912	464	29	42	5.375	0	41.563	37.281
g	223	982	464	36	58	1.813	-12.719	45.156	37.281
g	224	1052	464	31	49	4	-0.781	47.5	37.281
g	225	2	530	31	49	4	-0.781	47.5	37.281
g	226	72	530	31	49	4	-0.781	47.469	37.281
g	227	142	530	31	48	4	-0.781	46.406	37.281
g	228	212	530	31	46	4	-0.781	44.688	37.281
g	229	282	530	31	53	4	-0.781	51.75	37.281
g	230	352	530	51	34	3.906	-0.469	33.281	58.656
g	231	422	530	28	47	2.656	-13.5	33.281	32.063
g	232	492	530	33	48	3.031	-0.469	47.5	37.406
g	233	562	530	33	48	3.031	-0.469	47.5	37.406
g	234	632	530	33	48	3.031	-0.469	47.469	37.406
g	235	702	530	33	46	3.031	-0.469	44.688	37.406
g	236	772	530	16	48	-1.906	0	47.5	16.031
g	237	842	530	16	48	1.844	0	47.5	16.031
g	238	912	530	23	48	-3.875	0	47.469	16.031
g	239	982	530	22	45	-3.25	0	44.688	16.031
g	240	1052	530	31	46	2.844	-0.469	44.688	37.281
g	241	2	596	29	47	5.219	-0.219	46.406	37.406
g	242	72	596	34	48	2.219	-0.469	47.5	37.406
g	243	142	596	34	48	2.219	-0.469	47.5	37.406
g	244	212	596	34	48	2.219	-0.469	47.469	37.406
g	245	282	596	34	47	2.219	-0.469	46.406	37.406
g	246	352	596	34	46	2.219	-0.469	44.688	37.406
g	247	422	596	29	33	7.094	3.031	35.906	42.625
g	248	492	596	34	43	2.219	-5.313	37.188	37.406
g	249	562	596	29	48	4.094	-0.469	47.5	37.281
g	250	632	596	29	48	4.094	-0.469	47.5	37.281
g	251	702	596	29	48	4.094	-0.469	47.469	37.281
g	252	772	596	29	46	4.094	-0.469	44.688	37.281
g	253	842	596	33	62	0.844	-13.688	47.5	32.031
g	254	912	596	31	57	5.063	-12.031	44.688	37.281
g	255	982	596	33	59	0.844	-13.688	44.688	32.031
