atlas	1024	1024	32	28.813	11.188	40
g	9	2	2	0	0	0	28.813	28.813	0.016
g	32	52	2	0	0	0	28.813	28.813	8.96
g	33	102	2	5	22	3.266	0	21.281	10.688
g	34	152	2	11	8	2.922	15.266	22.344	16.031
g	35	202	2	17	20	3.656	2.766	22.031	23.984
g	36	252	2	15	28	2.25	-3.047	24.156	18.641
g	37	302	2	30	22	2.313	-0.391	21.172	34.594
g	38	352	2	21	22	0.969	-0.391	21.172	21.313
g	39	402	2	4	8	3.375	15.266	22.344	10.688
g	40	452	2	9	24	2.844	-1.563	22.344	14.516
g	41	502	2	9	24	2.672	-1.563	22.344	14.516
g	42	552	2	15	14	2.016	11.313	25.078	18.641
g	43	602	2	15	15	3.547	2.406	16.609	21.313
g	44	652	2	5	9	1.516	-4.563	4.063	7.969
g	45	702	2	11	4	2.781	7.734	11.594	15.875
g	46	752	2	5	5	1.703	0	4.125	7.969
g	47	802	2	14	27	0	-2.656	23.906	13.359
g	48	852	2	18	22	1.656	-0.391	21.172	21.313
g	49	2	45	4	21	3.391	0	20.781	10.766
g	50	52	45	16	22	1.297	-0.234	21.172	18.641
g	51	102	45	17	22	1.281	-0.391	21.172	18.641
g	52	152	45	18	21	0.734	0	20.781	18.641
g	53	202	45	17	22	2.734	-0.391	21.281	21.313
g	54	252	45	18	22	1.859	-0.391	21.172	21.313
g	55	302	45	16	21	0.422	0	20.953	16.109
g	56	352	45	19	22	1.484	-0.438	21.203	21.313
g	57	402	45	18	22	1.781	-0.391	21.172	21.313
g	58	452	45	5	14	1.703	0	13.656	7.969
g	59	502	45	5	16	1.578	-4.563	10.781	8.094
g	60	552	45	11	17	5.375	-0.234	16.641	21.313
g	61	602	45	15	11	3.547	4.609	15.031	21.313
g	62	652	45	11	17	5.344	-0.234	16.641	21.234
g	63	702	45	13	22	1.281	0	21.484	16.031
g	64	752	45	33	29	2.344	-7.609	21.078	37.266
g	65	802	45	20	21	-0.172	-0.125	20.828	18.703
g	66	852	45	16	22	2.688	-0.391	21.172	18.703
g	67	2	88	17	22	0.813	-0.391	21.172	18.563
g	68	52	88	17	22	2.984	-0.391	21.172	21.313
g	69	102	88	12	21	2.688	0	20.906	16.031
g	70	152	88	12	21	2.688	0	20.906	15.969
g	71	202	88	19	22	1.141	-0.391	21.172	21.313
g	72	252	88	16	21	2.844	-0.094	20.906	21.313
g	73	302	88	5	21	3.172	0	20.906	10.688
g	74	352	88	11	22	0.188	-0.391	20.906	13.438
g	75	402	88	16	22	2.688	-0.125	20.906	18.641
g	76	452	88	10	21	2.688	-0.109	20.875	13.359
g	77	502	88	19	21	2.766	-0.094	20.906	24.047
g	78	552	88	16	21	2.828	0	20.781	21.234
g	79	602	88	22	22	1.328	-0.391	21.172	23.984
g	80	652	88	14	22	2.391	0	21.172	16.031
g	81	702	88	24	24	1.281	-2.594	21.172	23.984
g	82	752	88	16	22	2.688	-0.125	21.172	18.641
g	83	802	88	16	22	2	-0.391	21.172	18.641
g	84	852	88	15	22	0.672	-0.094	21.172	16.031
g	85	2	131	17	22	2.547	-0.391	20.906	21.375
g	86	52	131	18	21	0.531	-0.063	20.906	18.641
g	87	102	131	27	21	0.125	-0.063	20.906	26.719
g	88	152	131	18	21	0.563	0	20.781	18.641
g	89	202	131	19	21	-0.109	0	20.781	18.641
g	90	252	131	16	22	1.438	-0.234	20.781	18.578
g	91	302	131	9	25	3.031	-1.797	22.422	14.516
g	92	352	131	14	27	0	-2.656	23.906	13.359
g	93	402	131	9	25	3.016	-1.797	22.422	14.516
g	94	452	131	17	15	1.266	7.969	22.109	18.641
g	95	502	131	23	3	-0.453	-5.219	-2.719	21.141
g	96	552	131	8	6	2.063	18.594	23.75	12.547
g	97	602	131	16	18	2	-0.391	16.641	18.641
g	98	652	131	16	24	2.375	-0.234	23.25	18.547
g	99	702	131	14	17	1.328	-0.234	16.641	16.031
g	100	752	131	17	24	1.375	-0.234	23.281	18.703
g	101	802	131	17	17	1.516	-0.234	16.641	18.703
g	102	852	131	11	24	0.078	0	23.891	10.688
g	103	2	174	18	30	1.063	-11.188	18.438	18.641
g	104	52	174	15	23	2.703	-0.109	22.344	18.641
g	105	102	174	6	25	1.797	0	24.422	8.016
g	106	152	174	10	30	-2.266	-6.016	23.938	8.016
g	107	202	174	17	23	2.531	-0.234	22.344	18.641
g	108	252	174	4	24	2.016	0	23.281	8.016
g	109	302	174	23	17	2.563	-0.109	16.641	26.719
g	110	352	174	15	17	2.609	-0.109	16.641	18.703
g	111	402	174	17	17	1.109	-0.234	16.641	18.703
g	112	452	174	16	23	2.531	-6.016	16.641	18.641
g	113	502	174	16	23	1.594	-6.016	16.484	18.641
g	114	552	174	9	17	2.156	0	16.641	10.688
g	115	602	174	14	17	1.156	-0.234	16.641	16.031
g	116	652	174	12	22	0.969	-0.234	20.781	13.359
g	117	702	174	15	17	2.047	-0.234	16.391	18.641
g	118	752	174	17	17	-0.063	0	16.328	16.109
g	119	802	174	24	17	0.109	0	16.328	23.984
g	120	852	174	16	17	0.156	0	16.328	16.109
g	121	2	217	17	24	0.422	-6.844	16.328	16.016
g	122	52	217	15	17	0.875	-0.234	16.328	16
g	123	102	217	9	25	3.469	-1.641	22.578	16.031
g	124	152	217	5	27	5.188	-2.656	23.906	14.516
g	125	202	217	9	25	3.453	-1.641	22.578	16.031
g	126	252	217	20	8	2.094	4.891	12.719	23.984
g	160	302	217	0	0	0	28.813	28.813	6.875
g	161	352	217	5	22	3.25	0	21.281	10.688
g	162	402	217	17	23	2.359	-3.047	19.625	21.313
g	163	452	217	16	22	2.844	-0.406	21.172	21.234
g	164	502	217	18	18	3.125	1.297	18.891	23.984
g	165	552	217	19	21	2.625	0	20.781	23.984
g	166	602	217	5	27	5.188	-2.656	23.906	14.516
g	167	652	217	17	29	2.313	-7.125	21.172	21.313
g	168	702	217	11	4	1.438	18.594	22.344	13.578
g	169	752	217	24	22	2.703	1.797	23.359	29.328
g	170	802	217	15	13	1.875	8.75	21.266	18.641
g	171	852	217	16	13	3.141	2.188	14.297	21.313
g	172	2	260	16	9	4.094	3.344	11.594	23.984
g	174	52	260	24	22	2.672	1.797	23.359	29.25
g	175	102	260	11	3	1.984	21.141	23.797	14.516
g	176	152	260	12	11	2.391	11.438	22.281	16.031
g	177	202	260	15	20	3.547	1.484	21.297	21.313
g	178	252	260	11	13	1.547	9.422	21.953	13.359
g	179	302	260	10	13	1.75	9.344	22.109	13.359
g	180	352	260	8	6	3.797	18.594	23.75	13.359
g	181	402	260	17	23	3.594	-6.359	16.391	21.313
g	182	452	260	17	21	1.813	0	20.781	21.313
g	183	502	260	5	5	1.703	9.375	13.5	7.969
g	184	552	260	5	8	2.656	-6.75	0.625	10.516
g	185	602	260	4	13	3.422	9.375	21.719	10.688
g	186	652	260	14	13	2.5	9.016	21.172	18.641
g	187	702	260	16	13	3.125	2.188	14.297	21.313
g	188	752	260	25	22	3.906	0	21.719	31.844
g	189	802	260	24	22	4.328	-0.125	21.719	31.922
g	190	852	260	28	23	3.375	0	22.109	34.594
g	191	2	303	13	22	1.266	-0.656	20.828	16.031
g	192	52	303	20	29	-0.172	-0.125	28.203	18.703
g	193	102	303	20	29	-0.172	-0.125	28.203	18.703
g	194	152	303	20	29	-0.172	-0.125	28.188	18.703
g	195	202	303	20	28	-0.172	-0.125	27.656	18.703
g	196	252	303	20	27	-0.172	-0.125	26.797	18.703
g	197	302	303	20	29	-0.172	-0.125	28.797	18.703
g	198	352	303	26	22	-0.234	-0.125	20.906	26.656
g	199	402	303	17	28	0.813	-6.75	21.172	18.563
g	200	452	303	12	29	2.688	0	28.203	16.031
g	201	502	303	12	29	2.688	0	28.203	16.031
g	202	552	303	12	29	2.641	0	28.188	16.031
g	203	602	303	12	27	2.688	0	26.797	16.031
g	204	652	303	8	29	1.344	0	28.203	10.688
g	205	702	303	8	29	1.344	0	28.203	10.688
g	206	752	303	12	29	-0.578	0	28.188	10.688
g	207	802	303	11	27	-0.266	0	26.797	10.688
g	208	852	303	18	22	1.438	-0.391	21.172	21.313
g	209	2	346	16	28	2.828	0	27.656	21.234
g	210	52	346	22	29	1.328	-0.391	28.203	23.984
g	211	102	346	22	29	1.328	-0.391	28.203	23.984
g	212	152	346	22	29	1.328	-0.391	28.188	23.984
g	213	202	346	22	29	1.328	-0.391	27.656	23.984
g	214	252	346	22	28	1.328	-0.391	26.797	23.984
g	215	302	346	13	13	4.234	3.156	15.969	21.313
g	216	352	346	22	27	1.328	-2.656	23.906	23.984
g	217	402	346	17	29	2.547	-0.391	28.203	21.375
g	218	452	346	17	29	2.547	-0.391	28.203	21.375
g	219	502	346	17	29	2.547	-0.391	28.188	21.375
g	220	552	346	17	28	2.547	-0.391	26.797	21.375
g	221	602	346	19	29	-0.109	0	28.203	18.641
g	222	652	346	15	21	2.688	0	20.781	18.641
g	223	702	346	18	29	0.906	-6.359	22.578	18.641
g	224	752	346	16	25	2	-0.391	23.75	18.641
g	225	802	346	16	25	2	-0.391	23.75	18.641
g	226	852	346	16	25	2	-0.391	23.734	18.641
g	227	2	389	16	24	2	-0.391	23.203	18.641
g	228	52	389	16	23	2	-0.391	22.344	18.641
g	229	102	389	16	27	2	-0.391	25.875	18.641
g	230	152	389	26	17	1.953	-0.234	16.641	29.328
g	231	202	389	14	24	1.328	-6.75	16.641	16.031
g	232	252	389	17	24	1.516	-0.234	23.75	18.703
g	233	302	389	17	24	1.516	-0.234	23.75	18.703
g	234	352	389	17	24	1.516	-0.234	23.734	18.703
g	235	402	389	17	23	1.516	-0.234	22.344	18.703
g	236	452	389	8	24	-0.953	0	23.75	8.016
g	237	502	389	8	24	0.922	0	23.75	8.016
g	238	552	389	12	24	-1.938	0	23.734	8.016
g	239	602	389	11	23	-1.625	0	22.344	8.016
g	240	652	389	16	23	1.422	-0.234	22.344	18.641
g	241	702	389	15	24	2.609	-0.109	23.203	18.703
g	242	752	389	17	24	1.109	-0.234	23.75	18.703
g	243	802	389	17	24	1.109	-0.234	23.75	18.703
g	244	852	389	17	24	1.109	-0.234	23.734	18.703
g	245	2	432	17	24	1.109	-0.234	23.203	18.703
g	246	52	432	17	23	1.109	-0.234	22.344	18.703
g	247	102	432	15	17	3.547	1.516	17.953	21.313
g	248	152	432	17	22	1.109	-2.656	18.594	18.703
g	249	202	432	15	24	2.047	-0.234	23.75	18.641
g	250	252	432	15	24	2.047	-0.234	23.75	18.641
g	251	302	432	15	24	2.047	-0.234	23.734	18.641
g	252	352	432	15	23	2.047	-0.234	22.344	18.641
g	253	402	432	17	31	0.422	-6.844	23.75	16.016
g	254	452	432	16	29	2.531	-6.016	22.344	18.641
g	255	502	432	17	30	0.422	-6.844	22.344	16.016
g	256	552	432	20	27	-0.172	-0.125	26.563	18.703
g	257	602	432	16	25	2	-0.391	23.797	18.641
g	258	652	432	20	29	-0.172	-0.125	28.219	18.703
g	259	702	432	16	26	2	-0.391	25.156	18.641
g	260	752	432	20	30	-0.172	-8.672	20.828	18.703
g	261	802	432	16	26	2	-8.672	16.641	18.641
g	262	852	432	17	29	0.813	-0.391	28.203	18.563
g	263	2	475	14	24	1.328	-0.234	23.75	16.031
g	264	52	475	17	29	0.813	-0.391	28.188	18.563
g	265	102	475	14	24	1.328	-0.234	23.734	16.031
g	266	152	475	17	29	0.813	-0.391	28.344	18.563
g	267	202	475	14	25	1.328	-0.234	23.938	16.031
g	268	252	475	17	27	0.813	-0.391	26.563	18.563
g	269	302	475	14	24	1.328	-0.234	23.734	16.031
g	270	352	475	17	27	2.984	-0.391	26.563	21.313
g	271	402	475	21	24	1.375	-0.234	23.281	22.297
g	272	452	475	18	22	1.438	-0.391	21.172	21.313
g	273	502	475	17	24	1.375	-0.234	23.281	19.406
g	274	552	475	12	27	2.688	0	26.563	16.031
g	275	602	475	17	25	1.516	-0.234	23.797	18.703
g	276	652	475	12	29	2.688	0	28.219	16.031
g	277	702	475	17	26	1.516	-0.234	25.156	18.703
g	278	752	475	12	29	2.688	0	28.344	16.031
g	279	802	475	17	25	1.516	-0.234	23.938	18.703
g	280	852	475	12	30	2.688	-8.625	20.906	16.031
g	281	2	518	17	26	1.516	-8.672	16.641	18.703
g	282	52	518	12	27	2.641	0	26.563	16.031
g	283	102	518	17	24	1.516	-0.234	23.734	18.703
g	284	152	518	19	29	1.141	-0.391	28.188	21.313
g	285	202	518	18	35	1.063	-11.188	23.734	18.641
g	286	252	518	19	29	1.141	-0.391	28.219	21.313
g	287	302	518	18	37	1.063	-11.188	25.156	18.641
g	288	352	518	19	29	1.141	-0.391	28.344	21.313
g	289	402	518	18	36	1.063	-11.188	23.938	18.641
g	290	452	518	19	31	1.141	-9.578	21.172	21.313
g	291	502	518	18	39	1.063	-11.188	27.688	18.641
g	292	552	518	16	29	2.844	-0.094	28.188	21.313
g	293	602	518	15	29	2.703	-0.109	28.188	18.641
g	294	652	518	20	21	0.906	-0.094	20.906	21.313
g	295	702	518	16	23	1.5	-0.109	22.344	18.641
g	296	752	518	11	28	-0.125	0	27.656	10.688
g	297	802	518	11	24	-1.484	0	23.203	8.016
g	298	852	518	11	27	-0.016	0	26.563	10.688
g	299	2	561	11	24	-0.172	0	23.797	10.688
g	300	52	561	12	29	-0.375	0	28.219	10.688
g	301	102	561	12	26	-0.453	0	25.156	10.688
g	302	152	561	8	30	1.031	-8.672	20.906	10.688
g	303	202	561	9	34	-0.297	-8.672	24.422	8.016
g	304	252	561	6	29	2.516	0	28.344	10.688
g	305	302	561	4	17	2	0	16.328	8.016
g	306	352	561	19	22	3.172	-0.391	20.906	24.125
g	307	402	561	14	31	1.797	-6.016	24.422	16.031
g	308	452	561	15	29	0.188	-0.391	28.188	13.438
g	309	502	561	12	30	-2.234	-6.016	23.734	8.047
g	310	552	561	16	31	2.688	-9.578	20.906	18.641
g	311	602	561	17	32	2.531	-9.578	22.344	18.641
g	312	652	561	17	17	2.531	-0.234	16.328	18.656
g	313	702	561	10	29	2.688	-0.109	28.203	13.359
g	314	752	561	8	29	0.594	0	28.203	8.016
g	315	802	561	10	31	2.688	-9.578	20.875	13.359
g	316	852	561	5	33	1.422	-9.578	23.281	8.016
g	317	2	604	11	23	2.688	-0.109	22.578	15.313
g	318	52	604	10	24	2.016	0	23.281	10.609
g	319	102	604	13	21	2.688	-0.109	20.875	15.969
g	320	152	604	10	24	2.766	0	23.281	13.297
g	321	202	604	13	21	0.391	-0.109	20.875	13.984
g	322	252	604	9	23	0.406	0	22.344	9.438
g	323	302	604	16	29	2.828	0	28.203	21.234
g	324	352	604	15	24	2.609	-0.109	23.75	18.703
g	325	402	604	16	31	2.828	-9.578	20.781	21.234
g	326	452	604	15	27	2.609	-9.578	16.641	18.703
g	327	502	604	16	27	2.828	0	26.563	21.234
g	328	552	604	15	24	2.609	-0.109	23.734	18.703
g	330	602	604	16	30	2.828	-8.953	20.781	21.234
g	331	652	604	14	25	2.609	-8	16.641	18.703
g	332	702	604	22	27	1.328	-0.391	26.563	23.984
g	333	752	604	17	25	1.109	-0.234	23.797	18.703
g	334	802	604	22	29	1.328	-0.391	28.219	23.984
g	335	852	604	17	26	1.109	-0.234	25.156	18.703
g	336	2	647	22	29	1.328	-0.391	28.516	23.984
g	337	52	647	17	24	1.109	-0.234	23.75	18.703
g	338	102	647	30	22	1.125	-0.391	21.172	31.922
g	339	152	647	30	17	0.984	-0.234	16.641	31.922
g	340	202	647	16	29	2.688	-0.125	28.203	18.641
g	341	252	647	10	24	2.156	0	23.75	10.688
g	342	302	647	16	31	2.688	-9.578	21.172	18.641
g	343	352	647	10	27	1.766	-9.578	16.641	10.688
g	344	402	647	16	27	2.688	-0.125	26.563	18.641
g	345	452	647	12	24	1.438	0	23.734	10.688
g	346	502	647	16	29	2	-0.391	28.203	18.641
g	347	552	647	14	24	1.156	-0.234	23.75	16.031
g	348	602	647	16	29	2	-0.391	28.188	18.641
g	349	652	647	14	24	1.156	-0.234	23.734	16.031
g	350	702	647	16	28	2	-6.75	21.172	18.641
g	351	752	647	14	24	1.156	-6.75	16.641	16.031
g	352	802	647	16	27	2	-0.391	26.563	18.641
g	353	852	647	14	24	1.156	-0.234	23.734	16.031
g	354	2	690	15	31	0.672	-9.578	21.172	16.031
g	355	52	690	12	31	0.969	-9.578	20.781	13.359
g	356	102	690	15	27	0.672	-0.094	26.563	16.031
g	357	152	690	16	23	0.969	-0.234	22.578	16.516
g	358	202	690	15	22	0.672	-0.094	21.172	16.031
g	359	252	690	12	22	0.844	-0.234	20.781	13.359
g	360	302	690	17	29	2.547	-0.391	27.656	21.375
g	361	352	690	15	24	2.047	-0.234	23.203	18.641
g	362	402	690	17	27	2.547	-0.391	26.563	21.375
g	363	452	690	15	25	2.047	-0.234	23.797	18.641
g	364	502	690	17	29	2.547	-0.391	28.219	21.375
g	365	552	690	15	26	2.047	-0.234	25.156	18.641
g	366	602	690	17	30	2.547	-0.391	28.797	21.375
g	367	652	690	15	27	2.047	-0.234	25.875	18.641
g	368	702	690	17	29	2.547	-0.391	28.516	21.375
g	369	752	690	15	24	2.047	-0.234	23.75	18.641
g	370	802	690	17	30	2.547	-8.672	20.906	21.375
g	371	852	690	15	26	2.047	-8.672	16.391	18.641
g	372	2	733	27	29	0.125	-0.063	28.188	26.719
g	373	52	733	24	24	0.109	0	23.734	23.984
g	374	102	733	19	29	-0.109	0	28.188	18.641
g	375	152	733	17	31	0.422	-6.844	23.734	16.016
g	376	202	733	19	27	-0.109	0	26.797	18.641
g	377	252	733	16	29	1.438	-0.234	28.203	18.578
g	378	302	733	15	24	0.875	-0.234	23.75	16
g	379	352	733	16	29	1.438	-0.234	28.344	18.578
g	380	402	733	15	25	0.875	-0.234	23.938	16
g	381	452	733	16	27	1.438	-0.234	26.563	18.578
g	382	502	733	15	24	0.875	-0.234	23.734	16
g	402	552	733	13	26	1.391	-2.656	23.203	13.438
g	508	602	733	26	29	-0.234	-0.125	28.203	26.656
g	509	652	733	26	24	1.953	-0.234	23.75	29.328
g	536	702	733	16	31	2	-9.578	21.172	18.641
g	537	752	733	14	27	1.156	-9.578	16.641	16.031
g	567	802	733	9	23	-2.234	-6.016	16.328	8.047
g	710	852	733	12	6	1.516	18.516	23.734	14.75
g	711	2	776	12	6	2.172	18.516	23.734	15.828
g	728	52	776	12	7	2.375	19.141	25.156	19.109
g	729	102	776	6	6	2.641	18.625	23.938	10.563
g	730	152	776	9	8	1.516	18.438	25.875	11.75
g	731	202	776	8	10	2.063	-8.672	0.625	13.203
g	732	252	776	11	5	1.813	18.328	23.203	13.922
g	733	302	776	13	6	3.156	18.594	23.75	15.828
g	916	352	776	20	23	2.297	0	22.109	23.813
g	937	402	776	19	22	2.5	-0.234	20.906	23.984
g	956	452	776	17	23	3.594	-6.359	16.391	21.313
g	960	502	776	18	17	2.078	0	16.313	21.375
g	7682	552	776	16	29	2.688	-0.391	28.344	18.703
g	7683	602	776	16	25	2.375	-0.234	23.938	18.547
g	7690	652	776	17	29	2.984	-0.391	28.344	21.313
g	7691	702	776	17	25	1.375	-0.234	23.938	18.703
g	7710	752	776	12	29	2.688	0	28.344	15.969
g	7711	802	776	11	29	0.078	0	28.578	10.688
g	7744	852	776	19	29	2.766	-0.094	28.344	24.047
g	7745	2	819	23	25	2.563	-0.109	23.938	26.719
g	7766	52	819	14	29	2.391	0	28.344	16.031
g	7767	102	819	16	30	2.531	-6.016	23.938	18.641
g	7776	152	819	16	29	2	-0.391	28.344	18.641
g	7777	202	819	14	25	1.156	-0.234	23.938	16.031
g	7786	252	819	15	29	0.672	-0.094	28.344	16.031
g	7787	302	819	12	27	0.969	-0.234	26.594	13.359
g	7808	352	819	27	29	0.125	-0.063	28.203	26.719
g	7809	402	819	24	24	0.109	0	23.75	23.984
g	7810	452	819	27	29	0.125	-0.063	28.203	26.719
g	7811	502	819	24	24	0.109	0	23.75	23.984
g	7812	552	819	27	27	0.125	-0.063	26.797	26.719
g	7813	602	819	24	23	0.109	0	22.344	23.984
g	7922	652	819	19	29	-0.109	0	28.203	18.641
g	7923	702	819	17	31	0.422	-6.844	23.75	16.016
g	8211	752	819	17	4	2.484	7.734	11.594	21.141
g	8212	802	819	22	4	2.531	7.734	11.594	26.484
g	8216	852	819	5	9	3.078	14.266	22.422	10.688
g	8217	2	862	5	9	3.078	14.422	22.578	10.688
g	8218	52	862	5	9	3.078	-4.719	3.438	10.688
g	8220	102	862	12	9	2.234	14.422	22.578	16.031
g	8221	152	862	12	9	2.219	14.422	22.578	16.031
g	8222	202	862	11	9	2.641	-4.703	3.453	16.031
g	8224	252	862	10	27	2.078	-3.906	22.344	13.359
g	8225	302	862	10	27	2.078	-3.906	22.344	13.359
g	8226	352	862	9	8	2.531	7.484	14.766	13.438
g	8230	402	862	21	5	1.703	0	4.125	23.906
g	8240	452	862	46	22	2.531	-0.391	21.172	50.563
g	8249	502	862	8	13	2.844	2.188	14.297	13.359
g	8250	552	862	8	13	2.984	2.188	14.297	13.297
g	8260	602	862	16	21	2.797	0	20.781	21.141
g	8364	652	862	20	22	1.266	-0.391	21.172	23.984
g	8482	702	862	33	14	1.146	7.203	21.141	34.672
g	8486	752	862	19	22	2.5	-0.234	20.906	23.984
g	8706	802	862	16	22	1.391	-0.234	21.234	18.641
g	8710	852	862	20	23	2.297	0	22.109	23.813
g	8719	2	905	15	24	3.125	-2.656	20.828	21.375
g	8721	52	905	15	24	3.219	-2.703	20.813	21.375
g	8722	102	905	11	4	2.781	7.734	11.594	15.875
g	8730	152	905	21	29	0.672	0	28.781	21.234
g	8734	202	905	23	16	3.438	3.141	18.594	29.156
g	8747	252	905	10	37	1.531	-7.969	28.188	13.438
g	8776	302	905	20	17	0.703	0.531	17.5	21.313
g	8800	352	905	15	21	3.547	-0.406	20.375	21.313
g	8804	402	905	11	22	1.328	-0.469	21.094	13.438
g	8805	452	905	11	22	1.406	-0.469	21.094	13.438
g	9674	502	905	17	27	2.516	-2.688	23.875	21.141
g	64256	552	905	22	24	0.078	0	23.891	21.375
g	64257	602	905	19	25	0.078	0	24.422	18.703
g	64258	652	905	17	24	0.078	0	23.891	18.703
