atlas	1024	2048	22	22.55	6.05	28.6
g	13	7	28	0	0	0	0	0	6	0
g	32	31	28	0	0	0	0	0	6	0
g	33	59	12	5	17	4	-1	16	13	0
g	34	82	11	7	7	3	10	17	13	0
g	35	103	12	13	16	0	0	16	13	0
g	36	128	10	12	21	1	-3	18	13	0
g	37	151	12	13	17	0	-1	16	13	0
g	38	175	12	13	17	0	-1	16	13	0
g	39	204	11	3	7	5	10	17	13	0
g	40	227	11	7	21	4	-4	17	13	0
g	41	249	11	7	21	2	-4	17	13	0
g	42	271	15	13	12	0	1	13	13	0
g	43	296	15	11	12	1	1	13	13	0
g	44	323	25	5	7	4	-4	3	13	0
g	45	346	20	7	3	3	5	8	13	0
g	46	371	25	5	4	4	-1	3	13	0
g	47	392	11	11	21	1	-4	17	13	0
g	48	416	12	11	17	1	-1	16	13	0
g	49	440	12	12	16	1	0	16	13	0
g	50	464	12	11	16	1	0	16	13	0
g	51	488	12	11	17	1	-1	16	13	0
g	52	511	12	13	16	0	0	16	13	0
g	53	536	12	11	17	1	-1	16	13	0
g	54	560	12	11	17	1	-1	16	13	0
g	55	584	12	11	16	1	0	16	13	0
g	56	608	12	11	17	1	-1	16	13	0
g	57	632	12	11	16	1	0	16	13	0
g	58	659	16	5	13	4	-1	12	13	0
g	59	683	16	5	16	4	-4	12	13	0
g	60	704	14	11	14	1	0	14	13	0
g	61	728	18	11	7	1	3	10	13	0
g	62	752	14	11	14	1	0	14	13	0
g	63	776	12	11	17	1	-1	16	13	0
g	64	800	12	11	19	1	-3	16	13	0
g	65	823	12	13	16	0	0	16	13	0
g	66	848	12	11	16	1	0	16	13	0
g	67	8	50	11	17	1	-1	16	13	0
g	68	33	50	10	16	2	0	16	13	0
g	69	56	50	11	16	1	0	16	13	0
g	70	80	50	11	16	1	0	16	13	0
g	71	104	50	11	17	1	-1	16	13	0
g	72	128	50	11	16	1	0	16	13	0
g	73	152	50	11	16	1	0	16	13	0
g	74	176	50	10	17	1	-1	16	13	0
g	75	200	50	12	16	1	0	16	13	0
g	76	225	50	10	16	2	0	16	13	0
g	77	248	50	11	16	1	0	16	13	0
g	78	272	50	11	16	1	0	16	13	0
g	79	296	50	11	17	1	-1	16	13	0
g	80	320	50	11	16	1	0	16	13	0
g	81	344	50	11	20	1	-4	16	13	0
g	82	368	50	12	16	1	0	16	13	0
g	83	391	50	12	17	0	-1	16	13	0
g	84	415	50	13	16	0	0	16	13	0
g	85	440	50	11	17	1	-1	16	13	0
g	86	463	50	13	16	0	0	16	13	0
g	87	487	50	13	16	0	0	16	13	0
g	88	511	50	13	16	0	0	16	13	0
g	89	535	50	13	16	0	0	16	13	0
g	90	560	50	12	16	1	0	16	13	0
g	91	587	49	8	21	4	-4	17	13	0
g	92	608	49	11	21	1	-4	17	13	0
g	93	633	49	7	21	2	-4	17	13	0
g	94	655	50	13	10	0	6	16	13	0
g	95	680	68	11	2	1	-4	-2	13	0
g	96	707	48	4	6	4	12	18	13	0
g	97	728	54	12	13	1	-1	12	13	0
g	98	753	49	10	18	2	-1	17	13	0
g	99	776	54	11	13	1	-1	12	13	0
g	100	800	49	11	18	1	-1	17	13	0
g	101	824	54	11	13	1	-1	12	13	0
g	102	848	49	11	17	1	0	17	13	0
g	103	8	91	12	18	1	-5	13	13	0
g	104	33	87	10	17	2	0	17	13	0
g	105	57	87	11	17	2	0	17	13	0
g	106	81	87	9	22	2	-5	17	13	0
g	107	105	87	11	17	2	0	17	13	0
g	108	128	87	11	17	1	0	17	13	0
g	109	152	92	12	12	1	0	12	13	0
g	110	177	92	10	12	2	0	12	13	0
g	111	200	92	11	13	1	-1	12	13	0
g	112	225	92	10	17	2	-5	12	13	0
g	113	248	92	11	17	1	-5	12	13	0
g	114	272	92	12	12	1	0	12	13	0
g	115	296	92	11	13	1	-1	12	13	0
g	116	319	88	12	16	0	0	16	13	0
g	117	345	92	10	13	2	-1	12	13	0
g	118	368	92	11	12	1	0	12	13	0
g	119	391	92	13	12	0	0	12	13	0
g	120	416	92	11	12	1	0	12	13	0
g	121	440	92	12	17	1	-5	12	13	0
g	122	464	92	11	12	1	0	12	13	0
g	123	489	87	9	21	2	-4	17	13	0
g	124	516	87	3	21	5	-4	17	13	0
g	125	537	87	9	21	2	-4	17	13	0
g	126	560	94	12	6	1	4	10	13	0
g	160	583	104	0	0	0	0	0	13	0
g	161	611	92	5	17	4	-5	12	13	0
g	162	632	90	11	17	1	-3	14	13	0
g	163	656	88	12	16	1	0	16	13	0
g	164	680	89	11	15	1	0	15	13	0
g	165	703	88	13	16	0	0	16	13	0
g	166	732	87	3	21	5	-4	17	13	0
g	167	752	88	11	20	1	-4	16	13	0
g	168	778	88	7	3	3	13	16	13	0
g	169	799	89	14	15	0	0	15	13	0
g	170	826	88	8	9	3	7	16	13	0
g	171	848	93	11	10	1	1	11	13	0
g	172	8	134	11	7	1	1	8	13	0
g	174	33	126	9	9	2	7	16	13	0
g	175	58	126	7	2	3	14	16	13	0
g	176	81	126	9	8	2	8	16	13	0
g	177	104	128	11	14	1	0	14	13	0
g	178	130	126	7	9	3	7	16	13	0
g	179	154	126	7	9	3	7	16	13	0
g	180	180	124	5	6	5	12	18	13	0
g	181	201	130	10	17	2	-5	12	13	0
g	182	223	126	12	20	0	-4	16	13	0
g	183	251	133	5	4	4	5	9	13	0
g	184	275	141	6	6	4	-5	1	13	0
g	185	298	126	7	9	3	7	16	13	0
g	186	322	126	8	9	3	7	16	13	0
g	187	344	131	11	10	1	1	11	13	0
g	188	367	126	13	16	0	0	16	13	0
g	189	391	126	13	16	0	0	16	13	0
g	190	415	126	13	16	0	0	16	13	0
g	191	440	130	11	17	1	-5	12	13	0
g	192	463	121	13	21	0	0	21	13	0
g	193	487	121	13	21	0	0	21	13	0
g	194	511	121	13	21	0	0	21	13	0
g	195	535	122	13	20	0	0	20	13	0
g	196	559	122	13	20	0	0	20	13	0
g	197	583	120	13	22	0	0	22	13	0
g	198	607	126	13	16	0	0	16	13	0
g	199	632	126	11	21	1	-5	16	13	0
g	200	656	121	11	21	1	0	21	13	0
g	201	680	121	11	21	1	0	21	13	0
g	202	704	121	11	21	1	0	21	13	0
g	203	728	122	11	20	1	0	20	13	0
g	204	752	121	11	21	1	0	21	13	0
g	205	776	121	11	21	1	0	21	13	0
g	206	800	121	11	21	1	0	21	13	0
g	207	824	122	11	20	1	0	20	13	0
g	208	847	126	12	16	0	0	16	13	0
g	209	8	160	11	20	1	0	20	13	0
g	210	32	159	11	22	1	-1	21	13	0
g	211	56	159	11	22	1	-1	21	13	0
g	212	80	159	11	22	1	-1	21	13	0
g	213	104	160	11	21	1	-1	20	13	0
g	214	128	160	11	21	1	-1	20	13	0
g	215	152	168	11	10	1	2	12	13	0
g	216	176	163	12	18	1	-1	17	13	0
g	217	200	159	11	22	1	-1	21	13	0
g	218	224	159	11	22	1	-1	21	13	0
g	219	248	159	11	22	1	-1	21	13	0
g	220	272	160	11	21	1	-1	20	13	0
g	221	295	159	13	21	0	0	21	13	0
g	222	320	164	11	16	1	0	16	13	0
g	223	345	163	11	22	2	-5	17	13	0
g	224	368	162	12	19	1	-1	18	13	0
g	225	392	162	12	19	1	-1	18	13	0
g	226	416	163	12	18	1	-1	17	13	0
g	227	440	163	12	18	1	-1	17	13	0
g	228	464	164	12	17	1	-1	16	13	0
g	229	488	162	12	19	1	-1	18	13	0
g	230	511	168	13	13	0	-1	12	13	0
g	231	536	168	11	17	1	-5	12	13	0
g	232	560	162	11	19	1	-1	18	13	0
g	233	584	162	11	19	1	-1	18	13	0
g	234	608	163	11	18	1	-1	17	13	0
g	235	632	164	11	17	1	-1	16	13	0
g	236	657	162	11	18	2	0	18	13	0
g	237	681	162	11	18	2	0	18	13	0
g	238	705	163	11	17	2	0	17	13	0
g	239	729	164	11	16	2	0	16	13	0
g	240	752	163	11	18	1	-1	17	13	0
g	241	777	163	10	17	2	0	17	13	0
g	242	800	162	11	19	1	-1	18	13	0
g	243	824	162	11	19	1	-1	18	13	0
g	244	848	163	11	18	1	-1	17	13	0
g	245	8	201	11	18	1	-1	17	13	0
g	246	32	202	11	17	1	-1	16	13	0
g	247	56	205	11	12	1	1	13	13	0
g	248	80	205	12	14	1	-1	13	13	0
g	249	105	200	10	19	2	-1	18	13	0
g	250	129	200	10	19	2	-1	18	13	0
g	251	153	201	10	18	2	-1	17	13	0
g	252	177	202	10	17	2	-1	16	13	0
g	253	200	200	12	23	1	-5	18	13	0
g	254	225	201	10	22	2	-5	17	13	0
g	255	248	202	12	21	1	-5	16	13	0
g	256	271	198	13	20	0	0	20	13	0
g	257	296	202	12	17	1	-1	16	13	0
g	258	319	197	13	21	0	0	21	13	0
g	259	344	201	12	18	1	-1	17	13	0
g	260	367	202	14	21	0	-5	16	13	0
g	261	392	206	12	17	1	-5	12	13	0
g	262	416	197	11	22	1	-1	21	13	0
g	263	440	200	11	19	1	-1	18	13	0
g	264	464	197	11	22	1	-1	21	13	0
g	265	488	201	11	18	1	-1	17	13	0
g	266	512	198	11	21	1	-1	20	13	0
g	267	536	201	11	18	1	-1	17	13	0
g	268	560	197	11	22	1	-1	21	13	0
g	269	584	200	11	19	1	-1	18	13	0
g	270	609	197	10	21	2	0	21	13	0
g	271	631	201	15	18	0	-1	17	13	0
g	272	655	202	12	16	0	0	16	13	0
g	273	680	201	12	18	1	-1	17	13	0
g	274	704	198	11	20	1	0	20	13	0
g	275	728	202	11	17	1	-1	16	13	0
g	276	752	197	11	21	1	0	21	13	0
g	277	776	201	11	18	1	-1	17	13	0
g	278	800	198	11	20	1	0	20	13	0
g	279	824	201	11	18	1	-1	17	13	0
g	280	848	202	11	21	1	-5	16	13	0
g	281	8	244	11	17	1	-5	12	13	0
g	282	32	235	11	21	1	0	21	13	0
g	283	56	238	11	19	1	-1	18	13	0
g	284	80	235	11	22	1	-1	21	13	0
g	285	104	239	12	22	1	-5	17	13	0
g	286	128	235	11	22	1	-1	21	13	0
g	287	152	239	12	22	1	-5	17	13	0
g	288	176	236	11	21	1	-1	20	13	0
g	289	200	239	12	22	1	-5	17	13	0
g	290	224	240	11	22	1	-6	16	13	0
g	291	248	238	12	23	1	-5	18	13	0
g	292	272	235	11	21	1	0	21	13	0
g	293	294	235	13	21	-1	0	21	13	0
g	294	319	240	13	16	0	0	16	13	0
g	295	343	239	12	17	0	0	17	13	0
g	296	368	236	11	20	1	0	20	13	0
g	297	393	239	11	17	2	0	17	13	0
g	298	416	236	11	20	1	0	20	13	0
g	299	441	240	11	16	2	0	16	13	0
g	300	464	235	11	21	1	0	21	13	0
g	301	489	239	11	17	2	0	17	13	0
g	302	512	240	11	21	1	-5	16	13	0
g	303	537	239	11	22	2	-5	17	13	0
g	304	560	236	11	20	1	0	20	13	0
g	305	585	244	11	12	2	0	12	13	0
g	306	608	240	11	17	1	-1	16	13	0
g	307	632	239	11	22	1	-5	17	13	0
g	308	656	235	10	22	1	-1	21	13	0
g	309	681	239	11	22	2	-5	17	13	0
g	310	704	240	12	22	1	-6	16	13	0
g	311	729	239	11	23	2	-6	17	13	0
g	312	753	244	11	12	2	0	12	13	0
g	313	777	235	10	21	2	0	21	13	0
g	314	800	234	11	22	1	0	22	13	0
g	315	825	240	10	22	2	-6	16	13	0
g	316	848	239	11	23	1	-6	17	13	0
g	317	9	277	10	17	2	0	17	13	0
g	318	32	277	11	17	1	0	17	13	0
g	319	57	278	10	16	2	0	16	13	0
g	320	80	277	12	17	1	0	17	13	0
g	321	103	278	12	16	0	0	16	13	0
g	322	128	277	11	17	1	0	17	13	0
g	323	152	273	11	21	1	0	21	13	0
g	324	177	276	10	18	2	0	18	13	0
g	325	200	278	11	22	1	-6	16	13	0
g	326	225	282	10	18	2	-6	12	13	0
g	327	248	273	11	21	1	0	21	13	0
g	328	273	276	10	18	2	0	18	13	0
g	329	295	277	12	17	0	0	17	13	0
g	330	320	278	11	21	1	-5	16	13	0
g	331	345	282	10	17	2	-5	12	13	0
g	332	368	274	11	21	1	-1	20	13	0
g	333	392	278	11	17	1	-1	16	13	0
g	334	416	273	11	22	1	-1	21	13	0
g	335	440	277	11	18	1	-1	17	13	0
g	336	464	273	11	22	1	-1	21	13	0
g	337	488	276	11	19	1	-1	18	13	0
g	338	511	278	13	16	0	0	16	13	0
g	339	535	282	13	13	0	-1	12	13	0
g	340	560	273	12	21	1	0	21	13	0
g	341	584	276	12	18	1	0	18	13	0
g	342	608	278	12	22	1	-6	16	13	0
g	343	632	282	12	18	1	-6	12	13	0
g	344	656	273	12	21	1	0	21	13	0
g	345	680	276	12	18	1	0	18	13	0
g	346	703	273	12	22	0	-1	21	13	0
g	347	728	276	11	19	1	-1	18	13	0
g	348	751	273	12	22	0	-1	21	13	0
g	349	776	277	11	18	1	-1	17	13	0
g	350	799	278	12	21	0	-5	16	13	0
g	351	824	282	11	17	1	-5	12	13	0
g	352	847	273	12	22	0	-1	21	13	0
g	353	8	314	11	19	1	-1	18	13	0
g	354	31	316	13	21	0	-5	16	13	0
g	355	55	316	12	21	0	-5	16	13	0
g	356	79	311	13	21	0	0	21	13	0
g	357	103	315	12	17	0	0	17	13	0
g	358	127	316	13	16	0	0	16	13	0
g	359	151	316	12	16	0	0	16	13	0
g	360	176	312	11	21	1	-1	20	13	0
g	361	201	315	10	18	2	-1	17	13	0
g	362	224	312	11	21	1	-1	20	13	0
g	363	249	316	10	17	2	-1	16	13	0
g	364	272	311	11	22	1	-1	21	13	0
g	365	297	315	10	18	2	-1	17	13	0
g	366	320	310	11	23	1	-1	22	13	0
g	367	345	314	10	19	2	-1	18	13	0
g	368	368	311	11	22	1	-1	21	13	0
g	369	393	314	10	19	2	-1	18	13	0
g	370	416	316	11	21	1	-5	16	13	0
g	371	441	320	10	17	2	-5	12	13	0
g	372	463	311	13	21	0	0	21	13	0
g	373	487	315	13	17	0	0	17	13	0
g	374	511	311	13	21	0	0	21	13	0
g	375	536	315	12	22	1	-5	17	13	0
g	376	559	312	13	20	0	0	20	13	0
g	377	584	311	12	21	1	0	21	13	0
g	378	608	314	11	18	1	0	18	13	0
g	379	632	312	12	20	1	0	20	13	0
g	380	656	315	11	17	1	0	17	13	0
g	381	680	311	12	21	1	0	21	13	0
g	382	704	314	11	18	1	0	18	13	0
g	383	728	315	11	17	1	0	17	13	0
g	399	752	316	11	17	1	-1	16	13	0
g	402	774	316	15	21	-1	-5	16	13	0
g	416	800	314	12	19	1	-1	18	13	0
g	417	824	318	11	15	1	-1	14	13	0
g	431	848	314	13	19	1	-1	18	13	0
g	432	9	356	11	15	2	-1	14	13	0
g	461	31	349	13	21	0	0	21	13	0
g	462	56	352	12	19	1	-1	18	13	0
g	463	80	349	11	21	1	0	21	13	0
g	464	105	352	11	18	2	0	18	13	0
g	465	128	349	11	22	1	-1	21	13	0
g	466	152	352	11	19	1	-1	18	13	0
g	467	176	349	11	22	1	-1	21	13	0
g	468	201	352	10	19	2	-1	18	13	0
g	469	224	348	11	23	1	-1	22	13	0
g	470	249	351	10	20	2	-1	19	13	0
g	471	272	346	11	25	1	-1	24	13	0
g	472	297	350	10	21	2	-1	20	13	0
g	473	320	346	11	25	1	-1	24	13	0
g	474	345	350	10	21	2	-1	20	13	0
g	475	368	346	11	25	1	-1	24	13	0
g	476	393	350	10	21	2	-1	20	13	0
g	506	415	345	13	25	0	0	25	13	0
g	507	440	348	12	23	1	-1	22	13	0
g	508	463	349	13	21	0	0	21	13	0
g	509	487	352	13	19	0	-1	18	13	0
g	510	512	349	12	22	1	-1	21	13	0
g	511	536	352	12	19	1	-1	18	13	0
g	536	559	354	12	22	0	-6	16	13	0
g	537	584	358	11	18	1	-6	12	13	0
g	538	607	354	13	22	0	-6	16	13	0
g	539	631	354	12	22	0	-6	16	13	0
g	567	657	358	8	17	2	-5	12	13	0
g	601	680	358	11	13	1	-1	12	13	0
g	699	708	352	4	6	5	12	18	13	0
g	700	731	353	3	5	4	12	17	13	0
g	710	754	353	8	4	3	13	17	13	0
g	711	778	352	8	5	3	13	18	13	0
g	728	802	353	8	4	3	13	17	13	0
g	729	828	353	3	4	5	13	17	13	0
g	730	851	352	6	6	4	12	18	13	0
g	731	9	407	6	6	2	-5	1	13	0
g	732	33	391	9	4	2	13	17	13	0
g	733	58	390	8	6	3	12	18	13	0
g	768	76	390	5	6	-3	12	18	0	0
g	769	102	390	4	6	-1	12	18	0	0
g	770	123	391	8	4	-4	13	17	0	0
g	771	147	391	8	4	-4	13	17	0	0
g	772	171	392	8	2	-4	14	16	0	0
g	774	195	391	8	4	-4	13	17	0	0
g	775	221	391	4	4	-2	13	17	0	0
g	776	243	392	8	3	-4	13	16	0	0
g	777	269	391	5	5	-2	12	17	0	0
g	778	292	390	6	6	-3	12	18	0	0
g	779	316	390	8	6	-3	12	18	0	0
g	780	339	390	8	5	-4	13	18	0	0
g	786	365	390	4	6	-2	12	18	0	0
g	789	391	391	3	5	0	12	17	0	0
g	795	413	394	4	4	-2	10	14	0	0
g	803	437	409	4	3	-2	-4	-1	0	0
g	806	461	409	4	5	-2	-6	-1	0	0
g	807	485	407	5	6	-2	-5	1	0	0
g	808	507	407	5	6	-4	-5	1	0	0
g	960	535	396	13	12	0	0	12	13	0
g	1024	560	387	11	21	1	0	21	13	0
g	1025	584	388	11	20	1	0	20	13	0
g	1026	607	392	13	20	0	-4	16	13	0
g	1027	633	387	10	21	2	0	21	13	0
g	1028	656	392	11	17	1	-1	16	13	0
g	1029	679	392	12	17	0	-1	16	13	0
g	1030	704	392	11	16	1	0	16	13	0
g	1031	728	388	11	20	1	0	20	13	0
g	1032	752	392	10	17	1	-1	16	13	0
g	1033	774	392	15	16	-1	0	16	13	0
g	1034	800	392	13	16	1	0	16	13	0
g	1035	823	392	13	16	0	0	16	13	0
g	1036	848	387	12	21	1	0	21	13	0
g	1037	8	425	11	21	1	0	21	13	0
g	1038	31	425	13	21	0	0	21	13	0
g	1039	56	430	11	20	1	-4	16	13	0
g	1040	79	430	13	16	0	0	16	13	0
g	1041	104	430	11	16	1	0	16	13	0
g	1042	128	430	11	16	1	0	16	13	0
g	1043	153	430	10	16	2	0	16	13	0
g	1044	175	430	13	20	0	-4	16	13	0
g	1045	200	430	11	16	1	0	16	13	0
g	1046	223	430	14	16	0	0	16	13	0
g	1047	247	430	12	17	0	-1	16	13	0
g	1048	272	430	11	16	1	0	16	13	0
g	1049	296	425	11	21	1	0	21	13	0
g	1050	320	430	12	16	1	0	16	13	0
g	1051	343	430	12	16	0	0	16	13	0
g	1052	368	430	11	16	1	0	16	13	0
g	1053	392	430	11	16	1	0	16	13	0
g	1054	416	430	11	17	1	-1	16	13	0
g	1055	440	430	11	16	1	0	16	13	0
g	1056	464	430	11	16	1	0	16	13	0
g	1057	488	430	11	17	1	-1	16	13	0
g	1058	511	430	13	16	0	0	16	13	0
g	1059	535	430	13	16	0	0	16	13	0
g	1060	559	430	13	17	0	-1	16	13	0
g	1061	583	430	13	16	0	0	16	13	0
g	1062	608	430	12	20	1	-4	16	13	0
g	1063	632	430	11	16	1	0	16	13	0
g	1064	656	430	12	16	1	0	16	13	0
g	1065	680	430	13	20	1	-4	16	13	0
g	1066	703	430	13	16	0	0	16	13	0
g	1067	728	430	12	16	1	0	16	13	0
g	1068	753	430	10	16	2	0	16	13	0
g	1069	776	430	11	17	1	-1	16	13	0
g	1070	800	430	12	17	1	-1	16	13	0
g	1071	823	430	12	16	0	0	16	13	0
g	1072	848	434	12	13	1	-1	12	13	0
g	1073	8	467	11	18	1	-1	17	13	0
g	1074	33	472	10	12	2	0	12	13	0
g	1075	57	472	10	12	2	0	12	13	0
g	1076	79	472	13	16	0	-4	12	13	0
g	1077	104	472	11	13	1	-1	12	13	0
g	1078	127	472	13	12	0	0	12	13	0
g	1079	152	472	10	13	1	-1	12	13	0
g	1080	177	472	10	12	2	0	12	13	0
g	1081	201	467	10	17	2	0	17	13	0
g	1082	225	472	10	12	2	0	12	13	0
g	1083	247	472	11	12	0	0	12	13	0
g	1084	272	472	11	12	1	0	12	13	0
g	1085	297	472	10	12	2	0	12	13	0
g	1086	320	472	11	13	1	-1	12	13	0
g	1087	345	472	10	12	2	0	12	13	0
g	1088	369	472	10	17	2	-5	12	13	0
g	1089	392	472	11	13	1	-1	12	13	0
g	1090	416	472	11	12	1	0	12	13	0
g	1091	440	472	12	17	1	-5	12	13	0
g	1092	463	468	13	21	0	-5	16	13	0
g	1093	488	472	11	12	1	0	12	13	0
g	1094	512	472	12	16	1	-4	12	13	0
g	1095	536	472	10	12	1	0	12	13	0
g	1096	560	472	12	12	1	0	12	13	0
g	1097	584	472	13	16	1	-4	12	13	0
g	1098	607	472	13	12	0	0	12	13	0
g	1099	632	472	12	12	1	0	12	13	0
g	1100	657	472	10	12	2	0	12	13	0
g	1101	680	472	11	13	1	-1	12	13	0
g	1102	704	472	12	13	1	-1	12	13	0
g	1103	728	472	10	12	1	0	12	13	0
g	1104	752	466	11	19	1	-1	18	13	0
g	1105	776	468	11	17	1	-1	16	13	0
g	1106	799	467	12	22	0	-5	17	13	0
g	1107	825	466	10	18	2	0	18	13	0
g	1108	848	472	11	13	1	-1	12	13	0
g	1109	8	510	11	13	1	-1	12	13	0
g	1110	33	505	11	17	2	0	17	13	0
g	1111	57	506	11	16	2	0	16	13	0
g	1112	81	505	9	22	2	-5	17	13	0
g	1113	103	510	13	12	0	0	12	13	0
g	1114	128	510	12	12	1	0	12	13	0
g	1115	151	505	12	17	0	0	17	13	0
g	1116	177	504	10	18	2	0	18	13	0
g	1117	201	504	10	18	2	0	18	13	0
g	1118	224	505	12	22	1	-5	17	13	0
g	1119	249	510	10	16	2	-4	12	13	0
g	1138	272	506	11	17	1	-1	16	13	0
g	1139	296	510	11	13	1	-1	12	13	0
g	1168	321	503	10	19	2	0	19	13	0
g	1169	345	507	10	15	2	0	15	13	0
g	1170	368	506	11	16	1	0	16	13	0
g	1171	391	510	12	12	0	0	12	13	0
g	1172	416	506	11	20	1	-4	16	13	0
g	1173	441	510	10	17	2	-5	12	13	0
g	1174	462	506	15	20	-1	-4	16	13	0
g	1175	487	510	14	16	0	-4	12	13	0
g	1176	511	506	12	20	0	-4	16	13	0
g	1177	536	510	10	16	1	-4	12	13	0
g	1178	560	506	12	20	1	-4	16	13	0
g	1179	585	510	10	16	2	-4	12	13	0
g	1180	608	506	12	16	1	0	16	13	0
g	1181	632	510	12	12	1	0	12	13	0
g	1184	655	506	14	16	0	0	16	13	0
g	1185	679	510	13	12	0	0	12	13	0
g	1186	704	506	12	20	1	-4	16	13	0
g	1187	728	510	12	16	1	-4	12	13	0
g	1188	752	506	12	16	1	0	16	13	0
g	1189	776	510	12	12	1	0	12	13	0
g	1194	800	506	11	20	1	-4	16	13	0
g	1195	824	510	11	16	1	-4	12	13	0
g	1198	847	506	13	16	0	0	16	13	0
g	1199	8	548	11	17	1	-5	12	13	0
g	1200	31	544	13	16	0	0	16	13	0
g	1201	56	548	11	17	1	-5	12	13	0
g	1202	79	544	14	20	0	-4	16	13	0
g	1203	104	548	12	16	1	-4	12	13	0
g	1206	128	544	12	20	1	-4	16	13	0
g	1207	152	548	12	16	1	-4	12	13	0
g	1208	176	544	11	16	1	0	16	13	0
g	1209	200	548	10	12	1	0	12	13	0
g	1210	224	544	11	16	1	0	16	13	0
g	1211	249	543	10	17	2	0	17	13	0
g	1216	272	544	11	16	1	0	16	13	0
g	1217	295	539	14	21	0	0	21	13	0
g	1218	319	543	13	17	0	0	17	13	0
g	1231	344	543	11	17	1	0	17	13	0
g	1232	367	539	13	21	0	0	21	13	0
g	1233	392	543	12	18	1	-1	17	13	0
g	1234	415	540	13	20	0	0	20	13	0
g	1235	440	544	12	17	1	-1	16	13	0
g	1236	463	544	13	16	0	0	16	13	0
g	1237	487	548	13	13	0	-1	12	13	0
g	1238	512	539	11	21	1	0	21	13	0
g	1239	536	543	11	18	1	-1	17	13	0
g	1240	560	544	11	17	1	-1	16	13	0
g	1241	584	548	11	13	1	-1	12	13	0
g	1244	607	540	14	20	0	0	20	13	0
g	1245	631	544	13	16	0	0	16	13	0
g	1246	655	540	12	21	0	-1	20	13	0
g	1247	680	544	10	17	1	-1	16	13	0
g	1250	704	540	11	20	1	0	20	13	0
g	1251	729	544	10	16	2	0	16	13	0
g	1252	752	540	11	20	1	0	20	13	0
g	1253	777	544	10	16	2	0	16	13	0
g	1254	800	540	11	21	1	-1	20	13	0
g	1255	824	544	11	17	1	-1	16	13	0
g	1256	848	544	11	17	1	-1	16	13	0
g	1257	8	586	11	13	1	-1	12	13	0
g	1262	31	578	13	20	0	0	20	13	0
g	1263	56	582	12	21	1	-5	16	13	0
g	1264	79	578	13	20	0	0	20	13	0
g	1265	104	582	12	21	1	-5	16	13	0
g	1266	127	577	13	21	0	0	21	13	0
g	1267	152	580	12	23	1	-5	18	13	0
g	1268	176	578	11	20	1	0	20	13	0
g	1269	200	582	10	16	1	0	16	13	0
g	1272	224	578	12	20	1	0	20	13	0
g	1273	248	582	12	16	1	0	16	13	0
g	3647	272	580	11	21	1	-3	18	13	0
g	7808	295	577	13	21	0	0	21	13	0
g	7809	319	580	13	18	0	0	18	13	0
g	7810	343	577	13	21	0	0	21	13	0
g	7811	367	580	13	18	0	0	18	13	0
g	7812	391	578	13	20	0	0	20	13	0
g	7813	415	582	13	16	0	0	16	13	0
g	7838	440	582	12	17	1	-1	16	13	0
g	7840	463	582	13	20	0	-4	16	13	0
g	7841	488	586	12	16	1	-4	12	13	0
g	7842	511	577	13	21	0	0	21	13	0
g	7843	536	581	12	18	1	-1	17	13	0
g	7844	559	574	13	24	0	0	24	13	0
g	7845	584	578	12	21	1	-1	20	13	0
g	7846	607	574	13	24	0	0	24	13	0
g	7847	631	578	13	21	0	-1	20	13	0
g	7848	655	574	13	24	0	0	24	13	0
g	7849	680	578	12	21	1	-1	20	13	0
g	7850	703	574	13	24	0	0	24	13	0
g	7851	728	578	12	21	1	-1	20	13	0
g	7852	751	577	13	25	0	-4	21	13	0
g	7853	776	581	12	21	1	-4	17	13	0
g	7854	799	574	13	24	0	0	24	13	0
g	7855	824	578	12	21	1	-1	20	13	0
g	7856	847	574	13	24	0	0	24	13	0
g	7857	8	616	12	21	1	-1	20	13	0
g	7858	31	612	13	24	0	0	24	13	0
g	7859	56	616	12	21	1	-1	20	13	0
g	7860	79	612	13	24	0	0	24	13	0
g	7861	104	616	12	21	1	-1	20	13	0
g	7862	127	615	13	25	0	-4	21	13	0
g	7863	152	619	12	21	1	-4	17	13	0
g	7864	176	620	11	20	1	-4	16	13	0
g	7865	200	624	11	16	1	-4	12	13	0
g	7866	224	615	11	21	1	0	21	13	0
g	7867	248	619	11	18	1	-1	17	13	0
g	7868	272	616	11	20	1	0	20	13	0
g	7869	296	619	11	18	1	-1	17	13	0
g	7870	320	612	12	24	1	0	24	13	0
g	7871	344	616	12	21	1	-1	20	13	0
g	7872	367	612	12	24	0	0	24	13	0
g	7873	391	616	12	21	0	-1	20	13	0
g	7874	416	612	11	24	1	0	24	13	0
g	7875	440	616	11	21	1	-1	20	13	0
g	7876	464	612	11	24	1	0	24	13	0
g	7877	488	616	11	21	1	-1	20	13	0
g	7878	512	615	11	25	1	-4	21	13	0
g	7879	536	619	11	21	1	-4	17	13	0
g	7880	560	615	11	21	1	0	21	13	0
g	7881	585	619	11	17	2	0	17	13	0
g	7882	608	620	11	20	1	-4	16	13	0
g	7883	633	619	11	21	2	-4	17	13	0
g	7884	656	620	11	20	1	-4	16	13	0
g	7885	680	624	11	16	1	-4	12	13	0
g	7886	704	615	11	22	1	-1	21	13	0
g	7887	728	619	11	18	1	-1	17	13	0
g	7888	752	612	12	25	1	-1	24	13	0
g	7889	776	616	12	21	1	-1	20	13	0
g	7890	799	612	12	25	0	-1	24	13	0
g	7891	823	616	12	21	0	-1	20	13	0
g	7892	848	612	11	25	1	-1	24	13	0
g	7893	8	654	11	21	1	-1	20	13	0
g	7894	32	650	11	25	1	-1	24	13	0
g	7895	56	654	11	21	1	-1	20	13	0
g	7896	80	653	11	25	1	-4	21	13	0
g	7897	104	657	11	21	1	-4	17	13	0
g	7898	128	653	12	22	1	-1	21	13	0
g	7899	152	656	11	19	1	-1	18	13	0
g	7900	176	653	12	22	1	-1	21	13	0
g	7901	200	656	11	19	1	-1	18	13	0
g	7902	224	653	12	22	1	-1	21	13	0
g	7903	248	657	11	18	1	-1	17	13	0
g	7904	272	654	12	21	1	-1	20	13	0
g	7905	296	658	11	17	1	-1	16	13	0
g	7906	320	656	12	22	1	-4	18	13	0
g	7907	344	660	11	18	1	-4	14	13	0
g	7908	368	658	11	20	1	-4	16	13	0
g	7909	393	662	10	16	2	-4	12	13	0
g	7910	416	653	11	22	1	-1	21	13	0
g	7911	441	657	10	18	2	-1	17	13	0
g	7912	464	653	13	22	1	-1	21	13	0
g	7913	489	656	11	19	2	-1	18	13	0
g	7914	512	653	13	22	1	-1	21	13	0
g	7915	537	656	11	19	2	-1	18	13	0
g	7916	560	653	13	22	1	-1	21	13	0
g	7917	585	657	11	18	2	-1	17	13	0
g	7918	608	654	13	21	1	-1	20	13	0
g	7919	633	658	11	17	2	-1	16	13	0
g	7920	656	656	13	22	1	-4	18	13	0
g	7921	681	660	11	18	2	-4	14	13	0
g	7922	703	653	13	21	0	0	21	13	0
g	7923	728	656	12	23	1	-5	18	13	0
g	7924	751	658	13	20	0	-4	16	13	0
g	7925	776	662	12	17	1	-5	12	13	0
g	7926	799	653	13	21	0	0	21	13	0
g	7927	824	657	12	22	1	-5	17	13	0
g	7928	847	654	13	20	0	0	20	13	0
g	7929	8	695	12	22	1	-5	17	13	0
g	8211	32	704	11	3	1	5	8	13	0
g	8212	55	704	14	3	0	5	8	13	0
g	8216	83	695	5	7	4	10	17	13	0
g	8217	107	695	5	7	4	10	17	13	0
g	8218	131	709	5	7	4	-4	3	13	0
g	8220	152	695	11	7	1	10	17	13	0
g	8221	177	695	10	7	2	10	17	13	0
g	8222	201	709	10	7	2	-4	3	13	0
g	8224	224	695	11	22	1	-5	17	13	0
g	8225	248	695	11	22	1	-5	17	13	0
g	8226	274	702	7	6	3	4	10	13	0
g	8230	295	709	13	4	0	-1	3	13	0
g	8240	319	696	14	17	0	-1	16	13	0
g	8242	348	696	4	8	5	8	16	13	0
g	8243	370	696	7	8	3	8	16	13	0
g	8249	394	701	6	10	3	1	11	13	0
g	8250	419	701	6	10	4	1	11	13	0
g	8260	439	696	13	16	0	0	16	13	0
g	8304	466	696	7	9	3	7	16	13	0
g	8308	490	696	7	9	3	7	16	13	0
g	8309	514	696	7	9	3	7	16	13	0
g	8310	538	696	7	9	3	7	16	13	0
g	8311	562	696	7	9	3	7	16	13	0
g	8312	586	696	7	9	3	7	16	13	0
g	8313	610	696	7	9	3	7	16	13	0
g	8320	634	703	7	10	3	-1	9	13	0
g	8321	658	703	7	9	3	0	9	13	0
g	8322	682	703	7	9	3	0	9	13	0
g	8323	706	703	7	10	3	-1	9	13	0
g	8324	730	703	7	9	3	0	9	13	0
g	8325	754	703	7	10	3	-1	9	13	0
g	8326	778	703	7	10	3	-1	9	13	0
g	8327	802	703	7	9	3	0	9	13	0
g	8328	826	703	7	10	3	-1	9	13	0
g	8329	850	703	7	9	3	0	9	13	0
g	8353	8	732	11	21	1	-3	18	13	0
g	8356	32	734	12	16	1	0	16	13	0
g	8358	55	734	13	16	0	0	16	13	0
g	8360	80	734	12	17	1	-1	16	13	0
g	8361	103	734	13	16	0	0	16	13	0
g	8362	128	734	11	16	1	0	16	13	0
g	8363	152	733	12	17	1	0	17	13	0
g	8364	176	734	11	17	1	-1	16	13	0
g	8365	199	734	13	16	0	0	16	13	0
g	8366	223	734	13	16	0	0	16	13	0
g	8369	247	734	13	16	0	0	16	13	0
g	8370	272	732	11	21	1	-3	18	13	0
g	8372	295	734	13	17	0	-1	16	13	0
g	8373	320	732	11	21	1	-3	18	13	0
g	8376	343	734	13	16	0	0	16	13	0
g	8377	368	734	12	16	1	0	16	13	0
g	8378	392	734	12	16	1	0	16	13	0
g	8381	415	734	13	16	0	0	16	13	0
g	8383	440	732	11	21	1	-3	18	13	0
g	8467	464	733	11	18	1	-1	17	13	0
g	8470	487	734	13	16	0	0	16	13	0
g	8482	511	734	12	7	0	9	16	13	0
g	8486	536	734	12	16	1	0	16	13	0
g	8494	559	734	13	17	0	-1	16	13	0
g	8528	583	734	13	16	0	0	16	13	0
g	8529	607	734	13	16	0	0	16	13	0
g	8531	631	734	13	17	0	-1	16	13	0
g	8532	655	734	13	17	0	-1	16	13	0
g	8533	679	734	13	17	0	-1	16	13	0
g	8534	703	734	13	17	0	-1	16	13	0
g	8535	727	734	13	17	0	-1	16	13	0
g	8536	751	734	13	17	0	-1	16	13	0
g	8537	775	734	13	17	0	-1	16	13	0
g	8538	799	734	13	17	0	-1	16	13	0
g	8539	823	734	13	17	0	-1	16	13	0
g	8540	847	734	13	17	0	-1	16	13	0
g	8541	7	772	13	17	0	-1	16	13	0
g	8542	31	772	13	17	0	-1	16	13	0
g	8592	55	775	13	10	0	3	13	13	0
g	8593	81	772	10	16	2	0	16	13	0
g	8594	103	775	13	10	0	3	13	13	0
g	8595	129	772	10	17	2	-1	16	13	0
g	8596	151	775	14	10	0	3	13	13	0
g	8597	177	772	10	17	2	-1	16	13	0
g	8598	200	774	12	12	1	2	14	13	0
g	8599	223	774	12	12	0	2	14	13	0
g	8600	247	774	12	12	0	2	14	13	0
g	8601	272	774	12	12	1	2	14	13	0
g	8617	295	774	13	13	0	1	14	13	0
g	8618	319	774	13	13	0	1	14	13	0
g	8624	343	772	12	16	0	0	16	13	0
g	8625	368	772	12	16	1	0	16	13	0
g	8626	391	772	12	16	0	0	16	13	0
g	8627	416	772	12	16	1	0	16	13	0
g	8630	439	773	13	15	0	0	15	13	0
g	8631	463	773	14	15	0	0	15	13	0
g	8634	487	772	13	17	0	-1	16	13	0
g	8635	511	772	13	17	0	-1	16	13	0
g	8644	535	772	13	17	0	-1	16	13	0
g	8646	559	772	13	17	0	-1	16	13	0
g	8706	584	772	11	17	1	-1	16	13	0
g	8710	608	772	12	16	1	0	16	13	0
g	8719	632	772	11	16	1	0	16	13	0
g	8721	656	772	11	21	1	-5	16	13	0
g	8722	680	780	11	3	1	5	8	13	0
g	8725	703	772	13	16	0	0	16	13	0
g	8730	727	772	13	16	0	0	16	13	0
g	8734	751	777	13	9	0	2	11	13	0
g	8747	775	771	12	22	0	-5	17	13	0
g	8776	800	777	12	8	1	3	11	13	0
g	8800	824	776	11	11	1	1	12	13	0
g	8804	848	774	11	14	1	0	14	13	0
g	8805	8	812	11	14	1	0	14	13	0
g	9472	30	818	15	3	-1	5	8	13	0
g	9473	54	817	15	4	-1	5	9	13	0
g	9474	84	805	3	29	5	-8	21	13	0
g	9475	108	805	4	29	5	-8	21	13	0
g	9476	127	818	13	3	0	5	8	13	0
g	9477	151	817	13	4	0	5	9	13	0
g	9478	180	806	3	27	5	-7	20	13	0
g	9479	204	806	4	27	5	-7	20	13	0
g	9480	223	818	13	3	0	5	8	13	0
g	9481	247	817	13	4	0	5	9	13	0
g	9482	276	805	3	28	5	-7	21	13	0
g	9483	300	805	4	28	5	-7	21	13	0
g	9484	324	818	9	16	5	-8	8	13	0
g	9485	348	817	9	17	5	-8	9	13	0
g	9486	372	818	9	16	5	-8	8	13	0
g	9487	396	817	9	17	5	-8	9	13	0
g	9488	414	818	9	16	-1	-8	8	13	0
g	9489	438	817	9	17	-1	-8	9	13	0
g	9490	462	818	10	16	-1	-8	8	13	0
g	9491	486	817	10	17	-1	-8	9	13	0
g	9492	516	805	9	16	5	5	21	13	0
g	9493	540	805	9	16	5	5	21	13	0
g	9494	564	805	9	16	5	5	21	13	0
g	9495	588	805	9	16	5	5	21	13	0
g	9496	606	805	9	16	-1	5	21	13	0
g	9497	630	805	9	16	-1	5	21	13	0
g	9498	654	805	10	16	-1	5	21	13	0
g	9499	678	805	10	16	-1	5	21	13	0
g	9500	708	805	9	29	5	-8	21	13	0
g	9501	732	805	9	29	5	-8	21	13	0
g	9502	756	805	9	29	5	-8	21	13	0
g	9503	780	805	9	29	5	-8	21	13	0
g	9504	804	805	9	29	5	-8	21	13	0
g	9505	828	805	9	29	5	-8	21	13	0
g	9506	852	805	9	29	5	-8	21	13	0
g	9507	12	843	9	29	5	-8	21	13	0
g	9508	30	843	9	29	-1	-8	21	13	0
g	9509	54	843	9	29	-1	-8	21	13	0
g	9510	78	843	10	29	-1	-8	21	13	0
g	9511	102	843	10	29	-1	-8	21	13	0
g	9512	126	843	10	29	-1	-8	21	13	0
g	9513	150	843	10	29	-1	-8	21	13	0
g	9514	174	843	10	29	-1	-8	21	13	0
g	9515	198	843	10	29	-1	-8	21	13	0
g	9516	222	856	15	16	-1	-8	8	13	0
g	9517	246	855	15	17	-1	-8	9	13	0
g	9518	270	855	15	17	-1	-8	9	13	0
g	9519	294	855	15	17	-1	-8	9	13	0
g	9520	318	856	15	16	-1	-8	8	13	0
g	9521	342	855	15	17	-1	-8	9	13	0
g	9522	366	855	15	17	-1	-8	9	13	0
g	9523	390	855	15	17	-1	-8	9	13	0
g	9524	414	843	15	16	-1	5	21	13	0
g	9525	438	843	15	16	-1	5	21	13	0
g	9526	462	843	15	16	-1	5	21	13	0
g	9527	486	843	15	16	-1	5	21	13	0
g	9528	510	843	15	16	-1	5	21	13	0
g	9529	534	843	15	16	-1	5	21	13	0
g	9530	558	843	15	16	-1	5	21	13	0
g	9531	582	843	15	16	-1	5	21	13	0
g	9532	606	843	15	29	-1	-8	21	13	0
g	9533	630	843	15	29	-1	-8	21	13	0
g	9534	654	843	15	29	-1	-8	21	13	0
g	9535	678	843	15	29	-1	-8	21	13	0
g	9536	702	843	15	29	-1	-8	21	13	0
g	9537	726	843	15	29	-1	-8	21	13	0
g	9538	750	843	15	29	-1	-8	21	13	0
g	9539	774	843	15	29	-1	-8	21	13	0
g	9540	798	843	15	29	-1	-8	21	13	0
g	9541	822	843	15	29	-1	-8	21	13	0
g	9542	846	843	15	29	-1	-8	21	13	0
g	9543	6	881	15	29	-1	-8	21	13	0
g	9544	30	881	15	29	-1	-8	21	13	0
g	9545	54	881	15	29	-1	-8	21	13	0
g	9546	78	881	15	29	-1	-8	21	13	0
g	9547	102	881	15	29	-1	-8	21	13	0
g	9548	128	894	11	3	1	5	8	13	0
g	9549	152	893	11	4	1	5	9	13	0
g	9550	180	886	3	19	5	-3	16	13	0
g	9551	204	886	4	19	5	-3	16	13	0
g	9552	222	893	15	5	-1	4	9	13	0
g	9553	251	881	5	29	4	-8	21	13	0
g	9554	276	893	9	17	5	-8	9	13	0
g	9555	299	894	10	16	4	-8	8	13	0
g	9556	323	893	10	17	4	-8	9	13	0
g	9557	342	893	9	17	-1	-8	9	13	0
g	9558	366	894	10	16	-1	-8	8	13	0
g	9559	390	893	10	17	-1	-8	9	13	0
g	9560	420	881	9	17	5	4	21	13	0
g	9561	443	881	10	16	4	5	21	13	0
g	9562	467	881	10	17	4	4	21	13	0
g	9563	486	881	9	17	-1	4	21	13	0
g	9564	510	881	10	16	-1	5	21	13	0
g	9565	534	881	10	17	-1	4	21	13	0
g	9566	564	881	9	29	5	-8	21	13	0
g	9567	587	881	10	29	4	-8	21	13	0
g	9568	611	881	10	29	4	-8	21	13	0
g	9569	630	881	9	29	-1	-8	21	13	0
g	9570	654	881	10	29	-1	-8	21	13	0
g	9571	678	881	10	29	-1	-8	21	13	0
g	9572	702	893	15	17	-1	-8	9	13	0
g	9573	726	894	15	16	-1	-8	8	13	0
g	9574	750	893	15	17	-1	-8	9	13	0
g	9575	774	881	15	17	-1	4	21	13	0
g	9576	798	881	15	16	-1	5	21	13	0
g	9577	822	881	15	17	-1	4	21	13	0
g	9578	846	881	15	29	-1	-8	21	13	0
g	9579	6	919	15	29	-1	-8	21	13	0
g	9580	30	919	15	29	-1	-8	21	13	0
g	9581	60	932	9	16	5	-8	8	13	0
g	9582	78	932	9	16	-1	-8	8	13	0
g	9583	102	919	9	16	-1	5	21	13	0
g	9584	132	919	9	16	5	5	21	13	0
g	9585	151	921	14	25	0	-6	19	13	0
g	9586	175	921	14	25	0	-6	19	13	0
g	9587	199	921	14	25	0	-6	19	13	0
g	9588	222	932	9	3	-1	5	8	13	0
g	9589	252	919	3	16	5	5	21	13	0
g	9590	276	932	9	3	5	5	8	13	0
g	9591	300	932	3	16	5	-8	8	13	0
g	9592	318	931	9	4	-1	5	9	13	0
g	9593	348	919	4	16	5	5	21	13	0
g	9594	372	931	9	4	5	5	9	13	0
g	9595	396	932	4	16	5	-8	8	13	0
g	9596	414	931	15	4	-1	5	9	13	0
g	9597	444	919	4	29	5	-8	21	13	0
g	9598	462	931	15	4	-1	5	9	13	0
g	9599	492	919	4	29	5	-8	21	13	0
g	9600	511	919	14	15	0	6	21	13	0
g	9601	535	944	14	4	0	-8	-4	13	0
g	9602	559	940	14	8	0	-8	0	13	0
g	9603	583	936	14	12	0	-8	4	13	0
g	9604	607	933	14	15	0	-8	7	13	0
g	9605	631	929	14	19	0	-8	11	13	0
g	9606	655	926	14	22	0	-8	14	13	0
g	9607	679	922	14	26	0	-8	18	13	0
g	9608	703	919	14	29	0	-8	21	13	0
g	9609	727	919	12	29	0	-8	21	13	0
g	9610	751	919	10	29	0	-8	21	13	0
g	9611	775	919	9	29	0	-8	21	13	0
g	9612	799	919	7	29	0	-8	21	13	0
g	9613	823	919	5	29	0	-8	21	13	0
g	9614	847	919	4	29	0	-8	21	13	0
g	9615	7	957	2	29	0	-8	21	13	0
g	9616	37	957	8	29	6	-8	21	13	0
g	9617	54	956	13	29	-1	-7	22	13	0
g	9618	78	955	14	30	-1	-7	23	13	0
g	9619	101	955	15	30	-2	-7	23	13	0
g	9620	127	957	14	4	0	17	21	13	0
g	9621	162	957	3	29	11	-8	21	13	0
g	9622	175	971	7	15	0	-8	7	13	0
g	9623	205	971	8	15	6	-8	7	13	0
g	9624	223	957	7	15	0	6	21	13	0
g	9625	247	957	14	29	0	-8	21	13	0
g	9626	271	957	14	29	0	-8	21	13	0
g	9627	295	957	14	29	0	-8	21	13	0
g	9628	319	957	14	29	0	-8	21	13	0
g	9629	349	957	8	15	6	6	21	13	0
g	9630	367	957	14	29	0	-8	21	13	0
g	9631	391	957	14	29	0	-8	21	13	0
g	9674	415	962	13	16	0	0	16	13	0
g	10003	440	962	13	16	1	0	16	13	0
g	10060	464	962	12	16	1	0	16	13	0
g	11022	487	964	13	12	0	2	14	13	0
g	11023	511	964	13	12	0	2	14	13	0
g	11024	535	964	13	12	0	2	14	13	0
g	11025	559	964	13	12	0	2	14	13	0
g	63191	579	958	8	7	-4	13	20	0	0
g	63192	603	958	8	7	-4	13	20	0	0
g	64257	631	961	12	17	0	0	17	13	0
g	64258	655	961	12	17	0	0	17	13	0
g	13	679	978	0	0	0	0	0	6	1
g	32	703	978	0	0	0	0	0	6	1
g	33	731	962	5	17	4	-1	16	13	1
g	34	754	961	8	8	3	9	17	13	1
g	35	775	962	13	16	0	0	16	13	1
g	36	799	960	13	21	0	-3	18	13	1
g	37	823	962	14	17	0	-1	16	13	1
g	38	847	962	14	17	0	-1	16	13	1
g	39	12	999	3	8	5	9	17	13	1
g	40	35	999	8	21	4	-4	17	13	1
g	41	56	999	9	21	1	-4	17	13	1
g	42	79	1003	13	13	0	0	13	13	1
g	43	104	1003	11	12	1	1	13	13	1
g	44	130	1012	6	8	3	-4	4	13	1
g	45	154	1007	8	4	3	5	9	13	1
g	46	179	1012	5	5	4	-1	4	13	1
g	47	200	999	11	21	1	-4	17	13	1
g	48	223	1000	13	17	0	-1	16	13	1
g	49	247	1000	13	16	0	0	16	13	1
g	50	272	1000	12	16	1	0	16	13	1
g	51	295	1000	12	17	0	-1	16	13	1
g	52	319	1000	13	16	0	0	16	13	1
g	53	344	1000	12	17	1	-1	16	13	1
g	54	368	1000	12	17	1	-1	16	13	1
g	55	392	1000	12	16	1	0	16	13	1
g	56	415	1000	13	17	0	-1	16	13	1
g	57	439	1000	13	16	0	0	16	13	1
g	58	467	1004	5	13	4	-1	12	13	1
g	59	490	1004	6	16	3	-4	12	13	1
g	60	512	1002	11	14	1	0	14	13	1
g	61	536	1005	11	8	1	3	11	13	1
g	62	560	1002	11	14	1	0	14	13	1
g	63	584	1000	11	17	1	-1	16	13	1
g	64	607	1000	12	19	0	-3	16	13	1
g	65	631	1000	13	16	0	0	16	13	1
g	66	656	1000	12	16	1	0	16	13	1
g	67	680	1000	12	17	1	-1	16	13	1
g	68	704	1000	12	16	1	0	16	13	1
g	69	728	1000	11	16	1	0	16	13	1
g	70	752	1000	11	16	1	0	16	13	1
g	71	775	1000	12	17	0	-1	16	13	1
g	72	800	1000	11	16	1	0	16	13	1
g	73	824	1000	11	16	1	0	16	13	1
g	74	848	1000	11	17	1	-1	16	13	1
g	75	8	1038	13	16	1	0	16	13	1
g	76	33	1038	10	16	2	0	16	13	1
g	77	56	1038	12	16	1	0	16	13	1
g	78	80	1038	11	16	1	0	16	13	1
g	79	103	1038	13	17	0	-1	16	13	1
g	80	128	1038	12	16	1	0	16	13	1
g	81	151	1038	13	21	0	-5	16	13	1
g	82	176	1038	12	16	1	0	16	13	1
g	83	199	1038	13	17	0	-1	16	13	1
g	84	223	1038	13	16	0	0	16	13	1
g	85	248	1038	11	17	1	-1	16	13	1
g	86	271	1038	13	16	0	0	16	13	1
g	87	295	1038	13	16	0	0	16	13	1
g	88	319	1038	13	16	0	0	16	13	1
g	89	343	1038	14	16	0	0	16	13	1
g	90	368	1038	12	16	1	0	16	13	1
g	91	395	1037	8	21	4	-4	17	13	1
g	92	416	1037	11	21	1	-4	17	13	1
g	93	441	1037	7	21	2	-4	17	13	1
g	94	463	1038	13	11	0	5	16	13	1
g	95	488	1055	11	4	1	-5	-1	13	1
g	96	514	1036	6	6	3	12	18	13	1
g	97	536	1042	12	13	1	-1	12	13	1
g	98	560	1037	12	18	1	-1	17	13	1
g	99	584	1042	11	13	1	-1	12	13	1
g	100	607	1037	12	18	0	-1	17	13	1
g	101	632	1042	11	13	1	-1	12	13	1
g	102	656	1037	12	17	1	0	17	13	1
g	103	680	1040	12	19	1	-5	14	13	1
g	104	704	1037	11	17	1	0	17	13	1
g	105	729	1037	11	17	2	0	17	13	1
g	106	753	1037	9	22	2	-5	17	13	1
g	107	776	1037	12	17	1	0	17	13	1
g	108	800	1037	11	17	1	0	17	13	1
g	109	823	1042	13	12	0	0	12	13	1
g	110	848	1042	11	12	1	0	12	13	1
g	111	8	1080	12	13	1	-1	12	13	1
g	112	32	1080	12	17	1	-5	12	13	1
g	113	55	1080	12	17	0	-5	12	13	1
g	114	80	1080	12	12	1	0	12	13	1
g	115	104	1080	11	13	1	-1	12	13	1
g	116	127	1076	12	16	0	0	16	13	1
g	117	152	1080	11	13	1	-1	12	13	1
g	118	175	1080	13	12	0	0	12	13	1
g	119	199	1080	13	12	0	0	12	13	1
g	120	223	1080	13	12	0	0	12	13	1
g	121	247	1080	13	17	0	-5	12	13	1
g	122	272	1080	11	12	1	0	12	13	1
g	123	297	1075	10	21	2	-4	17	13	1
g	124	324	1075	3	21	5	-4	17	13	1
g	125	345	1075	10	21	2	-4	17	13	1
g	126	367	1082	13	7	0	3	10	13	1
g	160	391	1092	0	0	0	0	0	13	1
g	161	419	1080	5	17	4	-5	12	13	1
g	162	440	1078	11	17	1	-3	14	13	1
g	163	464	1076	12	16	1	0	16	13	1
g	164	488	1077	11	15	1	0	15	13	1
g	165	511	1076	14	16	0	0	16	13	1
g	166	540	1075	3	21	5	-4	17	13	1
g	167	560	1076	11	20	1	-4	16	13	1
g	168	585	1075	9	4	2	13	17	13	1
g	169	607	1077	14	15	0	0	15	13	1
g	170	633	1076	9	9	2	7	16	13	1
g	171	656	1081	12	11	1	0	11	13	1
g	172	680	1084	11	7	1	1	8	13	1
g	174	705	1076	9	9	2	7	16	13	1
g	175	730	1076	7	3	3	13	16	13	1
g	176	753	1076	9	9	2	7	16	13	1
g	177	776	1078	11	14	1	0	14	13	1
g	178	802	1076	7	9	3	7	16	13	1
g	179	826	1076	7	9	3	7	16	13	1
g	180	852	1074	5	6	5	12	18	13	1
g	181	8	1118	11	17	1	-5	12	13	1
g	182	31	1114	12	20	0	-4	16	13	1
g	183	59	1121	5	5	4	4	9	13	1
g	184	83	1129	6	6	4	-5	1	13	1
g	185	106	1114	8	9	3	7	16	13	1
g	186	129	1114	9	9	2	7	16	13	1
g	187	152	1119	11	11	1	0	11	13	1
g	188	175	1114	14	16	0	0	16	13	1
g	189	199	1114	14	16	0	0	16	13	1
g	190	223	1114	14	16	0	0	16	13	1
g	191	248	1118	11	17	1	-5	12	13	1
g	192	271	1108	13	22	0	0	22	13	1
g	193	295	1108	13	22	0	0	22	13	1
g	194	319	1109	13	21	0	0	21	13	1
g	195	343	1110	13	20	0	0	20	13	1
g	196	367	1110	13	20	0	0	20	13	1
g	197	391	1108	13	22	0	0	22	13	1
g	198	415	1114	13	16	0	0	16	13	1
g	199	440	1114	12	21	1	-5	16	13	1
g	200	464	1108	11	22	1	0	22	13	1
g	201	488	1108	11	22	1	0	22	13	1
g	202	512	1109	11	21	1	0	21	13	1
g	203	536	1110	11	20	1	0	20	13	1
g	204	560	1108	11	22	1	0	22	13	1
g	205	584	1108	11	22	1	0	22	13	1
g	206	608	1109	11	21	1	0	21	13	1
g	207	632	1110	11	20	1	0	20	13	1
g	208	655	1114	13	16	0	0	16	13	1
g	209	680	1110	11	20	1	0	20	13	1
g	210	703	1108	13	23	0	-1	22	13	1
g	211	727	1108	13	23	0	-1	22	13	1
g	212	751	1109	13	22	0	-1	21	13	1
g	213	775	1110	13	21	0	-1	20	13	1
g	214	799	1110	13	21	0	-1	20	13	1
g	215	824	1118	11	11	1	1	12	13	1
g	216	847	1113	13	19	0	-2	17	13	1
g	217	8	1146	11	23	1	-1	22	13	1
g	218	32	1146	11	23	1	-1	22	13	1
g	219	56	1147	11	22	1	-1	21	13	1
g	220	80	1148	11	21	1	-1	20	13	1
g	221	103	1146	14	22	0	0	22	13	1
g	222	128	1152	12	16	1	0	16	13	1
g	223	152	1151	12	22	1	-5	17	13	1
g	224	176	1150	12	19	1	-1	18	13	1
g	225	200	1150	12	19	1	-1	18	13	1
g	226	224	1150	12	19	1	-1	18	13	1
g	227	248	1151	12	18	1	-1	17	13	1
g	228	272	1151	12	18	1	-1	17	13	1
g	229	296	1149	12	20	1	-1	19	13	1
g	230	319	1156	13	13	0	-1	12	13	1
g	231	344	1156	11	17	1	-5	12	13	1
g	232	368	1150	11	19	1	-1	18	13	1
g	233	392	1150	11	19	1	-1	18	13	1
g	234	416	1150	11	19	1	-1	18	13	1
g	235	440	1151	11	18	1	-1	17	13	1
g	236	465	1150	11	18	2	0	18	13	1
g	237	489	1150	11	18	2	0	18	13	1
g	238	513	1150	11	18	2	0	18	13	1
g	239	537	1151	11	17	2	0	17	13	1
g	240	560	1151	12	18	1	-1	17	13	1
g	241	584	1151	11	17	1	0	17	13	1
g	242	608	1150	12	19	1	-1	18	13	1
g	243	632	1150	12	19	1	-1	18	13	1
g	244	656	1150	12	19	1	-1	18	13	1
g	245	680	1151	12	18	1	-1	17	13	1
g	246	704	1151	12	18	1	-1	17	13	1
g	247	728	1155	11	13	1	0	13	13	1
g	248	751	1155	13	15	0	-2	13	13	1
g	249	776	1150	11	19	1	-1	18	13	1
g	250	800	1150	11	19	1	-1	18	13	1
g	251	824	1150	11	19	1	-1	18	13	1
g	252	848	1151	11	18	1	-1	17	13	1
g	253	7	1188	13	23	0	-5	18	13	1
g	254	32	1189	12	22	1	-5	17	13	1
g	255	55	1189	13	22	0	-5	17	13	1
g	256	79	1186	13	20	0	0	20	13	1
g	257	104	1190	12	17	1	-1	16	13	1
g	258	127	1185	13	21	0	0	21	13	1
g	259	152	1188	12	19	1	-1	18	13	1
g	260	175	1190	14	21	0	-5	16	13	1
g	261	200	1194	13	17	1	-5	12	13	1
g	262	224	1184	12	23	1	-1	22	13	1
g	263	248	1188	11	19	1	-1	18	13	1
g	264	272	1185	12	22	1	-1	21	13	1
g	265	296	1188	11	19	1	-1	18	13	1
g	266	320	1185	12	22	1	-1	21	13	1
g	267	344	1189	11	18	1	-1	17	13	1
g	268	368	1184	12	23	1	-1	22	13	1
g	269	392	1188	11	19	1	-1	18	13	1
g	270	416	1184	12	22	1	0	22	13	1
g	271	439	1189	15	18	0	-1	17	13	1
g	272	463	1190	13	16	0	0	16	13	1
g	273	487	1189	13	18	0	-1	17	13	1
g	274	512	1186	11	20	1	0	20	13	1
g	275	536	1190	11	17	1	-1	16	13	1
g	276	560	1185	11	21	1	0	21	13	1
g	277	584	1188	11	19	1	-1	18	13	1
g	278	608	1185	11	21	1	0	21	13	1
g	279	632	1189	11	18	1	-1	17	13	1
g	280	656	1190	12	21	1	-5	16	13	1
g	281	680	1194	11	17	1	-5	12	13	1
g	282	704	1184	11	22	1	0	22	13	1
g	283	728	1188	11	19	1	-1	18	13	1
g	284	751	1185	12	22	0	-1	21	13	1
g	285	776	1188	12	23	1	-5	18	13	1
g	286	799	1185	12	22	0	-1	21	13	1
g	287	824	1188	12	23	1	-5	18	13	1
g	288	847	1185	12	22	0	-1	21	13	1
g	289	8	1227	12	22	1	-5	17	13	1
g	290	31	1228	12	22	0	-6	16	13	1
g	291	56	1226	12	23	1	-5	18	13	1
g	292	80	1223	11	21	1	0	21	13	1
g	293	102	1222	13	22	-1	0	22	13	1
g	294	127	1228	14	16	0	0	16	13	1
g	295	151	1227	12	17	0	0	17	13	1
g	296	176	1224	11	20	1	0	20	13	1
g	297	201	1227	11	17	2	0	17	13	1
g	298	224	1224	11	20	1	0	20	13	1
g	299	249	1228	11	16	2	0	16	13	1
g	300	272	1223	11	21	1	0	21	13	1
g	301	297	1226	11	18	2	0	18	13	1
g	302	320	1228	12	21	1	-5	16	13	1
g	303	345	1227	11	22	2	-5	17	13	1
g	304	368	1223	11	21	1	0	21	13	1
g	305	393	1232	11	12	2	0	12	13	1
g	306	416	1228	11	17	1	-1	16	13	1
g	307	440	1227	11	22	1	-5	17	13	1
g	308	464	1223	11	22	1	-1	21	13	1
g	309	489	1226	11	23	2	-5	18	13	1
g	310	512	1228	13	22	1	-6	16	13	1
g	311	536	1227	12	23	1	-6	17	13	1
g	312	560	1232	12	12	1	0	12	13	1
g	313	585	1222	10	22	2	0	22	13	1
g	314	608	1222	11	22	1	0	22	13	1
g	315	633	1228	10	22	2	-6	16	13	1
g	316	656	1227	11	23	1	-6	17	13	1
g	317	681	1227	10	17	2	0	17	13	1
g	318	704	1227	12	17	1	0	17	13	1
g	319	729	1228	10	16	2	0	16	13	1
g	320	752	1227	13	17	1	0	17	13	1
g	321	775	1228	12	16	0	0	16	13	1
g	322	800	1227	11	17	1	0	17	13	1
g	323	824	1222	11	22	1	0	22	13	1
g	324	848	1226	11	18	1	0	18	13	1
g	325	8	1266	11	22	1	-6	16	13	1
g	326	32	1270	11	18	1	-6	12	13	1
g	327	56	1260	11	22	1	0	22	13	1
g	328	80	1264	11	18	1	0	18	13	1
g	329	103	1265	12	17	0	0	17	13	1
g	330	128	1266	11	21	1	-5	16	13	1
g	331	152	1270	11	17	1	-5	12	13	1
g	332	175	1262	13	21	0	-1	20	13	1
g	333	200	1266	12	17	1	-1	16	13	1
g	334	223	1261	13	22	0	-1	21	13	1
g	335	248	1264	12	19	1	-1	18	13	1
g	336	271	1260	13	23	0	-1	22	13	1
g	337	296	1264	12	19	1	-1	18	13	1
g	338	319	1266	13	16	0	0	16	13	1
g	339	343	1270	13	13	0	-1	12	13	1
g	340	368	1260	12	22	1	0	22	13	1
g	341	392	1264	12	18	1	0	18	13	1
g	342	416	1266	12	22	1	-6	16	13	1
g	343	440	1270	12	18	1	-6	12	13	1
g	344	464	1260	12	22	1	0	22	13	1
g	345	488	1264	12	18	1	0	18	13	1
g	346	511	1260	13	23	0	-1	22	13	1
g	347	536	1264	11	19	1	-1	18	13	1
g	348	559	1261	13	22	0	-1	21	13	1
g	349	584	1264	11	19	1	-1	18	13	1
g	350	607	1266	13	21	0	-5	16	13	1
g	351	632	1270	11	17	1	-5	12	13	1
g	352	655	1260	13	23	0	-1	22	13	1
g	353	680	1264	11	19	1	-1	18	13	1
g	354	703	1266	13	21	0	-5	16	13	1
g	355	727	1266	12	21	0	-5	16	13	1
g	356	751	1260	13	22	0	0	22	13	1
g	357	775	1264	12	18	0	0	18	13	1
g	358	799	1266	13	16	0	0	16	13	1
g	359	823	1266	12	16	0	0	16	13	1
g	360	848	1262	11	21	1	-1	20	13	1
g	361	8	1303	11	18	1	-1	17	13	1
g	362	32	1300	11	21	1	-1	20	13	1
g	363	56	1304	11	17	1	-1	16	13	1
g	364	80	1299	11	22	1	-1	21	13	1
g	365	104	1302	11	19	1	-1	18	13	1
g	366	128	1298	11	23	1	-1	22	13	1
g	367	152	1301	11	20	1	-1	19	13	1
g	368	176	1298	11	23	1	-1	22	13	1
g	369	200	1302	11	19	1	-1	18	13	1
g	370	224	1304	11	21	1	-5	16	13	1
g	371	248	1308	12	17	1	-5	12	13	1
g	372	271	1299	13	21	0	0	21	13	1
g	373	295	1302	13	18	0	0	18	13	1
g	374	319	1299	14	21	0	0	21	13	1
g	375	343	1302	13	23	0	-5	18	13	1
g	376	367	1300	14	20	0	0	20	13	1
g	377	392	1298	12	22	1	0	22	13	1
g	378	416	1302	11	18	1	0	18	13	1
g	379	440	1299	12	21	1	0	21	13	1
g	380	464	1303	11	17	1	0	17	13	1
g	381	488	1298	12	22	1	0	22	13	1
g	382	512	1302	11	18	1	0	18	13	1
g	383	536	1303	12	17	1	0	17	13	1
g	399	559	1304	13	17	0	-1	16	13	1
g	402	581	1304	16	21	-2	-5	16	13	1
g	416	607	1302	13	19	0	-1	18	13	1
g	417	632	1306	12	15	1	-1	14	13	1
g	431	656	1302	13	19	1	-1	18	13	1
g	432	680	1306	13	15	1	-1	14	13	1
g	461	703	1298	13	22	0	0	22	13	1
g	462	728	1302	12	19	1	-1	18	13	1
g	463	752	1298	11	22	1	0	22	13	1
g	464	777	1302	11	18	2	0	18	13	1
g	465	799	1298	13	23	0	-1	22	13	1
g	466	824	1302	12	19	1	-1	18	13	1
g	467	848	1298	11	23	1	-1	22	13	1
g	468	8	1340	11	19	1	-1	18	13	1
g	469	32	1335	11	24	1	-1	23	13	1
g	470	56	1339	11	20	1	-1	19	13	1
g	471	80	1333	11	26	1	-1	25	13	1
g	472	104	1337	11	22	1	-1	21	13	1
g	473	128	1333	11	26	1	-1	25	13	1
g	474	152	1337	11	22	1	-1	21	13	1
g	475	176	1333	11	26	1	-1	25	13	1
g	476	200	1337	11	22	1	-1	21	13	1
g	506	223	1332	13	26	0	0	26	13	1
g	507	248	1336	12	23	1	-1	22	13	1
g	508	271	1336	13	22	0	0	22	13	1
g	509	295	1340	13	19	0	-1	18	13	1
g	510	319	1336	13	24	0	-2	22	13	1
g	511	343	1340	13	20	0	-2	18	13	1
g	536	367	1342	13	22	0	-6	16	13	1
g	537	392	1346	11	18	1	-6	12	13	1
g	538	415	1342	13	22	0	-6	16	13	1
g	539	439	1342	12	22	0	-6	16	13	1
g	567	465	1346	8	17	2	-5	12	13	1
g	601	488	1346	11	13	1	-1	12	13	1
g	699	516	1340	4	6	5	12	18	13	1
g	700	538	1341	4	6	3	11	17	13	1
g	710	561	1340	9	6	2	12	18	13	1
g	711	585	1340	9	6	2	12	18	13	1
g	728	609	1340	9	6	2	12	18	13	1
g	729	635	1341	5	4	4	13	17	13	1
g	730	658	1339	7	7	3	12	19	13	1
g	731	681	1357	6	6	2	-5	1	13	1
g	732	705	1341	9	4	2	13	17	13	1
g	733	730	1340	9	6	3	12	18	13	1
g	768	747	1340	6	6	-4	12	18	0	1
g	769	773	1340	6	6	-2	12	18	0	1
g	770	794	1340	10	6	-5	12	18	0	1
g	771	818	1341	10	4	-5	13	17	0	1
g	772	843	1342	8	3	-4	13	16	0	1
g	774	2	1378	10	6	-5	12	18	0	1
g	775	29	1379	4	4	-2	13	17	0	1
g	776	51	1379	8	4	-4	13	17	0	1
g	777	76	1378	6	6	-3	12	18	0	1
g	778	99	1377	8	7	-4	12	19	0	1
g	779	123	1378	10	6	-4	12	18	0	1
g	780	146	1378	10	6	-5	12	18	0	1
g	786	173	1378	5	6	-2	12	18	0	1
g	789	199	1379	4	6	0	11	17	0	1
g	795	220	1382	6	5	-3	9	14	0	1
g	803	245	1397	4	4	-2	-5	-1	0	1
g	806	268	1397	5	5	-3	-6	-1	0	1
g	807	292	1395	7	6	-3	-5	1	0	1
g	808	314	1395	6	6	-5	-5	1	0	1
g	960	343	1384	13	12	0	0	12	13	1
g	1024	368	1374	11	22	1	0	22	13	1
g	1025	392	1376	11	20	1	0	20	13	1
g	1026	415	1380	13	21	0	-5	16	13	1
g	1027	441	1374	10	22	2	0	22	13	1
g	1028	463	1380	13	17	0	-1	16	13	1
g	1029	487	1380	13	17	0	-1	16	13	1
g	1030	512	1380	11	16	1	0	16	13	1
g	1031	536	1376	11	20	1	0	20	13	1
g	1032	560	1380	11	17	1	-1	16	13	1
g	1033	582	1380	15	17	-1	-1	16	13	1
g	1034	607	1380	14	16	0	0	16	13	1
g	1035	631	1380	13	16	0	0	16	13	1
g	1036	656	1374	12	22	1	0	22	13	1
g	1037	680	1374	11	22	1	0	22	13	1
g	1038	703	1375	13	21	0	0	21	13	1
g	1039	728	1380	11	20	1	-4	16	13	1
g	1040	751	1380	13	16	0	0	16	13	1
g	1041	776	1380	12	16	1	0	16	13	1
g	1042	800	1380	12	16	1	0	16	13	1
g	1043	825	1380	10	16	2	0	16	13	1
g	1044	847	1380	13	20	0	-4	16	13	1
g	1045	8	1418	11	16	1	0	16	13	1
g	1046	31	1418	14	16	0	0	16	13	1
g	1047	55	1418	12	17	0	-1	16	13	1
g	1048	80	1418	11	16	1	0	16	13	1
g	1049	104	1413	11	21	1	0	21	13	1
g	1050	128	1418	12	16	1	0	16	13	1
g	1051	151	1418	12	17	0	-1	16	13	1
g	1052	176	1418	12	16	1	0	16	13	1
g	1053	200	1418	11	16	1	0	16	13	1
g	1054	223	1418	13	17	0	-1	16	13	1
g	1055	248	1418	11	16	1	0	16	13	1
g	1056	272	1418	12	16	1	0	16	13	1
g	1057	296	1418	12	17	1	-1	16	13	1
g	1058	319	1418	13	16	0	0	16	13	1
g	1059	343	1418	13	16	0	0	16	13	1
g	1060	367	1417	13	18	0	-1	17	13	1
g	1061	391	1418	13	16	0	0	16	13	1
g	1062	416	1418	12	20	1	-4	16	13	1
g	1063	439	1418	12	16	0	0	16	13	1
g	1064	463	1418	13	16	0	0	16	13	1
g	1065	487	1418	14	20	0	-4	16	13	1
g	1066	511	1418	13	16	0	0	16	13	1
g	1067	535	1418	13	16	0	0	16	13	1
g	1068	560	1418	12	16	1	0	16	13	1
g	1069	583	1418	13	17	0	-1	16	13	1
g	1070	607	1418	13	17	0	-1	16	13	1
g	1071	631	1418	12	16	0	0	16	13	1
g	1072	656	1422	12	13	1	-1	12	13	1
g	1073	680	1417	12	18	1	-1	17	13	1
g	1074	704	1422	11	12	1	0	12	13	1
g	1075	729	1422	10	12	2	0	12	13	1
g	1076	751	1422	13	16	0	-4	12	13	1
g	1077	776	1422	11	13	1	-1	12	13	1
g	1078	799	1422	13	12	0	0	12	13	1
g	1079	824	1422	11	13	1	-1	12	13	1
g	1080	848	1422	11	12	1	0	12	13	1
g	1081	8	1454	11	18	1	0	18	13	1
g	1082	32	1460	12	12	1	0	12	13	1
g	1083	55	1460	12	13	0	-1	12	13	1
g	1084	80	1460	11	12	1	0	12	13	1
g	1085	104	1460	11	12	1	0	12	13	1
g	1086	128	1460	12	13	1	-1	12	13	1
g	1087	152	1460	11	12	1	0	12	13	1
g	1088	176	1460	12	17	1	-5	12	13	1
g	1089	200	1460	11	13	1	-1	12	13	1
g	1090	224	1460	11	12	1	0	12	13	1
g	1091	247	1460	13	17	0	-5	12	13	1
g	1092	271	1456	13	21	0	-5	16	13	1
g	1093	295	1460	13	12	0	0	12	13	1
g	1094	320	1460	12	16	1	-4	12	13	1
g	1095	344	1460	11	12	1	0	12	13	1
g	1096	367	1460	13	12	0	0	12	13	1
g	1097	391	1460	14	16	0	-4	12	13	1
g	1098	415	1460	13	12	0	0	12	13	1
g	1099	439	1460	13	12	0	0	12	13	1
g	1100	465	1460	10	12	2	0	12	13	1
g	1101	488	1460	11	13	1	-1	12	13	1
g	1102	511	1460	13	13	0	-1	12	13	1
g	1103	536	1460	11	12	1	0	12	13	1
g	1104	560	1454	11	19	1	-1	18	13	1
g	1105	584	1455	11	18	1	-1	17	13	1
g	1106	607	1455	12	22	0	-5	17	13	1
g	1107	633	1454	10	18	2	0	18	13	1
g	1108	656	1460	11	13	1	-1	12	13	1
g	1109	680	1460	11	13	1	-1	12	13	1
g	1110	705	1455	11	17	2	0	17	13	1
g	1111	729	1455	11	17	2	0	17	13	1
g	1112	753	1455	9	22	2	-5	17	13	1
g	1113	775	1460	14	13	0	-1	12	13	1
g	1114	799	1460	14	12	0	0	12	13	1
g	1115	823	1455	12	17	0	0	17	13	1
g	1116	848	1454	12	18	1	0	18	13	1
g	1117	8	1492	11	18	1	0	18	13	1
g	1118	31	1492	13	23	0	-5	18	13	1
g	1119	56	1498	11	16	1	-4	12	13	1
g	1138	79	1494	13	17	0	-1	16	13	1
g	1139	104	1498	12	13	1	-1	12	13	1
g	1168	129	1491	10	19	2	0	19	13	1
g	1169	153	1495	10	15	2	0	15	13	1
g	1170	175	1494	12	16	0	0	16	13	1
g	1171	200	1498	11	12	1	0	12	13	1
g	1172	224	1494	12	21	1	-5	16	13	1
g	1173	248	1498	11	17	1	-5	12	13	1
g	1174	270	1494	15	20	-1	-4	16	13	1
g	1175	295	1498	14	16	0	-4	12	13	1
g	1176	319	1494	12	20	0	-4	16	13	1
g	1177	344	1498	11	16	1	-4	12	13	1
g	1178	368	1494	12	20	1	-4	16	13	1
g	1179	392	1498	12	16	1	-4	12	13	1
g	1180	415	1494	14	16	0	0	16	13	1
g	1181	440	1498	12	12	1	0	12	13	1
g	1184	463	1494	14	16	0	0	16	13	1
g	1185	487	1498	13	12	0	0	12	13	1
g	1186	512	1494	12	20	1	-4	16	13	1
g	1187	536	1498	12	16	1	-4	12	13	1
g	1188	559	1494	13	16	0	0	16	13	1
g	1189	583	1498	13	12	0	0	12	13	1
g	1194	608	1494	12	20	1	-4	16	13	1
g	1195	632	1498	11	16	1	-4	12	13	1
g	1198	655	1494	14	16	0	0	16	13	1
g	1199	679	1498	13	17	0	-5	12	13	1
g	1200	703	1494	14	16	0	0	16	13	1
g	1201	727	1498	13	17	0	-5	12	13	1
g	1202	751	1494	14	20	0	-4	16	13	1
g	1203	775	1498	13	16	0	-4	12	13	1
g	1206	799	1494	13	20	0	-4	16	13	1
g	1207	824	1498	12	16	1	-4	12	13	1
g	1208	847	1494	12	16	0	0	16	13	1
g	1209	8	1536	11	12	1	0	12	13	1
g	1210	32	1532	12	16	1	0	16	13	1
g	1211	56	1531	11	17	1	0	17	13	1
g	1216	80	1532	11	16	1	0	16	13	1
g	1217	103	1527	14	21	0	0	21	13	1
g	1218	127	1530	13	18	0	0	18	13	1
g	1231	152	1531	11	17	1	0	17	13	1
g	1232	175	1527	13	21	0	0	21	13	1
g	1233	200	1530	12	19	1	-1	18	13	1
g	1234	223	1528	13	20	0	0	20	13	1
g	1235	248	1531	12	18	1	-1	17	13	1
g	1236	271	1532	13	16	0	0	16	13	1
g	1237	295	1536	13	13	0	-1	12	13	1
g	1238	320	1527	11	21	1	0	21	13	1
g	1239	344	1530	11	19	1	-1	18	13	1
g	1240	367	1532	13	17	0	-1	16	13	1
g	1241	392	1536	11	13	1	-1	12	13	1
g	1244	415	1528	14	20	0	0	20	13	1
g	1245	439	1531	13	17	0	0	17	13	1
g	1246	463	1528	12	21	0	-1	20	13	1
g	1247	488	1531	11	18	1	-1	17	13	1
g	1250	512	1528	11	20	1	0	20	13	1
g	1251	536	1532	11	16	1	0	16	13	1
g	1252	560	1528	11	20	1	0	20	13	1
g	1253	584	1531	11	17	1	0	17	13	1
g	1254	607	1528	13	21	0	-1	20	13	1
g	1255	632	1531	12	18	1	-1	17	13	1
g	1256	655	1532	13	17	0	-1	16	13	1
g	1257	680	1536	12	13	1	-1	12	13	1
g	1262	703	1528	13	20	0	0	20	13	1
g	1263	727	1532	13	21	0	-5	16	13	1
g	1264	751	1528	13	20	0	0	20	13	1
g	1265	775	1531	13	22	0	-5	17	13	1
g	1266	799	1526	13	22	0	0	22	13	1
g	1267	823	1530	13	23	0	-5	18	13	1
g	1268	847	1528	12	20	0	0	20	13	1
g	1269	8	1569	11	17	1	0	17	13	1
g	1272	31	1566	13	20	0	0	20	13	1
g	1273	55	1569	13	17	0	0	17	13	1
g	3647	80	1568	12	21	1	-3	18	13	1
g	7808	103	1564	13	22	0	0	22	13	1
g	7809	127	1568	13	18	0	0	18	13	1
g	7810	151	1564	13	22	0	0	22	13	1
g	7811	175	1568	13	18	0	0	18	13	1
g	7812	199	1566	13	20	0	0	20	13	1
g	7813	223	1569	13	17	0	0	17	13	1
g	7838	248	1570	13	17	1	-1	16	13	1
g	7840	271	1570	13	21	0	-5	16	13	1
g	7841	296	1574	12	17	1	-5	12	13	1
g	7842	319	1565	13	21	0	0	21	13	1
g	7843	344	1568	12	19	1	-1	18	13	1
g	7844	367	1561	14	25	0	0	25	13	1
g	7845	392	1565	12	22	1	-1	21	13	1
g	7846	415	1561	13	25	0	0	25	13	1
g	7847	438	1565	14	22	-1	-1	21	13	1
g	7848	463	1561	13	25	0	0	25	13	1
g	7849	488	1565	12	22	1	-1	21	13	1
g	7850	511	1561	13	25	0	0	25	13	1
g	7851	536	1565	12	22	1	-1	21	13	1
g	7852	559	1565	13	26	0	-5	21	13	1
g	7853	584	1568	12	23	1	-5	18	13	1
g	7854	607	1561	13	25	0	0	25	13	1
g	7855	632	1565	12	22	1	-1	21	13	1
g	7856	655	1561	13	25	0	0	25	13	1
g	7857	680	1565	12	22	1	-1	21	13	1
g	7858	703	1561	13	25	0	0	25	13	1
g	7859	728	1565	12	22	1	-1	21	13	1
g	7860	751	1562	13	24	0	0	24	13	1
g	7861	776	1565	12	22	1	-1	21	13	1
g	7862	799	1565	13	26	0	-5	21	13	1
g	7863	824	1568	12	23	1	-5	18	13	1
g	7864	848	1570	11	21	1	-5	16	13	1
g	7865	8	1612	11	17	1	-5	12	13	1
g	7866	32	1603	11	21	1	0	21	13	1
g	7867	56	1606	11	19	1	-1	18	13	1
g	7868	80	1604	11	20	1	0	20	13	1
g	7869	104	1607	11	18	1	-1	17	13	1
g	7870	128	1599	13	25	1	0	25	13	1
g	7871	152	1603	13	22	1	-1	21	13	1
g	7872	175	1599	12	25	0	0	25	13	1
g	7873	199	1603	12	22	0	-1	21	13	1
g	7874	224	1599	12	25	1	0	25	13	1
g	7875	248	1603	12	22	1	-1	21	13	1
g	7876	272	1599	11	25	1	0	25	13	1
g	7877	296	1603	11	22	1	-1	21	13	1
g	7878	320	1603	11	26	1	-5	21	13	1
g	7879	344	1606	11	23	1	-5	18	13	1
g	7880	368	1603	11	21	1	0	21	13	1
g	7881	393	1606	11	18	2	0	18	13	1
g	7882	416	1608	11	21	1	-5	16	13	1
g	7883	441	1607	11	22	2	-5	17	13	1
g	7884	463	1608	13	21	0	-5	16	13	1
g	7885	488	1612	12	17	1	-5	12	13	1
g	7886	511	1603	13	22	0	-1	21	13	1
g	7887	536	1606	12	19	1	-1	18	13	1
g	7888	559	1599	14	26	0	-1	25	13	1
g	7889	584	1603	13	22	1	-1	21	13	1
g	7890	607	1599	13	26	0	-1	25	13	1
g	7891	631	1603	13	22	0	-1	21	13	1
g	7892	655	1599	13	26	0	-1	25	13	1
g	7893	680	1603	12	22	1	-1	21	13	1
g	7894	703	1599	13	26	0	-1	25	13	1
g	7895	728	1603	12	22	1	-1	21	13	1
g	7896	751	1603	13	26	0	-5	21	13	1
g	7897	776	1606	12	23	1	-5	18	13	1
g	7898	799	1602	13	23	0	-1	22	13	1
g	7899	824	1606	12	19	1	-1	18	13	1
g	7900	847	1602	13	23	0	-1	22	13	1
g	7901	8	1644	12	19	1	-1	18	13	1
g	7902	31	1641	13	22	0	-1	21	13	1
g	7903	56	1644	12	19	1	-1	18	13	1
g	7904	79	1642	13	21	0	-1	20	13	1
g	7905	104	1645	12	18	1	-1	17	13	1
g	7906	127	1644	13	23	0	-5	18	13	1
g	7907	152	1648	12	19	1	-5	14	13	1
g	7908	176	1646	11	21	1	-5	16	13	1
g	7909	200	1650	11	17	1	-5	12	13	1
g	7910	224	1641	11	22	1	-1	21	13	1
g	7911	248	1644	11	19	1	-1	18	13	1
g	7912	272	1640	13	23	1	-1	22	13	1
g	7913	296	1644	13	19	1	-1	18	13	1
g	7914	320	1640	13	23	1	-1	22	13	1
g	7915	344	1644	13	19	1	-1	18	13	1
g	7916	368	1641	13	22	1	-1	21	13	1
g	7917	392	1644	13	19	1	-1	18	13	1
g	7918	416	1642	13	21	1	-1	20	13	1
g	7919	440	1645	13	18	1	-1	17	13	1
g	7920	464	1644	13	23	1	-5	18	13	1
g	7921	488	1648	13	19	1	-5	14	13	1
g	7922	511	1640	14	22	0	0	22	13	1
g	7923	535	1644	13	23	0	-5	18	13	1
g	7924	559	1646	14	21	0	-5	16	13	1
g	7925	583	1650	13	17	0	-5	12	13	1
g	7926	607	1641	14	21	0	0	21	13	1
g	7927	631	1644	13	23	0	-5	18	13	1
g	7928	655	1642	14	20	0	0	20	13	1
g	7929	679	1645	13	22	0	-5	17	13	1
g	8211	704	1654	11	3	1	5	8	13	1
g	8212	727	1654	14	3	0	5	8	13	1
g	8216	754	1645	6	8	3	9	17	13	1
g	8217	779	1645	6	8	4	9	17	13	1
g	8218	802	1658	6	8	3	-4	4	13	1
g	8220	824	1645	11	8	1	9	17	13	1
g	8221	848	1645	12	8	1	9	17	13	1
g	8222	8	1696	11	8	1	-4	4	13	1
g	8224	32	1683	11	22	1	-5	17	13	1
g	8225	56	1683	11	22	1	-5	17	13	1
g	8226	82	1690	7	7	3	3	10	13	1
g	8230	103	1696	13	5	0	-1	4	13	1
g	8240	127	1684	14	17	0	-1	16	13	1
g	8242	155	1684	5	9	4	7	16	13	1
g	8243	177	1684	9	9	2	7	16	13	1
g	8249	202	1689	7	11	3	0	11	13	1
g	8250	227	1689	6	11	4	0	11	13	1
g	8260	247	1684	14	16	0	0	16	13	1
g	8304	274	1684	8	9	3	7	16	13	1
g	8308	298	1684	7	9	3	7	16	13	1
g	8309	322	1684	7	9	3	7	16	13	1
g	8310	346	1684	7	9	3	7	16	13	1
g	8311	370	1684	7	9	3	7	16	13	1
g	8312	394	1684	7	9	3	7	16	13	1
g	8313	418	1684	7	9	3	7	16	13	1
g	8320	442	1691	8	10	3	-1	9	13	1
g	8321	466	1691	8	9	3	0	9	13	1
g	8322	490	1691	7	9	3	0	9	13	1
g	8323	514	1691	7	10	3	-1	9	13	1
g	8324	538	1691	7	9	3	0	9	13	1
g	8325	562	1691	7	10	3	-1	9	13	1
g	8326	586	1691	7	10	3	-1	9	13	1
g	8327	610	1691	7	9	3	0	9	13	1
g	8328	634	1691	7	10	3	-1	9	13	1
g	8329	658	1691	7	9	3	0	9	13	1
g	8353	680	1682	12	21	1	-3	18	13	1
g	8356	704	1684	12	16	1	0	16	13	1
g	8358	727	1684	13	16	0	0	16	13	1
g	8360	751	1684	14	17	0	-1	16	13	1
g	8361	775	1684	13	16	0	0	16	13	1
g	8362	799	1684	13	16	0	0	16	13	1
g	8363	824	1683	12	17	1	0	17	13	1
g	8364	848	1684	12	17	1	-1	16	13	1
g	8365	7	1722	13	16	0	0	16	13	1
g	8366	31	1722	13	16	0	0	16	13	1
g	8369	55	1722	13	16	0	0	16	13	1
g	8370	79	1720	12	21	0	-3	18	13	1
g	8372	103	1722	13	17	0	-1	16	13	1
g	8373	128	1720	12	21	1	-3	18	13	1
g	8376	151	1722	13	16	0	0	16	13	1
g	8377	176	1722	12	16	1	0	16	13	1
g	8378	199	1722	13	16	0	0	16	13	1
g	8381	223	1722	13	16	0	0	16	13	1
g	8383	248	1720	12	21	1	-3	18	13	1
g	8467	271	1721	12	18	0	-1	17	13	1
g	8470	295	1722	14	16	0	0	16	13	1
g	8482	319	1722	13	7	0	9	16	13	1
g	8486	343	1722	13	16	0	0	16	13	1
g	8494	367	1722	13	17	0	-1	16	13	1
g	8528	391	1722	14	16	0	0	16	13	1
g	8529	415	1722	14	16	0	0	16	13	1
g	8531	439	1722	14	17	0	-1	16	13	1
g	8532	463	1722	14	17	0	-1	16	13	1
g	8533	487	1722	14	17	0	-1	16	13	1
g	8534	511	1722	14	17	0	-1	16	13	1
g	8535	535	1722	14	17	0	-1	16	13	1
g	8536	559	1722	14	17	0	-1	16	13	1
g	8537	583	1722	14	17	0	-1	16	13	1
g	8538	607	1722	14	17	0	-1	16	13	1
g	8539	631	1722	14	17	0	-1	16	13	1
g	8540	655	1722	14	17	0	-1	16	13	1
g	8541	679	1722	14	17	0	-1	16	13	1
g	8542	703	1722	14	17	0	-1	16	13	1
g	8592	727	1725	13	11	0	2	13	13	1
g	8593	752	1722	11	16	1	0	16	13	1
g	8594	775	1725	13	11	0	2	13	13	1
g	8595	800	1722	11	17	1	-1	16	13	1
g	8596	823	1725	14	10	0	3	13	13	1
g	8597	848	1722	11	17	1	-1	16	13	1
g	8598	8	1762	12	13	1	1	14	13	1
g	8599	31	1762	13	13	0	1	14	13	1
g	8600	55	1762	13	13	0	1	14	13	1
g	8601	80	1762	12	13	1	1	14	13	1
g	8617	103	1762	14	13	0	1	14	13	1
g	8618	127	1762	14	13	0	1	14	13	1
g	8624	151	1760	12	16	0	0	16	13	1
g	8625	176	1760	12	16	1	0	16	13	1
g	8626	199	1760	12	16	0	0	16	13	1
g	8627	224	1760	12	16	1	0	16	13	1
g	8630	247	1761	13	15	0	0	15	13	1
g	8631	271	1761	14	15	0	0	15	13	1
g	8634	295	1760	13	17	0	-1	16	13	1
g	8635	319	1760	13	17	0	-1	16	13	1
g	8644	343	1759	13	19	0	-2	17	13	1
g	8646	367	1759	13	19	0	-2	17	13	1
g	8706	392	1760	12	17	1	-1	16	13	1
g	8710	415	1760	13	16	0	0	16	13	1
g	8719	440	1760	11	16	1	0	16	13	1
g	8721	464	1760	11	21	1	-5	16	13	1
g	8722	488	1768	11	3	1	5	8	13	1
g	8725	511	1760	14	16	0	0	16	13	1
g	8730	535	1760	13	16	0	0	16	13	1
g	8734	559	1765	13	9	0	2	11	13	1
g	8747	583	1759	12	22	0	-5	17	13	1
g	8776	607	1764	13	10	0	2	12	13	1
g	8800	632	1763	11	12	1	1	13	13	1
g	8804	656	1762	11	14	1	0	14	13	1
g	8805	680	1762	11	14	1	0	14	13	1
g	9472	702	1768	15	3	-1	5	8	13	1
g	9473	726	1767	15	4	-1	5	9	13	1
g	9474	756	1755	3	29	5	-8	21	13	1
g	9475	780	1755	4	29	5	-8	21	13	1
g	9476	799	1768	13	3	0	5	8	13	1
g	9477	823	1767	13	4	0	5	9	13	1
g	9478	852	1756	3	27	5	-7	20	13	1
g	9479	12	1794	4	27	5	-7	20	13	1
g	9480	31	1806	13	3	0	5	8	13	1
g	9481	55	1805	13	4	0	5	9	13	1
g	9482	84	1793	3	28	5	-7	21	13	1
g	9483	108	1793	4	28	5	-7	21	13	1
g	9484	132	1806	9	16	5	-8	8	13	1
g	9485	156	1805	9	17	5	-8	9	13	1
g	9486	180	1806	9	16	5	-8	8	13	1
g	9487	204	1805	9	17	5	-8	9	13	1
g	9488	222	1806	9	16	-1	-8	8	13	1
g	9489	246	1805	9	17	-1	-8	9	13	1
g	9490	270	1806	10	16	-1	-8	8	13	1
g	9491	294	1805	10	17	-1	-8	9	13	1
g	9492	324	1793	9	16	5	5	21	13	1
g	9493	348	1793	9	16	5	5	21	13	1
g	9494	372	1793	9	16	5	5	21	13	1
g	9495	396	1793	9	16	5	5	21	13	1
g	9496	414	1793	9	16	-1	5	21	13	1
g	9497	438	1793	9	16	-1	5	21	13	1
g	9498	462	1793	10	16	-1	5	21	13	1
g	9499	486	1793	10	16	-1	5	21	13	1
g	9500	516	1793	9	29	5	-8	21	13	1
g	9501	540	1793	9	29	5	-8	21	13	1
g	9502	564	1793	9	29	5	-8	21	13	1
g	9503	588	1793	9	29	5	-8	21	13	1
g	9504	612	1793	9	29	5	-8	21	13	1
g	9505	636	1793	9	29	5	-8	21	13	1
g	9506	660	1793	9	29	5	-8	21	13	1
g	9507	684	1793	9	29	5	-8	21	13	1
g	9508	702	1793	9	29	-1	-8	21	13	1
g	9509	726	1793	9	29	-1	-8	21	13	1
g	9510	750	1793	10	29	-1	-8	21	13	1
g	9511	774	1793	10	29	-1	-8	21	13	1
g	9512	798	1793	10	29	-1	-8	21	13	1
g	9513	822	1793	10	29	-1	-8	21	13	1
g	9514	846	1793	10	29	-1	-8	21	13	1
g	9515	6	1831	10	29	-1	-8	21	13	1
g	9516	30	1844	15	16	-1	-8	8	13	1
g	9517	54	1843	15	17	-1	-8	9	13	1
g	9518	78	1843	15	17	-1	-8	9	13	1
g	9519	102	1843	15	17	-1	-8	9	13	1
g	9520	126	1844	15	16	-1	-8	8	13	1
g	9521	150	1843	15	17	-1	-8	9	13	1
g	9522	174	1843	15	17	-1	-8	9	13	1
g	9523	198	1843	15	17	-1	-8	9	13	1
g	9524	222	1831	15	16	-1	5	21	13	1
g	9525	246	1831	15	16	-1	5	21	13	1
g	9526	270	1831	15	16	-1	5	21	13	1
g	9527	294	1831	15	16	-1	5	21	13	1
g	9528	318	1831	15	16	-1	5	21	13	1
g	9529	342	1831	15	16	-1	5	21	13	1
g	9530	366	1831	15	16	-1	5	21	13	1
g	9531	390	1831	15	16	-1	5	21	13	1
g	9532	414	1831	15	29	-1	-8	21	13	1
g	9533	438	1831	15	29	-1	-8	21	13	1
g	9534	462	1831	15	29	-1	-8	21	13	1
g	9535	486	1831	15	29	-1	-8	21	13	1
g	9536	510	1831	15	29	-1	-8	21	13	1
g	9537	534	1831	15	29	-1	-8	21	13	1
g	9538	558	1831	15	29	-1	-8	21	13	1
g	9539	582	1831	15	29	-1	-8	21	13	1
g	9540	606	1831	15	29	-1	-8	21	13	1
g	9541	630	1831	15	29	-1	-8	21	13	1
g	9542	654	1831	15	29	-1	-8	21	13	1
g	9543	678	1831	15	29	-1	-8	21	13	1
g	9544	702	1831	15	29	-1	-8	21	13	1
g	9545	726	1831	15	29	-1	-8	21	13	1
g	9546	750	1831	15	29	-1	-8	21	13	1
g	9547	774	1831	15	29	-1	-8	21	13	1
g	9548	800	1844	11	3	1	5	8	13	1
g	9549	824	1843	11	4	1	5	9	13	1
g	9550	852	1836	3	19	5	-3	16	13	1
g	9551	12	1874	4	19	5	-3	16	13	1
g	9552	30	1881	15	5	-1	4	9	13	1
g	9553	59	1869	5	29	4	-8	21	13	1
g	9554	84	1881	9	17	5	-8	9	13	1
g	9555	107	1882	10	16	4	-8	8	13	1
g	9556	131	1881	10	17	4	-8	9	13	1
g	9557	150	1881	9	17	-1	-8	9	13	1
g	9558	174	1882	10	16	-1	-8	8	13	1
g	9559	198	1881	10	17	-1	-8	9	13	1
g	9560	228	1869	9	17	5	4	21	13	1
g	9561	251	1869	10	16	4	5	21	13	1
g	9562	275	1869	10	17	4	4	21	13	1
g	9563	294	1869	9	17	-1	4	21	13	1
g	9564	318	1869	10	16	-1	5	21	13	1
g	9565	342	1869	10	17	-1	4	21	13	1
g	9566	372	1869	9	29	5	-8	21	13	1
g	9567	395	1869	10	29	4	-8	21	13	1
g	9568	419	1869	10	29	4	-8	21	13	1
g	9569	438	1869	9	29	-1	-8	21	13	1
g	9570	462	1869	10	29	-1	-8	21	13	1
g	9571	486	1869	10	29	-1	-8	21	13	1
g	9572	510	1881	15	17	-1	-8	9	13	1
g	9573	534	1882	15	16	-1	-8	8	13	1
g	9574	558	1881	15	17	-1	-8	9	13	1
g	9575	582	1869	15	17	-1	4	21	13	1
g	9576	606	1869	15	16	-1	5	21	13	1
g	9577	630	1869	15	17	-1	4	21	13	1
g	9578	654	1869	15	29	-1	-8	21	13	1
g	9579	678	1869	15	29	-1	-8	21	13	1
g	9580	702	1869	15	29	-1	-8	21	13	1
g	9581	732	1882	9	16	5	-8	8	13	1
g	9582	750	1882	9	16	-1	-8	8	13	1
g	9583	774	1869	9	16	-1	5	21	13	1
g	9584	804	1869	9	16	5	5	21	13	1
g	9585	823	1871	14	25	0	-6	19	13	1
g	9586	847	1871	14	25	0	-6	19	13	1
g	9587	7	1909	14	25	0	-6	19	13	1
g	9588	30	1920	9	3	-1	5	8	13	1
g	9589	60	1907	3	16	5	5	21	13	1
g	9590	84	1920	9	3	5	5	8	13	1
g	9591	108	1920	3	16	5	-8	8	13	1
g	9592	126	1919	9	4	-1	5	9	13	1
g	9593	156	1907	4	16	5	5	21	13	1
g	9594	180	1919	9	4	5	5	9	13	1
g	9595	204	1920	4	16	5	-8	8	13	1
g	9596	222	1919	15	4	-1	5	9	13	1
g	9597	252	1907	4	29	5	-8	21	13	1
g	9598	270	1919	15	4	-1	5	9	13	1
g	9599	300	1907	4	29	5	-8	21	13	1
g	9600	319	1907	14	15	0	6	21	13	1
g	9601	343	1932	14	4	0	-8	-4	13	1
g	9602	367	1928	14	8	0	-8	0	13	1
g	9603	391	1924	14	12	0	-8	4	13	1
g	9604	415	1921	14	15	0	-8	7	13	1
g	9605	439	1917	14	19	0	-8	11	13	1
g	9606	463	1914	14	22	0	-8	14	13	1
g	9607	487	1910	14	26	0	-8	18	13	1
g	9608	511	1907	14	29	0	-8	21	13	1
g	9609	535	1907	12	29	0	-8	21	13	1
g	9610	559	1907	10	29	0	-8	21	13	1
g	9611	583	1907	9	29	0	-8	21	13	1
g	9612	607	1907	7	29	0	-8	21	13	1
g	9613	631	1907	5	29	0	-8	21	13	1
g	9614	655	1907	4	29	0	-8	21	13	1
g	9615	679	1907	2	29	0	-8	21	13	1
g	9616	709	1907	8	29	6	-8	21	13	1
g	9617	726	1906	13	29	-1	-7	22	13	1
g	9618	750	1905	14	30	-1	-7	23	13	1
g	9619	773	1905	15	30	-2	-7	23	13	1
g	9620	799	1907	14	4	0	17	21	13	1
g	9621	834	1907	3	29	11	-8	21	13	1
g	9622	847	1921	7	15	0	-8	7	13	1
g	9623	13	1959	8	15	6	-8	7	13	1
g	9624	31	1945	7	15	0	6	21	13	1
g	9625	55	1945	14	29	0	-8	21	13	1
g	9626	79	1945	14	29	0	-8	21	13	1
g	9627	103	1945	14	29	0	-8	21	13	1
g	9628	127	1945	14	29	0	-8	21	13	1
g	9629	157	1945	8	15	6	6	21	13	1
g	9630	175	1945	14	29	0	-8	21	13	1
g	9631	199	1945	14	29	0	-8	21	13	1
g	9674	223	1950	13	16	0	0	16	13	1
g	10003	247	1950	14	16	0	0	16	13	1
g	10060	271	1950	13	17	0	-1	16	13	1
g	11022	295	1952	13	13	0	1	14	13	1
g	11023	319	1952	13	12	0	2	14	13	1
g	11024	343	1952	13	13	0	1	14	13	1
g	11025	367	1952	13	12	0	2	14	13	1
g	63191	387	1945	8	9	-4	12	21	0	1
g	63192	411	1945	8	9	-4	12	21	0	1
g	64257	439	1949	12	17	0	0	17	13	1
g	64258	463	1949	12	17	0	0	17	13	1
