atlas	512	1024	15	15.375	4.125	19.5
g	13	2	2	0	0	0	15.375	15.375	4.2
g	32	17	2	0	0	0	15.375	15.375	4.2
g	33	32	2	3	11	3.39	-0.134	10.471	9
g	34	47	2	4	5	2.61	6.946	11.101	9
g	35	62	2	9	11	0.24	0.001	10.471	9
g	36	77	2	8	14	0.75	-1.694	12.166	9
g	37	92	2	9	11	0.27	-0.179	10.651	9
g	38	107	2	9	11	0.375	-0.179	10.651	9
g	39	122	2	2	5	3.93	6.946	11.101	9
g	40	137	2	5	14	3.075	-2.069	11.401	9
g	41	152	2	5	14	1.59	-2.069	11.401	9
g	42	167	2	8	8	0.645	1.081	8.521	9
g	43	182	2	8	8	0.93	0.931	8.236	9
g	44	197	2	3	5	3.06	-2.114	2.041	9
g	45	212	2	5	2	2.325	3.931	5.191	9
g	46	227	2	3	3	3.39	-0.134	1.936	9
g	47	242	2	7	14	1.35	-2.069	11.401	9
g	48	257	2	8	11	0.84	-0.179	10.651	9
g	49	272	2	8	11	0.795	0.001	10.471	9
g	50	287	2	8	11	0.975	0.001	10.651	9
g	51	302	2	8	11	0.72	-0.179	10.651	9
g	52	317	2	8	11	0.51	0.001	10.471	9
g	53	332	2	7	11	1.095	-0.179	10.471	9
g	54	347	2	8	11	0.96	-0.179	10.471	9
g	55	2	27	7	11	0.975	0.001	10.471	9
g	56	17	27	8	11	0.825	-0.179	10.651	9
g	57	32	27	8	11	0.96	0.001	10.651	9
g	58	47	27	3	9	3.39	-0.134	7.876	9
g	59	62	27	3	10	3.06	-2.114	7.876	9
g	60	77	27	7	9	1.275	0.241	8.911	9
g	61	92	27	8	5	0.93	2.581	6.616	9
g	62	107	27	7	9	1.275	0.241	8.911	9
g	63	122	27	7	11	1.155	-0.134	10.651	9
g	64	137	27	7	13	0.93	-1.679	10.651	9
g	65	152	27	9	11	0.465	0.001	10.471	9
g	66	167	27	7	11	1.32	0.001	10.471	9
g	67	182	27	8	11	1.05	-0.179	10.651	9
g	68	197	27	7	11	1.425	0.001	10.471	9
g	69	212	27	7	11	1.35	0.001	10.471	9
g	70	227	27	7	11	1.35	0.001	10.471	9
g	71	242	27	7	11	0.84	-0.179	10.651	9
g	72	257	27	7	11	1.2	0.001	10.471	9
g	73	272	27	7	11	1.26	0.001	10.471	9
g	74	287	27	7	11	1.11	-0.179	10.471	9
g	75	302	27	8	11	1.275	0.001	10.471	9
g	76	317	27	7	11	1.8	0.001	10.471	9
g	77	332	27	7	11	1.02	0.001	10.471	9
g	78	347	27	7	11	1.2	0.001	10.471	9
g	79	2	52	8	11	0.84	-0.179	10.651	9
g	80	17	52	7	11	1.35	0.001	10.471	9
g	81	32	52	8	14	0.84	-2.459	10.651	9
g	82	47	52	7	11	1.35	0.001	10.471	9
g	83	62	52	8	11	0.675	-0.179	10.651	9
g	84	77	52	9	11	0.375	0.001	10.471	9
g	85	92	52	7	11	1.2	-0.179	10.471	9
g	86	107	52	8	11	0.54	0.001	10.471	9
g	87	122	52	8	11	0.525	0.001	10.471	9
g	88	137	52	9	11	0.39	0.001	10.471	9
g	89	152	52	9	11	0.255	0.001	10.471	9
g	90	167	52	8	11	0.72	0.001	10.471	9
g	91	182	52	5	14	3.375	-2.069	11.401	9
g	92	197	52	7	14	1.35	-2.069	11.401	9
g	93	212	52	5	14	1.425	-2.069	11.401	9
g	94	227	52	8	7	0.675	4.306	10.471	9
g	95	242	52	8	2	0.9	-2.534	-1.439	9
g	96	257	52	3	3	2.805	8.776	11.686	9
g	97	272	52	8	9	0.99	-0.179	7.921	9
g	98	287	52	7	12	1.425	-0.179	11.101	9
g	99	302	52	7	9	1.26	-0.179	7.921	9
g	100	317	52	7	12	0.9	-0.179	11.101	9
g	101	332	52	7	9	1.005	-0.179	7.921	9
g	102	347	52	8	12	1.095	0.001	11.101	9
g	103	2	77	8	12	1.005	-3.179	8.776	9
g	104	17	77	7	12	1.47	0.001	11.101	9
g	105	32	77	7	12	1.59	0.001	11.221	9
g	106	47	77	6	15	1.395	-2.999	11.221	9
g	107	62	77	8	12	1.575	0.001	11.101	9
g	108	77	77	7	12	1.2	0.001	11.101	9
g	109	92	77	8	8	0.81	0.001	7.921	9
g	110	107	77	7	8	1.47	0.001	7.921	9
g	111	122	77	8	9	0.99	-0.179	7.921	9
g	112	137	77	7	11	1.425	-2.999	7.921	9
g	113	152	77	7	11	0.9	-2.999	7.921	9
g	114	167	77	8	8	1.155	0.001	7.741	9
g	115	182	77	7	9	1.005	-0.179	7.921	9
g	116	197	77	8	11	0.585	0.001	10.471	9
g	117	212	77	7	8	1.38	-0.179	7.741	9
g	118	227	77	8	8	0.96	0.001	7.741	9
g	119	242	77	9	8	0.45	0.001	7.741	9
g	120	257	77	8	8	0.915	0.001	7.741	9
g	121	272	77	8	11	0.795	-2.999	7.741	9
g	122	287	77	7	8	1.275	0.001	7.741	9
g	123	302	77	6	14	1.575	-2.069	11.401	9
g	124	317	77	2	14	3.975	-2.069	11.401	9
g	125	332	77	6	14	1.575	-2.069	11.401	9
g	126	347	77	8	4	0.78	2.956	6.196	9
g	160	2	102	0	0	0	15.375	15.375	9
g	161	17	102	3	11	3.39	-2.729	7.876	9
g	162	32	102	7	12	1.26	-1.709	9.451	9
g	163	47	102	8	11	0.78	0.001	10.651	9
g	164	62	102	7	10	1.14	0.316	10.156	9
g	165	77	102	9	11	0.33	0.001	10.471	9
g	166	92	102	2	14	3.975	-2.069	11.401	9
g	167	107	102	7	13	1.215	-2.324	10.651	9
g	168	122	102	5	2	2.25	9.271	10.861	9
g	169	137	102	9	10	0	0.271	10.201	9
g	170	152	102	5	6	2.07	5.236	10.651	9
g	171	167	102	7	7	1.11	0.841	7.261	9
g	172	182	102	7	4	0.93	1.171	5.101	9
g	174	197	102	6	6	1.755	5.191	10.651	9
g	175	212	102	5	2	2.4	9.556	10.576	9
g	176	227	102	6	6	1.935	5.521	10.651	9
g	177	242	102	8	10	0.93	0.001	9.286	9
g	178	257	102	5	6	2.415	4.936	10.561	9
g	179	272	102	5	6	2.265	4.846	10.561	9
g	180	287	102	3	3	3.825	8.776	11.686	9
g	181	302	102	7	11	1.47	-2.999	7.741	9
g	182	317	102	7	13	0.675	-2.234	10.471	9
g	183	332	102	3	3	3.39	3.526	5.596	9
g	184	347	102	4	4	3.195	-3.089	0.301	9
g	185	2	127	5	6	2.31	4.936	10.471	9
g	186	17	127	5	6	2.1	5.236	10.651	9
g	187	32	127	7	7	1.005	0.841	7.261	9
g	188	47	127	9	11	0.27	0.001	10.471	9
g	189	62	127	9	11	0.27	0.001	10.471	9
g	190	77	127	9	11	0.27	0.001	10.561	9
g	191	92	127	7	11	1.35	-2.909	7.876	9
g	192	107	127	9	15	0.465	0.001	14.236	9
g	193	122	127	9	15	0.465	0.001	14.236	9
g	194	137	127	9	15	0.465	0.001	14.026	9
g	195	152	127	9	14	0.465	0.001	13.471	9
g	196	167	127	9	14	0.465	0.001	13.411	9
g	197	182	127	9	15	0.465	0.001	14.641	9
g	198	197	127	9	11	0.3	0.001	10.471	9
g	199	212	127	8	14	1.05	-3.089	10.651	9
g	200	227	127	7	15	1.35	0.001	14.236	9
g	201	242	127	7	15	1.35	0.001	14.236	9
g	202	257	127	7	15	1.35	0.001	14.026	9
g	203	272	127	7	14	1.35	0.001	13.411	9
g	204	287	127	7	15	1.26	0.001	14.236	9
g	205	302	127	7	15	1.26	0.001	14.236	9
g	206	317	127	7	15	1.26	0.001	14.026	9
g	207	332	127	7	14	1.26	0.001	13.411	9
g	208	347	127	8	11	0.33	0.001	10.471	9
g	209	2	152	7	14	1.2	0.001	13.471	9
g	210	17	152	8	15	0.84	-0.179	14.236	9
g	211	32	152	8	15	0.84	-0.179	14.236	9
g	212	47	152	8	15	0.84	-0.179	14.026	9
g	213	62	152	8	14	0.84	-0.179	13.471	9
g	214	77	152	8	14	0.84	-0.179	13.411	9
g	215	92	152	7	7	1.32	1.396	7.756	9
g	216	107	152	8	12	0.705	-0.659	11.131	9
g	217	122	152	7	15	1.2	-0.179	14.236	9
g	218	137	152	7	15	1.2	-0.179	14.236	9
g	219	152	152	7	15	1.2	-0.179	14.026	9
g	220	167	152	7	14	1.2	-0.179	13.411	9
g	221	182	152	9	15	0.255	0.001	14.236	9
g	222	197	152	7	11	1.35	0.001	10.471	9
g	223	212	152	8	15	1.53	-2.999	11.101	9
g	224	227	152	8	12	0.99	-0.179	11.686	9
g	225	242	152	8	12	0.99	-0.179	11.686	9
g	226	257	152	8	12	0.99	-0.179	11.476	9
g	227	272	152	8	12	0.99	-0.179	10.921	9
g	228	287	152	8	12	0.99	-0.179	10.861	9
g	229	302	152	8	13	0.99	-0.179	12.091	9
g	230	317	152	9	9	0.15	-0.179	7.921	9
g	231	332	152	7	12	1.26	-3.089	7.921	9
g	232	347	152	7	12	1.005	-0.179	11.686	9
g	233	2	177	7	12	1.005	-0.179	11.686	9
g	234	17	177	7	12	1.005	-0.179	11.476	9
g	235	32	177	7	12	1.005	-0.179	10.861	9
g	236	47	177	7	12	1.59	0.001	11.686	9
g	237	62	177	7	12	1.59	0.001	11.686	9
g	238	77	177	7	12	1.59	0.001	11.476	9
g	239	92	177	7	11	1.59	0.001	10.861	9
g	240	107	177	8	12	0.99	-0.179	11.296	9
g	241	122	177	7	11	1.47	0.001	10.921	9
g	242	137	177	8	12	0.99	-0.179	11.686	9
g	243	152	177	8	12	0.99	-0.179	11.686	9
g	244	167	177	8	12	0.99	-0.179	11.476	9
g	245	182	177	8	12	0.99	-0.179	10.921	9
g	246	197	177	8	12	0.99	-0.179	10.861	9
g	247	212	177	8	8	0.93	0.781	8.386	9
g	248	227	177	8	9	0.705	-0.599	8.341	9
g	249	242	177	7	12	1.38	-0.179	11.686	9
g	250	257	177	7	12	1.38	-0.179	11.686	9
g	251	272	177	7	12	1.38	-0.179	11.476	9
g	252	287	177	7	12	1.38	-0.179	10.861	9
g	253	302	177	8	15	0.795	-2.999	11.686	9
g	254	317	177	7	15	1.425	-2.999	11.101	9
g	255	332	177	8	14	0.795	-2.999	10.861	9
g	256	347	177	9	14	0.465	0.001	13.126	9
g	257	2	202	8	11	0.99	-0.179	10.576	9
g	258	17	202	9	15	0.465	0.001	14.086	9
g	259	32	202	8	12	0.99	-0.179	11.536	9
g	260	47	202	9	14	0.465	-3.104	10.471	9
g	261	62	202	8	12	0.99	-3.104	7.921	9
g	262	77	202	8	15	1.05	-0.179	14.236	9
g	263	92	202	7	12	1.26	-0.179	11.686	9
g	264	107	202	8	15	1.05	-0.179	14.026	9
g	265	122	202	7	12	1.26	-0.179	11.476	9
g	266	137	202	8	14	1.05	-0.179	13.501	9
g	267	152	202	7	12	1.26	-0.179	10.951	9
g	268	167	202	8	15	1.05	-0.179	14.146	9
g	269	182	202	7	12	1.26	-0.179	11.596	9
g	270	197	202	7	15	1.425	0.001	14.146	9
g	271	212	202	10	12	0.675	-0.179	11.101	9
g	272	227	202	8	11	0.33	0.001	10.471	9
g	273	242	202	8	12	0.9	-0.179	11.101	9
g	274	257	202	7	14	1.35	0.001	13.126	9
g	275	272	202	7	11	1.005	-0.179	10.576	9
g	276	287	202	7	15	1.35	0.001	14.086	9
g	277	302	202	7	12	1.005	-0.179	11.536	9
g	278	317	202	7	14	1.35	0.001	13.501	9
g	279	332	202	7	12	1.005	-0.179	10.951	9
g	280	347	202	7	14	1.35	-3.104	10.471	9
g	281	2	227	7	12	1.005	-3.104	7.921	9
g	282	17	227	7	15	1.35	0.001	14.146	9
g	283	32	227	7	12	1.005	-0.179	11.596	9
g	284	47	227	7	15	0.84	-0.179	14.026	9
g	285	62	227	8	15	1.005	-3.179	11.476	9
g	286	77	227	7	15	0.84	-0.179	14.086	9
g	287	92	227	8	15	1.005	-3.179	11.536	9
g	288	107	227	7	14	0.84	-0.179	13.501	9
g	289	122	227	8	15	1.005	-3.179	10.951	9
g	290	137	227	7	15	0.84	-3.764	10.651	9
g	291	152	227	8	15	1.005	-3.179	11.641	9
g	292	167	227	7	15	1.2	0.001	14.026	9
g	293	182	227	8	15	-0.33	0.001	14.206	9
g	294	197	227	9	11	0.15	0.001	10.471	9
g	295	212	227	8	12	0.495	0.001	11.101	9
g	296	227	227	7	14	1.26	0.001	13.471	9
g	297	242	227	7	11	1.59	0.001	10.921	9
g	298	257	227	7	14	1.26	0.001	13.126	9
g	299	272	227	7	11	1.59	0.001	10.576	9
g	300	287	227	7	15	1.26	0.001	14.086	9
g	301	302	227	7	12	1.59	0.001	11.536	9
g	302	317	227	7	14	1.26	-3.104	10.471	9
g	303	332	227	7	15	1.59	-3.104	11.221	9
g	304	347	227	7	14	1.26	0.001	13.501	9
g	305	2	252	7	8	1.59	0.001	7.741	9
g	306	17	252	7	11	1.275	-0.179	10.471	9
g	307	32	252	7	15	1.23	-2.999	11.221	9
g	308	47	252	7	15	1.11	-0.179	14.026	9
g	309	62	252	7	15	1.395	-2.999	11.476	9
g	310	77	252	8	15	1.275	-3.764	10.471	9
g	311	92	252	8	15	1.575	-3.764	11.101	9
g	312	107	252	8	8	1.59	0.001	7.741	9
g	313	122	252	7	15	1.77	0.001	14.236	9
g	314	137	252	7	15	1.2	0.001	14.416	9
g	315	152	252	7	15	1.8	-3.764	10.471	9
g	316	167	252	7	15	1.2	-3.764	11.101	9
g	317	182	252	7	12	1.8	0.001	11.101	9
g	318	197	252	7	12	1.2	0.001	11.101	9
g	319	212	252	7	11	1.8	0.001	10.471	9
g	320	227	252	8	12	1.2	0.001	11.101	9
g	321	242	252	8	11	0.6	0.001	10.471	9
g	322	257	252	7	12	1.2	0.001	11.101	9
g	323	272	252	7	15	1.2	0.001	14.236	9
g	324	287	252	7	12	1.47	0.001	11.686	9
g	325	302	252	7	15	1.2	-3.764	10.471	9
g	326	317	252	7	12	1.47	-3.764	7.921	9
g	327	332	252	7	15	1.2	0.001	14.146	9
g	328	347	252	7	12	1.47	0.001	11.596	9
g	329	2	277	8	12	0	0.001	11.101	9
g	330	17	277	7	14	1.2	-2.999	10.471	9
g	331	32	277	7	11	1.47	-2.999	7.921	9
g	332	47	277	8	14	0.84	-0.179	13.126	9
g	333	62	277	8	11	0.99	-0.179	10.576	9
g	334	77	277	8	15	0.84	-0.179	14.086	9
g	335	92	277	8	12	0.99	-0.179	11.536	9
g	336	107	277	8	15	0.84	-0.179	14.221	9
g	337	122	277	8	12	0.99	-0.179	11.671	9
g	338	137	277	8	11	0.555	0.001	10.471	9
g	339	152	277	9	9	0.21	-0.179	7.921	9
g	340	167	277	7	15	1.35	0.001	14.236	9
g	341	182	277	8	12	1.155	0.001	11.686	9
g	342	197	277	7	15	1.35	-3.764	10.471	9
g	343	212	277	8	12	1.155	-3.764	7.741	9
g	344	227	277	7	15	1.35	0.001	14.146	9
g	345	242	277	8	12	1.155	0.001	11.596	9
g	346	257	277	8	15	0.675	-0.179	14.236	9
g	347	272	277	7	12	1.005	-0.179	11.686	9
g	348	287	277	8	15	0.675	-0.179	14.026	9
g	349	302	277	7	12	1.005	-0.179	11.476	9
g	350	317	277	8	14	0.675	-3.089	10.651	9
g	351	332	277	7	12	1.005	-3.089	7.921	9
g	352	347	277	8	15	0.675	-0.179	14.146	9
g	353	2	302	7	12	1.005	-0.179	11.596	9
g	354	17	302	9	14	0.375	-3.089	10.471	9
g	355	32	302	8	14	0.585	-3.089	10.471	9
g	356	47	302	9	15	0.375	0.001	14.146	9
g	357	62	302	8	12	0.585	0.001	11.401	9
g	358	77	302	9	11	0.375	0.001	10.471	9
g	359	92	302	8	11	0.585	0.001	10.471	9
g	360	107	302	7	14	1.2	-0.179	13.471	9
g	361	122	302	7	12	1.38	-0.179	10.921	9
g	362	137	302	7	14	1.2	-0.179	13.126	9
g	363	152	302	7	11	1.38	-0.179	10.576	9
g	364	167	302	7	15	1.2	-0.179	14.086	9
g	365	182	302	7	12	1.38	-0.179	11.536	9
g	366	197	302	7	15	1.2	-0.179	14.641	9
g	367	212	302	7	13	1.38	-0.179	12.091	9
g	368	227	302	7	15	1.2	-0.179	14.221	9
g	369	242	302	7	12	1.38	-0.179	11.671	9
g	370	257	302	7	14	1.2	-3.104	10.471	9
g	371	272	302	7	11	1.38	-3.104	7.741	9
g	372	287	302	8	15	0.525	0.001	14.026	9
g	373	302	302	9	12	0.45	0.001	11.476	9
g	374	317	302	9	15	0.255	0.001	14.026	9
g	375	332	302	8	15	0.795	-2.999	11.476	9
g	376	347	302	9	14	0.255	0.001	13.411	9
g	377	2	327	8	15	0.72	0.001	14.236	9
g	378	17	327	7	12	1.275	0.001	11.686	9
g	379	32	327	8	14	0.72	0.001	13.501	9
g	380	47	327	7	11	1.275	0.001	10.951	9
g	381	62	327	8	15	0.72	0.001	14.146	9
g	382	77	327	7	12	1.275	0.001	11.596	9
g	383	92	327	8	12	1.095	0.001	11.101	9
g	399	107	327	8	11	0.84	-0.179	10.651	9
g	402	122	327	10	14	-0.645	-2.999	10.471	9
g	416	137	327	8	13	0.84	-0.179	12.151	9
g	417	152	327	8	10	0.99	-0.179	9.421	9
g	431	167	327	8	13	1.2	-0.179	12.151	9
g	432	182	327	8	10	1.38	-0.179	9.421	9
g	461	197	327	9	15	0.465	0.001	14.146	9
g	462	212	327	8	12	0.99	-0.179	11.596	9
g	463	227	327	7	15	1.26	0.001	14.146	9
g	464	242	327	7	12	1.59	0.001	11.596	9
g	465	257	327	8	15	0.84	-0.179	14.146	9
g	466	272	327	8	12	0.99	-0.179	11.596	9
g	467	287	327	7	15	1.2	-0.179	14.146	9
g	468	302	327	7	12	1.38	-0.179	11.596	9
g	469	317	327	7	16	1.2	-0.179	14.926	9
g	470	332	327	7	13	1.38	-0.179	12.376	9
g	471	347	327	7	17	1.2	-0.179	16.126	9
g	472	2	352	7	14	1.38	-0.179	13.576	9
g	473	17	352	7	17	1.2	-0.179	16.096	9
g	474	32	352	7	14	1.38	-0.179	13.546	9
g	475	47	352	7	17	1.2	-0.179	16.126	9
g	476	62	352	7	14	1.38	-0.179	13.576	9
g	506	77	352	9	17	0.465	0.001	16.786	9
g	507	92	352	8	15	0.99	-0.179	14.341	9
g	508	107	352	9	15	0.3	0.001	14.236	9
g	509	122	352	9	12	0.15	-0.179	11.686	9
g	510	137	352	8	15	0.705	-0.659	14.236	9
g	511	152	352	8	13	0.705	-0.599	11.686	9
g	536	167	352	8	15	0.675	-3.764	10.651	9
g	537	182	352	7	12	1.005	-3.764	7.921	9
g	538	197	352	9	15	0.375	-3.764	10.471	9
g	539	212	352	8	15	0.585	-3.764	10.471	9
g	567	227	352	6	11	1.395	-2.999	7.741	9
g	601	242	352	7	9	1.005	-0.179	7.921	9
g	699	257	352	3	3	3.645	8.806	11.641	9
g	700	272	352	2	3	2.85	8.266	11.101	9
g	710	287	352	5	3	2.085	8.866	11.476	9
g	711	302	352	5	3	2.085	8.986	11.596	9
g	728	317	352	5	3	2.085	8.926	11.536	9
g	729	332	352	2	2	3.555	9.181	10.951	9
g	730	347	352	4	4	2.76	8.641	12.091	9
g	731	2	377	4	4	1.785	-3.104	0.286	9
g	732	17	377	6	2	1.98	9.181	10.921	9
g	733	32	377	5	3	2.685	8.791	11.671	9
g	768	47	377	3	3	-1.68	8.776	11.686	0
g	769	62	377	3	3	-0.66	8.776	11.686	0
g	770	77	377	5	3	-2.4	8.866	11.476	0
g	771	92	377	6	2	-2.505	9.181	10.921	0
g	772	107	377	5	2	-2.085	9.556	10.576	0
g	774	122	377	5	3	-2.4	8.926	11.536	0
g	775	137	377	2	2	-0.93	9.181	10.951	0
g	776	152	377	5	2	-2.235	9.271	10.861	0
g	777	167	377	3	3	-1.26	8.656	11.476	0
g	778	182	377	4	4	-1.725	8.641	12.091	0
g	779	197	377	5	3	-1.8	8.791	11.671	0
g	780	212	377	5	3	-2.4	8.986	11.596	0
g	786	227	377	3	3	-0.84	8.806	11.641	0
g	789	242	377	2	3	0.015	8.266	11.101	0
g	795	257	377	3	3	-1.155	6.946	9.421	0
g	803	272	377	2	2	-0.855	-2.579	-0.989	0
g	806	287	377	3	3	-1.2	-3.764	-0.929	0
g	807	302	377	4	4	-1.29	-3.089	0.301	0
g	808	317	377	4	4	-2.7	-3.104	0.286	0
g	960	332	377	9	8	0.3	0.001	7.741	9
g	1024	347	377	7	15	1.35	0.001	14.236	9
g	1025	2	402	7	14	1.35	0.001	13.411	9
g	1026	17	402	9	13	0.15	-2.459	10.471	9
g	1027	32	402	6	15	1.98	0.001	14.236	9
g	1028	47	402	8	11	1.005	-0.179	10.651	9
g	1029	62	402	8	11	0.675	-0.179	10.651	9
g	1030	77	402	7	11	1.26	0.001	10.471	9
g	1031	92	402	7	14	1.26	0.001	13.411	9
g	1032	107	402	7	11	1.11	-0.179	10.471	9
g	1033	122	402	9	11	-0.03	0.001	10.471	9
g	1034	137	402	9	11	0.72	0.001	10.471	9
g	1035	152	402	9	11	0.15	0.001	10.471	9
g	1036	167	402	8	15	1.2	0.001	14.236	9
g	1037	182	402	7	15	1.2	0.001	14.236	9
g	1038	197	402	8	15	0.66	0.001	14.071	9
g	1039	212	402	7	13	1.245	-2.249	10.471	9
g	1040	227	402	9	11	0.465	0.001	10.471	9
g	1041	242	402	7	11	1.275	0.001	10.471	9
g	1042	257	402	7	11	1.32	0.001	10.471	9
g	1043	272	402	6	11	1.98	0.001	10.471	9
g	1044	287	402	9	13	0.21	-2.249	10.471	9
g	1045	302	402	7	11	1.35	0.001	10.471	9
g	1046	317	402	9	11	0.03	0.001	10.471	9
g	1047	332	402	8	11	0.6	-0.179	10.651	9
g	1048	347	402	7	11	1.2	0.001	10.471	9
g	1049	2	427	7	15	1.2	0.001	14.071	9
g	1050	17	427	8	11	1.2	0.001	10.471	9
g	1051	32	427	8	11	0.075	0.001	10.471	9
g	1052	47	427	7	11	1.02	0.001	10.471	9
g	1053	62	427	7	11	1.2	0.001	10.471	9
g	1054	77	427	8	11	0.84	-0.179	10.651	9
g	1055	92	427	7	11	1.245	0.001	10.471	9
g	1056	107	427	7	11	1.35	0.001	10.471	9
g	1057	122	427	8	11	1.05	-0.179	10.651	9
g	1058	137	427	9	11	0.375	0.001	10.471	9
g	1059	152	427	8	11	0.66	0.001	10.471	9
g	1060	167	427	9	12	0.39	-0.434	10.876	9
g	1061	182	427	9	11	0.39	0.001	10.471	9
g	1062	197	427	8	13	1.2	-2.249	10.471	9
g	1063	212	427	7	11	0.9	0.001	10.471	9
g	1064	227	427	8	11	0.72	0.001	10.471	9
g	1065	242	427	9	13	0.72	-2.249	10.471	9
g	1066	257	427	9	11	0.15	0.001	10.471	9
g	1067	272	427	8	11	0.72	0.001	10.471	9
g	1068	287	427	7	11	1.38	0.001	10.471	9
g	1069	302	427	8	11	0.885	-0.179	10.651	9
g	1070	317	427	8	11	0.72	-0.179	10.651	9
g	1071	332	427	8	11	0.585	0.001	10.471	9
g	1072	347	427	8	9	0.99	-0.179	7.921	9
g	1073	2	452	7	12	1.035	-0.179	11.221	9
g	1074	17	452	7	8	1.605	0.001	7.741	9
g	1075	32	452	6	8	2.025	0.001	7.741	9
g	1076	47	452	9	10	0.33	-2.099	7.741	9
g	1077	62	452	7	9	1.005	-0.179	7.921	9
g	1078	77	452	9	8	0.45	0.001	7.741	9
g	1079	92	452	7	9	0.915	-0.179	7.921	9
g	1080	107	452	7	8	1.425	0.001	7.741	9
g	1081	122	452	7	12	1.425	0.001	11.521	9
g	1082	137	452	7	8	1.605	0.001	7.741	9
g	1083	152	452	8	8	0.39	0.001	7.741	9
g	1084	167	452	7	8	1.08	0.001	7.741	9
g	1085	182	452	7	8	1.425	0.001	7.741	9
g	1086	197	452	8	9	0.99	-0.179	7.921	9
g	1087	212	452	7	8	1.455	0.001	7.741	9
g	1088	227	452	7	11	1.425	-2.999	7.921	9
g	1089	242	452	7	9	1.26	-0.179	7.921	9
g	1090	257	452	7	8	1.05	0.001	7.741	9
g	1091	272	452	8	11	0.795	-2.999	7.741	9
g	1092	287	452	8	14	0.66	-2.999	10.651	9
g	1093	302	452	8	8	0.915	0.001	7.741	9
g	1094	317	452	8	10	1.26	-2.099	7.741	9
g	1095	332	452	7	8	1.2	0.001	7.741	9
g	1096	347	452	8	8	0.81	0.001	7.741	9
g	1097	2	477	9	10	0.81	-2.099	7.741	9
g	1098	17	477	9	8	0.165	0.001	7.741	9
g	1099	32	477	8	8	0.81	0.001	7.741	9
g	1100	47	477	7	8	1.665	0.001	7.741	9
g	1101	62	477	7	9	1.26	-0.179	7.921	9
g	1102	77	477	8	9	0.81	-0.179	7.921	9
g	1103	92	477	7	8	1.02	0.001	7.741	9
g	1104	107	477	7	12	1.005	-0.179	11.686	9
g	1105	122	477	7	12	1.005	-0.179	10.861	9
g	1106	137	477	8	15	0.495	-2.999	11.101	9
g	1107	152	477	6	12	2.025	0.001	11.686	9
g	1108	167	477	7	9	1.26	-0.179	7.921	9
g	1109	182	477	7	9	1.005	-0.179	7.921	9
g	1110	197	477	7	12	1.59	0.001	11.221	9
g	1111	212	477	7	11	1.59	0.001	10.861	9
g	1112	227	477	6	15	1.395	-2.999	11.221	9
g	1113	242	477	9	8	0.03	0.001	7.741	9
g	1114	257	477	8	8	0.81	0.001	7.741	9
g	1115	272	477	8	12	0.495	0.001	11.101	9
g	1116	287	477	7	12	1.605	0.001	11.686	9
g	1117	302	477	7	12	1.425	0.001	11.686	9
g	1118	317	477	8	15	0.795	-2.999	11.521	9
g	1119	332	477	7	10	1.455	-2.099	7.741	9
g	1138	347	477	8	11	0.84	-0.179	10.651	9
g	1139	2	502	8	9	0.99	-0.179	7.921	9
g	1168	17	502	6	13	1.98	0.001	12.721	9
g	1169	32	502	6	10	2.025	0.001	9.841	9
g	1170	47	502	8	11	0.765	0.001	10.471	9
g	1171	62	502	8	8	0.66	0.001	7.741	9
g	1172	77	502	7	13	1.32	-2.459	10.471	9
g	1173	92	502	7	11	1.65	-2.999	7.741	9
g	1174	107	502	10	13	-0.12	-2.249	10.471	9
g	1175	122	502	9	10	0.33	-2.099	7.741	9
g	1176	137	502	8	13	0.6	-2.249	10.651	9
g	1177	152	502	7	11	0.915	-2.099	7.921	9
g	1178	167	502	8	13	1.08	-2.249	10.471	9
g	1179	182	502	7	10	1.485	-2.099	7.741	9
g	1180	197	502	8	11	0.9	0.001	10.471	9
g	1181	212	502	8	8	1.305	0.001	7.741	9
g	1184	227	502	9	11	0.03	0.001	10.471	9
g	1185	242	502	9	8	0.165	0.001	7.741	9
g	1186	257	502	8	13	1.2	-2.249	10.471	9
g	1187	272	502	8	10	1.26	-2.099	7.741	9
g	1188	287	502	9	11	0.735	0.001	10.471	9
g	1189	302	502	8	8	0.81	0.001	7.741	9
g	1194	317	502	8	13	1.05	-2.249	10.651	9
g	1195	332	502	7	11	1.26	-2.099	7.921	9
g	1198	347	502	9	11	0.255	0.001	10.471	9
g	1199	2	527	8	11	0.96	-2.999	7.741	9
g	1200	17	527	9	11	0.255	0.001	10.471	9
g	1201	32	527	8	11	0.96	-2.999	7.741	9
g	1202	47	527	9	13	0.3	-2.249	10.471	9
g	1203	62	527	8	10	0.915	-2.099	7.741	9
g	1206	77	527	8	13	0.795	-2.249	10.471	9
g	1207	92	527	8	10	1.125	-2.099	7.741	9
g	1208	107	527	7	11	0.9	0.001	10.471	9
g	1209	122	527	7	8	1.2	0.001	7.741	9
g	1210	137	527	7	11	1.32	0.001	10.471	9
g	1211	152	527	7	12	1.47	0.001	11.101	9
g	1216	167	527	7	11	1.26	0.001	10.471	9
g	1217	182	527	9	15	0.03	0.001	14.071	9
g	1218	197	527	9	12	0.45	0.001	11.521	9
g	1231	212	527	7	12	1.2	0.001	11.101	9
g	1232	227	527	9	15	0.465	0.001	14.071	9
g	1233	242	527	8	12	0.99	-0.179	11.521	9
g	1234	257	527	9	14	0.465	0.001	13.411	9
g	1235	272	527	8	12	0.99	-0.179	10.861	9
g	1236	287	527	9	11	0.3	0.001	10.471	9
g	1237	302	527	9	9	0.15	-0.179	7.921	9
g	1238	317	527	7	15	1.35	0.001	14.071	9
g	1239	332	527	7	12	1.005	-0.179	11.521	9
g	1240	347	527	8	11	0.84	-0.179	10.651	9
g	1241	2	552	7	9	1.005	-0.179	7.921	9
g	1244	17	552	9	14	0.03	0.001	13.411	9
g	1245	32	552	9	11	0.45	0.001	10.861	9
g	1246	47	552	8	14	0.6	-0.179	13.411	9
g	1247	62	552	7	12	0.915	-0.179	10.861	9
g	1250	77	552	7	14	1.2	0.001	13.126	9
g	1251	92	552	7	11	1.425	0.001	10.576	9
g	1252	107	552	7	14	1.2	0.001	13.411	9
g	1253	122	552	7	11	1.425	0.001	10.861	9
g	1254	137	552	8	14	0.84	-0.179	13.411	9
g	1255	152	552	8	12	0.99	-0.179	10.861	9
g	1256	167	552	8	11	0.84	-0.179	10.651	9
g	1257	182	552	8	9	0.99	-0.179	7.921	9
g	1262	197	552	8	14	0.66	0.001	13.126	9
g	1263	212	552	8	14	0.795	-2.999	10.576	9
g	1264	227	552	8	14	0.66	0.001	13.411	9
g	1265	242	552	8	14	0.795	-2.999	10.861	9
g	1266	257	552	8	15	0.66	0.001	14.221	9
g	1267	272	552	8	15	0.795	-2.999	11.671	9
g	1268	287	552	7	14	0.9	0.001	13.411	9
g	1269	302	552	7	11	1.2	0.001	10.861	9
g	1272	317	552	8	14	0.72	0.001	13.411	9
g	1273	332	552	8	11	0.81	0.001	10.861	9
g	3647	347	552	7	14	1.32	-1.694	12.166	9.001
g	7808	2	577	8	15	0.525	0.001	14.236	9
g	7809	17	577	9	12	0.45	0.001	11.686	9
g	7810	32	577	8	15	0.525	0.001	14.236	9
g	7811	47	577	9	12	0.45	0.001	11.686	9
g	7812	62	577	8	14	0.525	0.001	13.411	9
g	7813	77	577	9	11	0.45	0.001	10.861	9
g	7838	92	577	8	11	0.945	-0.179	10.471	9
g	7840	107	577	9	14	0.465	-2.579	10.471	9
g	7841	122	577	8	11	0.99	-2.579	7.921	9
g	7842	137	577	9	15	0.465	0.001	14.026	9
g	7843	152	577	8	12	0.99	-0.179	11.476	9
g	7844	167	577	9	17	0.465	0.001	16.126	9
g	7845	182	577	8	14	0.99	-0.179	13.576	9
g	7846	197	577	9	17	0.465	0.001	16.126	9
g	7847	212	577	8	14	0.345	-0.179	13.576	9
g	7848	227	577	9	16	0.465	0.001	15.961	9
g	7849	242	577	8	14	0.99	-0.179	13.411	9
g	7850	257	577	9	16	0.465	0.001	15.931	9
g	7851	272	577	8	14	0.99	-0.179	13.381	9
g	7852	287	577	9	17	0.465	-2.579	14.026	9
g	7853	302	577	8	15	0.99	-2.579	11.476	9
g	7854	317	577	9	17	0.465	0.001	16.066	9
g	7855	332	577	8	14	0.99	-0.179	13.516	9
g	7856	347	577	9	17	0.465	0.001	16.066	9
g	7857	2	602	8	14	0.99	-0.179	13.516	9
g	7858	17	602	9	16	0.465	0.001	15.901	9
g	7859	32	602	8	14	0.99	-0.179	13.351	9
g	7860	47	602	9	16	0.465	0.001	15.766	9
g	7861	62	602	8	14	0.99	-0.179	13.216	9
g	7862	77	602	9	17	0.465	-2.579	14.086	9
g	7863	92	602	8	15	0.99	-2.579	11.536	9
g	7864	107	602	7	14	1.35	-2.579	10.471	9
g	7865	122	602	7	11	1.005	-2.579	7.921	9
g	7866	137	602	7	15	1.35	0.001	14.026	9
g	7867	152	602	7	12	1.005	-0.179	11.476	9
g	7868	167	602	7	14	1.35	0.001	13.471	9
g	7869	182	602	7	12	1.005	-0.179	10.921	9
g	7870	197	602	8	17	1.35	0.001	16.126	9
g	7871	212	602	8	14	1.005	-0.179	13.576	9
g	7872	227	602	8	17	0.675	0.001	16.126	9
g	7873	242	602	8	14	0.63	-0.179	13.576	9
g	7874	257	602	7	16	1.35	0.001	15.961	9
g	7875	272	602	8	14	1.005	-0.179	13.411	9
g	7876	287	602	7	16	1.35	0.001	15.931	9
g	7877	302	602	7	14	1.005	-0.179	13.381	9
g	7878	317	602	7	17	1.35	-2.579	14.026	9
g	7879	332	602	7	15	1.005	-2.579	11.476	9
g	7880	347	602	7	15	1.26	0.001	14.026	9
g	7881	2	627	7	12	1.59	0.001	11.476	9
g	7882	17	627	7	14	1.26	-2.579	10.471	9
g	7883	32	627	7	14	1.59	-2.579	11.221	9
g	7884	47	627	8	14	0.84	-2.579	10.651	9
g	7885	62	627	8	11	0.99	-2.579	7.921	9
g	7886	77	627	8	15	0.84	-0.179	14.026	9
g	7887	92	627	8	12	0.99	-0.179	11.476	9
g	7888	107	627	8	17	0.84	-0.179	16.126	9
g	7889	122	627	8	14	0.99	-0.179	13.576	9
g	7890	137	627	8	17	0.6	-0.179	16.126	9
g	7891	152	627	8	14	0.6	-0.179	13.576	9
g	7892	167	627	8	17	0.84	-0.179	15.961	9
g	7893	182	627	8	14	0.99	-0.179	13.411	9
g	7894	197	627	8	17	0.84	-0.179	15.931	9
g	7895	212	627	8	14	0.99	-0.179	13.381	9
g	7896	227	627	8	17	0.84	-2.579	14.026	9
g	7897	242	627	8	15	0.99	-2.579	11.476	9
g	7898	257	627	8	15	0.84	-0.179	14.236	9
g	7899	272	627	8	12	0.99	-0.179	11.686	9
g	7900	287	627	8	15	0.84	-0.179	14.236	9
g	7901	302	627	8	12	0.99	-0.179	11.686	9
g	7902	317	627	8	15	0.84	-0.179	14.026	9
g	7903	332	627	8	12	0.99	-0.179	11.476	9
g	7904	347	627	8	14	0.84	-0.179	13.411	9
g	7905	2	652	8	12	0.99	-0.179	10.861	9
g	7906	17	652	8	15	0.84	-2.579	12.151	9
g	7907	32	652	8	12	0.99	-2.579	9.421	9
g	7908	47	652	7	14	1.2	-2.579	10.471	9
g	7909	62	652	7	11	1.38	-2.579	7.741	9
g	7910	77	652	7	15	1.2	-0.179	14.026	9
g	7911	92	652	7	12	1.38	-0.179	11.476	9
g	7912	107	652	8	15	1.2	-0.179	14.236	9
g	7913	122	652	8	12	1.38	-0.179	11.686	9
g	7914	137	652	8	15	1.2	-0.179	14.236	9
g	7915	152	652	8	12	1.38	-0.179	11.686	9
g	7916	167	652	8	15	1.2	-0.179	14.026	9
g	7917	182	652	8	12	1.38	-0.179	11.476	9
g	7918	197	652	8	14	1.2	-0.179	13.411	9
g	7919	212	652	8	12	1.38	-0.179	10.861	9
g	7920	227	652	8	15	1.2	-2.579	12.151	9
g	7921	242	652	8	12	1.38	-2.579	9.421	9
g	7922	257	652	9	15	0.255	0.001	14.236	9
g	7923	272	652	8	15	0.795	-2.999	11.686	9
g	7924	287	652	9	14	0.255	-2.579	10.471	9
g	7925	302	652	8	11	0.795	-2.999	7.741	9
g	7926	317	652	9	15	0.255	0.001	14.026	9
g	7927	332	652	8	15	0.795	-2.999	11.476	9
g	7928	347	652	9	14	0.255	0.001	13.471	9
g	7929	2	677	8	14	0.795	-2.999	10.921	9
g	8211	17	677	8	2	0.9	4.006	5.101	9
g	8212	32	677	9	2	0	4.006	5.101	9
g	8216	47	677	3	5	2.925	6.946	11.101	9
g	8217	62	677	3	5	3.345	6.946	11.101	9
g	8218	77	677	3	5	3.06	-2.114	2.041	9
g	8220	92	677	7	5	1.23	6.946	11.101	9
g	8221	107	677	7	5	1.65	6.946	11.101	9
g	8222	122	677	7	5	1.65	-2.114	2.041	9
g	8224	137	677	7	15	1.05	-2.999	11.101	9
g	8225	152	677	7	15	1.05	-2.999	11.101	9
g	8226	167	677	4	4	2.67	2.791	6.331	9
g	8230	182	677	8	2	0.66	-0.059	1.906	9
g	8240	197	677	9	11	0	-0.179	10.651	9
g	8242	212	677	2	5	3.525	5.701	10.471	9
g	8243	227	677	5	5	2.205	5.701	10.471	9
g	8249	242	677	4	7	2.55	0.841	7.261	9
g	8250	257	677	4	7	2.985	0.841	7.261	9
g	8260	272	677	9	11	0.27	0.001	10.471	9
g	8304	287	677	5	6	2.325	4.846	10.561	9
g	8308	302	677	5	6	2.205	4.936	10.471	9
g	8309	317	677	5	6	2.4	4.846	10.471	9
g	8310	332	677	5	6	2.415	4.846	10.471	9
g	8311	347	677	5	6	2.46	4.936	10.471	9
g	8312	2	702	5	6	2.34	4.846	10.561	9
g	8313	17	702	5	6	2.355	4.936	10.561	9
g	8320	32	702	5	6	2.325	-0.089	5.626	9
g	8321	47	702	5	6	2.31	0.001	5.536	9
g	8322	62	702	5	6	2.415	0.001	5.626	9
g	8323	77	702	5	6	2.265	-0.089	5.626	9
g	8324	92	702	5	6	2.205	0.001	5.536	9
g	8325	107	702	5	6	2.4	-0.089	5.536	9
g	8326	122	702	5	6	2.415	-0.089	5.536	9
g	8327	137	702	5	6	2.46	0.001	5.536	9
g	8328	152	702	5	6	2.34	-0.089	5.626	9
g	8329	167	702	5	6	2.355	0.001	5.626	9
g	8353	182	702	8	14	1.05	-1.694	12.166	9
g	8356	197	702	8	11	0.78	0.001	10.651	9
g	8358	212	702	9	11	0.405	0.001	10.471	9
g	8360	227	702	9	11	0.735	-0.179	10.471	9
g	8361	242	702	9	11	0.39	0.001	10.471	9
g	8362	257	702	8	11	0.885	0.001	10.471	9.001
g	8363	272	702	8	12	1.23	0.001	11.101	9
g	8364	287	702	8	11	1.05	-0.179	10.651	9
g	8365	302	702	9	11	0.42	0.001	10.471	9
g	8366	317	702	9	11	0.39	0.001	10.471	9
g	8369	332	702	9	11	0.42	0.001	10.471	9
g	8370	347	702	8	14	0.84	-1.694	12.166	9
g	8372	2	727	9	11	0.405	-0.179	10.651	9
g	8373	17	727	8	14	1.05	-1.694	12.166	9
g	8376	32	727	8	11	0.675	0.001	10.471	9
g	8377	47	727	8	11	0.84	0.001	10.471	9
g	8378	62	727	8	11	0.84	0.001	10.471	9
g	8381	77	727	8	11	0.675	0.001	10.471	9
g	8383	92	727	7	14	1.32	-1.694	12.166	9
g	8467	107	727	7	12	1.05	-0.179	11.281	9
g	8470	122	727	9	11	0.645	0.001	10.591	9
g	8482	137	727	8	5	0.24	6.286	10.471	9
g	8486	152	727	8	11	0.81	0.001	10.651	9
g	8494	167	727	9	11	0.39	-0.179	10.651	9
g	8528	182	727	9	11	0.27	0.001	10.471	9
g	8529	197	727	9	11	0.27	0.001	10.471	9
g	8531	212	727	9	11	0.27	-0.089	10.471	9
g	8532	227	727	9	11	0.27	-0.089	10.561	9
g	8533	242	727	9	11	0.27	-0.089	10.471	9
g	8534	257	727	9	11	0.27	-0.089	10.561	9
g	8535	272	727	9	11	0.27	-0.089	10.561	9
g	8536	287	727	9	11	0.225	-0.089	10.471	9
g	8537	302	727	9	11	0.27	-0.089	10.471	9
g	8538	317	727	9	11	0.27	-0.089	10.471	9
g	8539	332	727	9	11	0.27	-0.089	10.471	9
g	8540	347	727	9	11	0.27	-0.089	10.561	9
g	8541	2	752	9	11	0.27	-0.089	10.471	9
g	8542	17	752	9	11	0.27	-0.089	10.471	9
g	8592	32	752	9	7	0.3	2.131	8.341	9
g	8593	47	752	7	11	1.395	0.001	10.651	9
g	8594	62	752	9	7	0.435	2.131	8.341	9
g	8595	77	752	7	11	1.395	-0.179	10.471	9
g	8596	92	752	9	7	0	2.131	8.341	9
g	8597	107	752	7	11	1.395	-0.179	10.651	9
g	8598	122	752	8	8	0.885	1.516	9.211	9
g	8599	137	752	8	8	0.42	1.516	9.211	9
g	8600	152	752	8	8	0.42	1.516	9.211	9
g	8601	167	752	8	8	0.885	1.516	9.211	9
g	8617	182	752	9	9	0.3	1.156	9.331	9
g	8618	197	752	9	9	0.3	1.156	9.331	9
g	8624	212	752	8	11	0.615	0.001	10.471	9
g	8625	227	752	8	11	1.23	0.001	10.471	9
g	8626	242	752	8	11	0.615	0.001	10.471	9
g	8627	257	752	8	11	1.23	0.001	10.471	9
g	8630	272	752	9	10	0.06	0.616	9.811	9
g	8631	287	752	9	10	0.21	0.616	9.811	9
g	8634	302	752	9	11	0.39	-0.179	10.471	9
g	8635	317	752	9	11	0.39	-0.179	10.471	9
g	8644	332	752	9	11	0.3	-0.164	10.651	9
g	8646	347	752	9	11	0.3	-0.164	10.651	9
g	8706	2	777	8	11	0.99	-0.179	10.471	9
g	8710	17	777	8	11	0.69	0.001	10.471	9
g	8719	32	777	7	11	1.17	0.001	10.471	9
g	8721	47	777	8	14	0.945	-2.999	10.471	9
g	8722	62	777	8	2	0.93	4.066	5.101	9
g	8725	77	777	9	11	0.27	0.001	10.471	9
g	8730	92	777	9	11	0.36	0.001	10.471	9
g	8734	107	777	9	6	0.165	1.891	7.261	9
g	8747	122	777	8	15	0.525	-2.999	11.101	9
g	8776	137	777	8	6	0.78	2.071	7.096	9
g	8800	152	777	8	8	0.93	1.081	8.116	9
g	8804	167	777	7	9	1.275	0.001	8.896	9
g	8805	182	777	7	9	1.275	0.001	8.896	9
g	9472	197	777	11	2	-0.51	3.991	5.011	9
g	9473	212	777	11	3	-0.51	3.481	5.521	9
g	9474	227	777	2	20	3.99	-5.249	14.251	9
g	9475	242	777	3	20	3.48	-5.249	14.251	9
g	9476	257	777	9	2	0.495	3.991	5.011	9
g	9477	272	777	9	3	0.495	3.481	5.521	9
g	9478	287	777	2	18	3.99	-4.469	13.456	9
g	9479	302	777	3	18	3.48	-4.469	13.441	9
g	9480	317	777	9	2	0.285	3.991	5.011	9
g	9481	332	777	9	3	0.285	3.481	5.521	9
g	9482	347	777	2	19	3.99	-4.769	13.771	9
g	9483	2	802	3	19	3.48	-4.769	13.771	9
g	9484	17	802	6	11	3.99	-5.249	5.011	9
g	9485	32	802	6	11	3.99	-5.249	5.521	9
g	9486	47	802	7	11	3.48	-5.249	5.011	9
g	9487	62	802	7	11	3.48	-5.249	5.521	9
g	9488	77	802	6	11	-0.51	-5.249	5.011	9
g	9489	92	802	6	11	-0.51	-5.249	5.521	9
g	9490	107	802	7	11	-0.51	-5.249	5.011	9
g	9491	122	802	7	11	-0.51	-5.249	5.521	9
g	9492	137	802	6	11	3.99	3.991	14.251	9
g	9493	152	802	6	11	3.99	3.481	14.251	9
g	9494	167	802	7	11	3.48	3.991	14.251	9
g	9495	182	802	7	11	3.48	3.481	14.251	9
g	9496	197	802	6	11	-0.51	3.991	14.251	9
g	9497	212	802	6	11	-0.51	3.481	14.251	9
g	9498	227	802	7	11	-0.51	3.991	14.251	9
g	9499	242	802	7	11	-0.51	3.481	14.251	9
g	9500	257	802	6	20	3.99	-5.249	14.251	9
g	9501	272	802	6	20	3.99	-5.249	14.251	9
g	9502	287	802	7	20	3.48	-5.249	14.251	9
g	9503	302	802	7	20	3.48	-5.249	14.251	9
g	9504	317	802	7	20	3.48	-5.249	14.251	9
g	9505	332	802	7	20	3.48	-5.249	14.251	9
g	9506	347	802	7	20	3.48	-5.249	14.251	9
g	9507	2	827	7	20	3.48	-5.249	14.251	9
g	9508	17	827	6	20	-0.51	-5.249	14.251	9
g	9509	32	827	6	20	-0.51	-5.249	14.251	9
g	9510	47	827	7	20	-0.51	-5.249	14.251	9
g	9511	62	827	7	20	-0.51	-5.249	14.251	9
g	9512	77	827	7	20	-0.51	-5.249	14.251	9
g	9513	92	827	7	20	-0.51	-5.249	14.251	9
g	9514	107	827	7	20	-0.51	-5.249	14.251	9
g	9515	122	827	7	20	-0.51	-5.249	14.251	9
g	9516	137	827	11	11	-0.51	-5.249	5.011	9
g	9517	152	827	11	11	-0.51	-5.249	5.521	9
g	9518	167	827	11	11	-0.51	-5.249	5.521	9
g	9519	182	827	11	11	-0.51	-5.249	5.521	9
g	9520	197	827	11	11	-0.51	-5.249	5.011	9
g	9521	212	827	11	11	-0.51	-5.249	5.521	9
g	9522	227	827	11	11	-0.51	-5.249	5.521	9
g	9523	242	827	11	11	-0.51	-5.249	5.521	9
g	9524	257	827	11	11	-0.51	3.991	14.251	9
g	9525	272	827	11	11	-0.51	3.481	14.251	9
g	9526	287	827	11	11	-0.51	3.481	14.251	9
g	9527	302	827	11	11	-0.51	3.481	14.251	9
g	9528	317	827	11	11	-0.51	3.991	14.251	9
g	9529	332	827	11	11	-0.51	3.481	14.251	9
g	9530	347	827	11	11	-0.51	3.481	14.251	9
g	9531	2	852	11	11	-0.51	3.481	14.251	9
g	9532	17	852	11	20	-0.51	-5.249	14.251	9
g	9533	32	852	11	20	-0.51	-5.249	14.251	9
g	9534	47	852	11	20	-0.51	-5.249	14.251	9
g	9535	62	852	11	20	-0.51	-5.249	14.251	9
g	9536	77	852	11	20	-0.51	-5.249	14.251	9
g	9537	92	852	11	20	-0.51	-5.249	14.251	9
g	9538	107	852	11	20	-0.51	-5.249	14.251	9
g	9539	122	852	11	20	-0.51	-5.249	14.251	9
g	9540	137	852	11	20	-0.51	-5.249	14.251	9
g	9541	152	852	11	20	-0.51	-5.249	14.251	9
g	9542	167	852	11	20	-0.51	-5.249	14.251	9
g	9543	182	852	11	20	-0.51	-5.249	14.251	9
g	9544	197	852	11	20	-0.51	-5.249	14.251	9
g	9545	212	852	11	20	-0.51	-5.249	14.251	9
g	9546	227	852	11	20	-0.51	-5.249	14.251	9
g	9547	242	852	11	20	-0.51	-5.249	14.251	9
g	9548	257	852	7	2	1.125	3.991	5.011	9
g	9549	272	852	7	3	1.125	3.481	5.521	9
g	9550	287	852	2	13	3.99	-1.694	10.696	9
g	9551	302	852	3	13	3.48	-1.694	10.696	9
g	9552	317	852	11	4	-0.51	2.971	6.031	9
g	9553	332	852	4	20	2.97	-5.249	14.251	9
g	9554	347	852	6	12	3.99	-5.249	6.031	9
g	9555	2	877	7	11	2.97	-5.249	5.011	9
g	9556	17	877	7	12	2.97	-5.249	6.031	9
g	9557	32	877	6	12	-0.51	-5.249	6.031	9
g	9558	47	877	7	11	-0.51	-5.249	5.011	9
g	9559	62	877	7	12	-0.51	-5.249	6.031	9
g	9560	77	877	6	12	3.99	2.971	14.251	9
g	9561	92	877	7	11	2.97	3.991	14.251	9
g	9562	107	877	7	12	2.97	2.971	14.251	9
g	9563	122	877	6	12	-0.51	2.971	14.251	9
g	9564	137	877	7	11	-0.51	3.991	14.251	9
g	9565	152	877	7	12	-0.51	2.971	14.251	9
g	9566	167	877	6	20	3.99	-5.249	14.251	9
g	9567	182	877	7	20	2.97	-5.249	14.251	9
g	9568	197	877	7	20	2.97	-5.249	14.251	9
g	9569	212	877	6	20	-0.51	-5.249	14.251	9
g	9570	227	877	7	20	-0.51	-5.249	14.251	9
g	9571	242	877	7	20	-0.51	-5.249	14.251	9
g	9572	257	877	11	12	-0.51	-5.249	6.031	9
g	9573	272	877	11	11	-0.51	-5.249	5.011	9
g	9574	287	877	11	12	-0.51	-5.249	6.031	9
g	9575	302	877	11	12	-0.51	2.971	14.251	9
g	9576	317	877	11	11	-0.51	3.991	14.251	9
g	9577	332	877	11	12	-0.51	2.971	14.251	9
g	9578	347	877	11	20	-0.51	-5.249	14.251	9
g	9579	2	902	11	20	-0.51	-5.249	14.251	9
g	9580	17	902	11	20	-0.51	-5.249	14.251	9
g	9581	32	902	6	11	3.99	-5.249	5.011	9
g	9582	47	902	6	11	-0.51	-5.249	5.011	9
g	9583	62	902	6	11	-0.51	3.991	14.251	9
g	9584	77	902	6	11	3.99	3.991	14.251	9
g	9585	92	902	9	17	0	-3.749	12.751	9
g	9586	107	902	9	17	0	-3.749	12.751	9
g	9587	122	902	9	17	0	-3.749	12.751	9
g	9588	137	902	6	2	-0.51	3.991	5.011	9
g	9589	152	902	2	11	3.99	3.991	14.251	9
g	9590	167	902	6	2	3.99	3.991	5.011	9
g	9591	182	902	2	11	3.99	-5.249	5.011	9
g	9592	197	902	6	3	-0.51	3.481	5.521	9
g	9593	212	902	3	11	3.48	3.991	14.251	9
g	9594	227	902	6	3	3.99	3.481	5.521	9
g	9595	242	902	3	11	3.48	-5.249	5.011	9
g	9596	257	902	11	3	-0.51	3.481	5.521	9
g	9597	272	902	3	20	3.48	-5.249	14.251	9
g	9598	287	902	11	3	-0.51	3.481	5.521	9
g	9599	302	902	3	20	3.48	-5.249	14.251	9
g	9600	317	902	9	10	0	4.501	14.251	9
g	9601	332	902	9	3	0	-5.249	-2.819	9
g	9602	347	902	9	5	0	-5.249	-0.374	9
g	9603	2	927	9	8	0	-5.249	2.071	9
g	9604	17	927	9	10	0	-5.249	4.501	9
g	9605	32	927	9	13	0	-5.249	6.946	9
g	9606	47	927	9	15	0	-5.249	9.376	9
g	9607	62	927	9	18	0	-5.249	11.821	9
g	9608	77	927	9	20	0	-5.249	14.251	9
g	9609	92	927	8	20	0	-5.249	14.251	9
g	9610	107	927	7	20	0	-5.249	14.251	9
g	9611	122	927	6	20	0	-5.249	14.251	9
g	9612	137	927	5	20	0	-5.249	14.251	9
g	9613	152	927	4	20	0	-5.249	14.251	9
g	9614	167	927	3	20	0	-5.249	14.251	9
g	9615	182	927	2	20	0	-5.249	14.251	9
g	9616	197	927	5	20	4.5	-5.249	14.251	9
g	9617	212	927	9	19	-0.36	-4.184	14.806	9
g	9618	227	927	9	20	-0.54	-4.424	15.061	9
g	9619	242	927	10	21	-0.81	-4.694	15.466	9
g	9620	257	927	9	3	0	11.821	14.251	9
g	9621	272	927	2	20	7.875	-5.249	14.251	9
g	9622	287	927	5	10	0	-5.249	4.501	9
g	9623	302	927	5	10	4.5	-5.249	4.501	9
g	9624	317	927	5	10	0	4.501	14.251	9
g	9625	332	927	9	20	0	-5.249	14.251	9
g	9626	347	927	9	20	0	-5.249	14.251	9
g	9627	2	952	9	20	0	-5.249	14.251	9
g	9628	17	952	9	20	0	-5.249	14.251	9
g	9629	32	952	5	10	4.5	4.501	14.251	9
g	9630	47	952	9	20	0	-5.249	14.251	9
g	9631	62	952	9	20	0	-5.249	14.251	9
g	9674	77	952	8	11	0.63	0.001	10.471	9
g	10003	92	952	9	11	0.69	0.001	10.681	9
g	10060	107	952	8	11	0.75	0.226	10.246	9
g	11022	122	952	9	8	0.39	1.516	8.971	9.001
g	11023	137	952	9	8	0.39	1.966	9.421	9.001
g	11024	152	952	9	8	0.435	1.516	8.971	9.001
g	11025	167	952	9	8	0.435	1.966	9.421	9.001
g	63191	182	952	5	5	-2.34	8.956	13.576	0
g	63192	197	952	5	5	-2.34	8.956	13.576	0
g	64257	212	952	8	12	0.57	0.001	11.221	9
g	64258	227	952	7	12	0.57	0.001	11.101	9
