atlas	1024	1024	14	14.35	3.85	18.2
g	13	5	19	0	0	0	0	0	4	0
g	32	22	19	0	0	0	0	0	4	0
g	33	42	9	3	11	3	-1	10	8	0
g	34	58	8	4	5	2	6	11	8	0
g	35	73	9	9	10	0	0	10	8	0
g	36	90	7	8	14	0	-2	12	8	0
g	37	107	9	9	11	0	-1	10	8	0
g	38	124	9	9	11	0	-1	10	8	0
g	39	144	8	2	5	3	6	11	8	0
g	40	160	8	5	13	2	-2	11	8	0
g	41	176	8	5	13	1	-2	11	8	0
g	42	192	11	8	7	0	1	8	8	0
g	43	209	11	8	8	0	0	8	8	0
g	44	228	17	4	4	2	-2	2	8	0
g	45	245	14	5	2	2	3	5	8	0
g	46	263	17	3	3	3	-1	2	8	0
g	47	278	8	7	13	1	-2	11	8	0
g	48	294	9	8	11	0	-1	10	8	0
g	49	311	9	8	10	0	0	10	8	0
g	50	328	9	8	10	0	0	10	8	0
g	51	345	9	8	11	0	-1	10	8	0
g	52	362	9	8	10	0	0	10	8	0
g	53	380	9	7	11	1	-1	10	8	0
g	54	396	9	8	11	0	-1	10	8	0
g	55	413	9	8	10	0	0	10	8	0
g	56	430	9	8	11	0	-1	10	8	0
g	57	447	9	8	10	0	0	10	8	0
g	58	467	11	3	9	3	-1	8	8	0
g	59	483	11	4	10	2	-2	8	8	0
g	60	499	10	7	9	1	0	9	8	0
g	61	515	12	8	5	0	2	7	8	0
g	62	533	10	7	9	1	0	9	8	0
g	63	550	9	7	11	1	-1	10	8	0
g	64	566	9	8	12	0	-2	10	8	0
g	65	583	9	8	10	0	0	10	8	0
g	66	601	9	7	10	1	0	10	8	0
g	67	617	9	8	11	0	-1	10	8	0
g	68	635	9	7	10	1	0	10	8	0
g	69	652	9	7	10	1	0	10	8	0
g	70	669	9	7	10	1	0	10	8	0
g	71	685	9	8	11	0	-1	10	8	0
g	72	703	9	7	10	1	0	10	8	0
g	73	720	9	7	10	1	0	10	8	0
g	74	737	9	6	11	1	-1	10	8	0
g	75	754	9	8	10	1	0	10	8	0
g	76	771	9	7	10	1	0	10	8	0
g	77	787	9	8	10	0	0	10	8	0
g	78	805	9	7	10	1	0	10	8	0
g	79	5	35	8	11	0	-1	10	8	0
g	80	23	35	7	10	1	0	10	8	0
g	81	39	35	8	13	0	-3	10	8	0
g	82	57	35	7	10	1	0	10	8	0
g	83	73	35	8	11	0	-1	10	8	0
g	84	90	35	9	10	0	0	10	8	0
g	85	108	35	7	11	1	-1	10	8	0
g	86	124	35	8	10	0	0	10	8	0
g	87	141	35	8	10	0	0	10	8	0
g	88	158	35	9	10	0	0	10	8	0
g	89	175	35	9	10	0	0	10	8	0
g	90	192	35	8	10	0	0	10	8	0
g	91	212	34	5	13	3	-2	11	8	0
g	92	227	34	7	13	1	-2	11	8	0
g	93	244	34	5	13	1	-2	11	8	0
g	94	260	35	8	6	0	4	10	8	0
g	95	277	46	8	2	0	-3	-1	8	0
g	96	296	34	3	3	2	8	11	8	0
g	97	311	37	8	9	0	-1	8	8	0
g	98	329	34	7	12	1	-1	11	8	0
g	99	346	37	7	9	1	-1	8	8	0
g	100	362	34	8	12	0	-1	11	8	0
g	101	379	37	8	9	0	-1	8	8	0
g	102	397	34	7	11	1	0	11	8	0
g	103	413	36	8	12	0	-3	9	8	0
g	104	431	34	7	11	1	0	11	8	0
g	105	448	34	7	11	1	0	11	8	0
g	106	465	34	6	14	1	-3	11	8	0
g	107	482	34	8	11	1	0	11	8	0
g	108	499	34	7	11	1	0	11	8	0
g	109	515	37	8	8	0	0	8	8	0
g	110	533	37	7	8	1	0	8	8	0
g	111	549	37	8	9	0	-1	8	8	0
g	112	567	37	7	11	1	-3	8	8	0
g	113	583	37	8	11	0	-3	8	8	0
g	114	601	37	7	8	1	0	8	8	0
g	115	617	37	8	9	0	-1	8	8	0
g	116	634	35	8	10	0	0	10	8	0
g	117	652	37	7	9	1	-1	8	8	0
g	118	668	37	8	8	0	0	8	8	0
g	119	685	37	8	8	0	0	8	8	0
g	120	702	37	8	8	0	0	8	8	0
g	121	719	37	8	11	0	-3	8	8	0
g	122	737	37	7	8	1	0	8	8	0
g	123	754	34	6	13	1	-2	11	8	0
g	124	773	34	2	13	3	-2	11	8	0
g	125	788	34	6	13	1	-2	11	8	0
g	126	804	39	8	4	0	2	6	8	0
g	160	5	71	0	0	0	0	0	8	0
g	161	25	63	3	11	3	-3	8	8	0
g	162	40	62	7	11	1	-2	9	8	0
g	163	56	61	8	10	0	0	10	8	0
g	164	74	61	7	10	1	0	10	8	0
g	165	90	61	9	10	0	0	10	8	0
g	166	110	60	2	13	3	-2	11	8	0
g	167	125	61	7	13	1	-3	10	8	0
g	168	143	60	5	3	2	8	11	8	0
g	169	158	61	9	10	0	0	10	8	0
g	170	176	61	6	6	1	4	10	8	0
g	171	193	64	7	7	1	0	7	8	0
g	172	209	66	8	4	0	1	5	8	0
g	174	227	61	6	6	1	4	10	8	0
g	175	245	61	5	2	2	8	10	8	0
g	176	261	61	6	5	1	5	10	8	0
g	177	277	62	8	9	0	0	9	8	0
g	178	296	61	5	6	2	4	10	8	0
g	179	313	61	5	6	2	4	10	8	0
g	180	331	60	3	3	3	8	11	8	0
g	181	346	63	7	11	1	-3	8	8	0
g	182	362	61	8	13	0	-3	10	8	0
g	183	382	65	3	3	3	3	6	8	0
g	184	398	70	4	4	2	-3	1	8	0
g	185	415	61	5	6	2	4	10	8	0
g	186	431	61	6	6	1	4	10	8	0
g	187	447	64	8	7	0	0	7	8	0
g	188	464	61	9	10	0	0	10	8	0
g	189	481	61	9	10	0	0	10	8	0
g	190	498	61	9	10	0	0	10	8	0
g	191	516	63	7	11	1	-3	8	8	0
g	192	532	57	8	14	0	0	14	8	0
g	193	549	57	8	14	0	0	14	8	0
g	194	566	57	8	14	0	0	14	8	0
g	195	583	58	8	13	0	0	13	8	0
g	196	600	58	8	13	0	0	13	8	0
g	197	617	57	8	14	0	0	14	8	0
g	198	634	61	8	10	0	0	10	8	0
g	199	651	61	8	13	0	-3	10	8	0
g	200	669	57	7	14	1	0	14	8	0
g	201	686	57	7	14	1	0	14	8	0
g	202	703	57	7	14	1	0	14	8	0
g	203	720	58	7	13	1	0	13	8	0
g	204	737	57	7	14	1	0	14	8	0
g	205	754	57	7	14	1	0	14	8	0
g	206	771	57	7	14	1	0	14	8	0
g	207	788	58	7	13	1	0	13	8	0
g	208	804	61	8	10	0	0	10	8	0
g	209	6	84	7	13	1	0	13	8	0
g	210	22	83	8	15	0	-1	14	8	0
g	211	39	83	8	15	0	-1	14	8	0
g	212	56	83	8	15	0	-1	14	8	0
g	213	73	84	8	14	0	-1	13	8	0
g	214	90	84	8	14	0	-1	13	8	0
g	215	108	89	7	7	1	1	8	8	0
g	216	124	86	8	12	0	-1	11	8	0
g	217	142	83	7	15	1	-1	14	8	0
g	218	159	83	7	15	1	-1	14	8	0
g	219	176	83	7	15	1	-1	14	8	0
g	220	193	84	7	14	1	-1	13	8	0
g	221	209	83	9	14	0	0	14	8	0
g	222	227	87	7	10	1	0	10	8	0
g	223	244	86	8	14	1	-3	11	8	0
g	224	260	86	8	12	0	-1	11	8	0
g	225	277	86	8	12	0	-1	11	8	0
g	226	294	86	8	12	0	-1	11	8	0
g	227	311	86	8	12	0	-1	11	8	0
g	228	328	86	8	12	0	-1	11	8	0
g	229	345	85	8	13	0	-1	12	8	0
g	230	362	89	9	9	0	-1	8	8	0
g	231	380	89	7	11	1	-3	8	8	0
g	232	396	86	8	12	0	-1	11	8	0
g	233	413	86	8	12	0	-1	11	8	0
g	234	430	86	8	12	0	-1	11	8	0
g	235	447	86	8	12	0	-1	11	8	0
g	236	465	86	7	11	1	0	11	8	0
g	237	482	86	7	11	1	0	11	8	0
g	238	499	86	7	11	1	0	11	8	0
g	239	516	86	7	11	1	0	11	8	0
g	240	532	86	8	12	0	-1	11	8	0
g	241	550	86	7	11	1	0	11	8	0
g	242	566	86	8	12	0	-1	11	8	0
g	243	583	86	8	12	0	-1	11	8	0
g	244	600	86	8	12	0	-1	11	8	0
g	245	617	86	8	12	0	-1	11	8	0
g	246	634	86	8	12	0	-1	11	8	0
g	247	651	89	8	8	0	0	8	8	0
g	248	668	89	8	9	0	-1	8	8	0
g	249	686	86	7	12	1	-1	11	8	0
g	250	703	86	7	12	1	-1	11	8	0
g	251	720	86	7	12	1	-1	11	8	0
g	252	737	86	7	12	1	-1	11	8	0
g	253	753	86	8	14	0	-3	11	8	0
g	254	771	86	7	14	1	-3	11	8	0
g	255	787	86	8	14	0	-3	11	8	0
g	256	804	84	8	13	0	0	13	8	0
g	257	5	113	8	11	0	-1	10	8	0
g	258	22	109	8	14	0	0	14	8	0
g	259	39	112	8	12	0	-1	11	8	0
g	260	56	113	9	13	0	-3	10	8	0
g	261	73	115	8	11	0	-3	8	8	0
g	262	90	109	8	15	0	-1	14	8	0
g	263	108	112	7	12	1	-1	11	8	0
g	264	124	109	8	15	0	-1	14	8	0
g	265	142	112	7	12	1	-1	11	8	0
g	266	158	110	8	14	0	-1	13	8	0
g	267	176	112	7	12	1	-1	11	8	0
g	268	192	109	8	15	0	-1	14	8	0
g	269	210	112	7	12	1	-1	11	8	0
g	270	227	109	7	14	1	0	14	8	0
g	271	243	112	10	12	0	-1	11	8	0
g	272	260	113	8	10	0	0	10	8	0
g	273	277	112	8	12	0	-1	11	8	0
g	274	295	110	7	13	1	0	13	8	0
g	275	311	113	8	11	0	-1	10	8	0
g	276	329	109	7	14	1	0	14	8	0
g	277	345	112	8	12	0	-1	11	8	0
g	278	363	110	7	13	1	0	13	8	0
g	279	379	112	8	12	0	-1	11	8	0
g	280	397	113	7	13	1	-3	10	8	0
g	281	413	115	8	11	0	-3	8	8	0
g	282	431	109	7	14	1	0	14	8	0
g	283	447	112	8	12	0	-1	11	8	0
g	284	464	109	8	15	0	-1	14	8	0
g	285	481	112	8	14	0	-3	11	8	0
g	286	498	109	8	15	0	-1	14	8	0
g	287	515	112	8	14	0	-3	11	8	0
g	288	532	110	8	14	0	-1	13	8	0
g	289	549	112	8	14	0	-3	11	8	0
g	290	566	113	8	14	0	-4	10	8	0
g	291	583	112	8	14	0	-3	11	8	0
g	292	601	109	7	14	1	0	14	8	0
g	293	616	109	9	14	-1	0	14	8	0
g	294	634	113	9	10	0	0	10	8	0
g	295	651	112	8	11	0	0	11	8	0
g	296	669	110	7	13	1	0	13	8	0
g	297	686	112	7	11	1	0	11	8	0
g	298	703	110	7	13	1	0	13	8	0
g	299	720	113	7	10	1	0	10	8	0
g	300	737	109	7	14	1	0	14	8	0
g	301	754	112	7	11	1	0	11	8	0
g	302	771	113	7	13	1	-3	10	8	0
g	303	788	112	7	14	1	-3	11	8	0
g	304	805	110	7	13	1	0	13	8	0
g	305	6	141	7	8	1	0	8	8	0
g	306	23	139	7	11	1	-1	10	8	0
g	307	40	138	7	14	1	-3	11	8	0
g	308	57	135	6	15	1	-1	14	8	0
g	309	74	138	7	14	1	-3	11	8	0
g	310	91	139	8	14	1	-4	10	8	0
g	311	108	138	8	15	1	-4	11	8	0
g	312	125	141	8	8	1	0	8	8	0
g	313	142	135	7	14	1	0	14	8	0
g	314	159	135	7	14	1	0	14	8	0
g	315	176	139	7	14	1	-4	10	8	0
g	316	193	138	7	15	1	-4	11	8	0
g	317	210	138	7	11	1	0	11	8	0
g	318	227	138	7	11	1	0	11	8	0
g	319	244	139	7	10	1	0	10	8	0
g	320	261	138	8	11	1	0	11	8	0
g	321	277	139	8	10	0	0	10	8	0
g	322	295	138	7	11	1	0	11	8	0
g	323	312	135	7	14	1	0	14	8	0
g	324	329	138	7	11	1	0	11	8	0
g	325	346	139	7	14	1	-4	10	8	0
g	326	363	141	7	12	1	-4	8	8	0
g	327	380	135	7	14	1	0	14	8	0
g	328	397	138	7	11	1	0	11	8	0
g	329	413	138	8	11	0	0	11	8	0
g	330	431	139	7	13	1	-3	10	8	0
g	331	448	141	7	11	1	-3	8	8	0
g	332	464	136	8	14	0	-1	13	8	0
g	333	481	139	8	11	0	-1	10	8	0
g	334	498	135	8	15	0	-1	14	8	0
g	335	515	138	8	12	0	-1	11	8	0
g	336	532	135	8	15	0	-1	14	8	0
g	337	549	138	8	12	0	-1	11	8	0
g	338	566	139	8	10	0	0	10	8	0
g	339	583	141	9	9	0	-1	8	8	0
g	340	601	135	7	14	1	0	14	8	0
g	341	618	138	7	11	1	0	11	8	0
g	342	635	139	7	14	1	-4	10	8	0
g	343	652	141	7	12	1	-4	8	8	0
g	344	669	135	7	14	1	0	14	8	0
g	345	686	138	7	11	1	0	11	8	0
g	346	702	135	8	15	0	-1	14	8	0
g	347	719	138	8	12	0	-1	11	8	0
g	348	736	135	8	15	0	-1	14	8	0
g	349	753	138	8	12	0	-1	11	8	0
g	350	770	139	8	13	0	-3	10	8	0
g	351	787	141	8	11	0	-3	8	8	0
g	352	804	135	8	15	0	-1	14	8	0
g	353	5	164	8	12	0	-1	11	8	0
g	354	22	165	9	13	0	-3	10	8	0
g	355	39	165	8	13	0	-3	10	8	0
g	356	56	161	9	14	0	0	14	8	0
g	357	73	164	8	11	0	0	11	8	0
g	358	90	165	9	10	0	0	10	8	0
g	359	107	165	8	10	0	0	10	8	0
g	360	125	162	7	14	1	-1	13	8	0
g	361	142	164	7	12	1	-1	11	8	0
g	362	159	162	7	14	1	-1	13	8	0
g	363	176	165	7	11	1	-1	10	8	0
g	364	193	161	7	15	1	-1	14	8	0
g	365	210	164	7	12	1	-1	11	8	0
g	366	227	161	7	15	1	-1	14	8	0
g	367	244	163	7	13	1	-1	12	8	0
g	368	261	161	7	15	1	-1	14	8	0
g	369	278	164	7	12	1	-1	11	8	0
g	370	295	165	7	13	1	-3	10	8	0
g	371	312	167	7	11	1	-3	8	8	0
g	372	328	161	8	14	0	0	14	8	0
g	373	345	164	8	11	0	0	11	8	0
g	374	362	161	9	14	0	0	14	8	0
g	375	379	164	8	14	0	-3	11	8	0
g	376	396	162	9	13	0	0	13	8	0
g	377	413	161	8	14	0	0	14	8	0
g	378	431	164	7	11	1	0	11	8	0
g	379	447	162	8	13	0	0	13	8	0
g	380	465	164	7	11	1	0	11	8	0
g	381	481	161	8	14	0	0	14	8	0
g	382	499	164	7	11	1	0	11	8	0
g	383	516	164	7	11	1	0	11	8	0
g	399	532	165	8	11	0	-1	10	8	0
g	402	548	165	10	13	-1	-3	10	8	0
g	416	566	163	8	13	0	-1	12	8	0
g	417	583	166	8	10	0	-1	9	8	0
g	431	601	163	8	13	1	-1	12	8	0
g	432	618	166	8	10	1	-1	9	8	0
g	461	634	161	8	14	0	0	14	8	0
g	462	651	164	8	12	0	-1	11	8	0
g	463	669	161	7	14	1	0	14	8	0
g	464	686	164	7	11	1	0	11	8	0
g	465	702	161	8	15	0	-1	14	8	0
g	466	719	164	8	12	0	-1	11	8	0
g	467	737	161	7	15	1	-1	14	8	0
g	468	754	164	7	12	1	-1	11	8	0
g	469	771	161	7	15	1	-1	14	8	0
g	470	788	163	7	13	1	-1	12	8	0
g	471	805	159	7	17	1	-1	16	8	0
g	472	6	188	7	14	1	-1	13	8	0
g	473	23	185	7	17	1	-1	16	8	0
g	474	40	188	7	14	1	-1	13	8	0
g	475	57	185	7	17	1	-1	16	8	0
g	476	74	188	7	14	1	-1	13	8	0
g	506	90	185	8	16	0	0	16	8	0
g	507	107	187	8	15	0	-1	14	8	0
g	508	124	187	8	14	0	0	14	8	0
g	509	141	190	9	12	0	-1	11	8	0
g	510	158	187	8	15	0	-1	14	8	0
g	511	175	190	8	12	0	-1	11	8	0
g	536	192	191	8	14	0	-4	10	8	0
g	537	209	193	8	12	0	-4	8	8	0
g	538	226	191	9	14	0	-4	10	8	0
g	539	243	191	8	14	0	-4	10	8	0
g	567	261	193	6	11	1	-3	8	8	0
g	601	277	193	8	9	0	-1	8	8	0
g	699	297	190	3	3	3	8	11	8	0
g	700	313	190	3	4	2	7	11	8	0
g	710	329	190	6	3	1	8	11	8	0
g	711	346	190	6	3	1	8	11	8	0
g	728	363	190	6	3	1	8	11	8	0
g	729	382	190	3	3	3	8	11	8	0
g	730	398	189	4	4	2	8	12	8	0
g	731	414	200	4	4	1	-3	1	8	0
g	732	431	190	6	3	1	8	11	8	0
g	733	449	190	5	3	2	8	11	8	0
g	768	462	190	3	3	-2	8	11	0	0
g	769	480	190	3	3	-1	8	11	0	0
g	770	495	190	6	3	-3	8	11	0	0
g	771	512	190	6	3	-3	8	11	0	0
g	772	530	191	4	2	-2	8	10	0	0
g	774	546	190	6	3	-3	8	11	0	0
g	775	565	190	2	3	-1	8	11	0	0
g	776	580	190	6	3	-3	8	11	0	0
g	777	598	190	4	3	-2	8	11	0	0
g	778	615	189	4	4	-2	8	12	0	0
g	779	632	190	5	3	-2	8	11	0	0
g	780	648	190	6	3	-3	8	11	0	0
g	786	667	190	3	3	-1	8	11	0	0
g	789	685	190	2	4	0	7	11	0	0
g	795	700	192	4	3	-2	6	9	0	0
g	803	718	201	2	3	-1	-3	0	0	0
g	806	734	201	3	4	-2	-4	0	0	0
g	807	751	200	4	4	-2	-3	1	0	0
g	808	767	200	4	4	-3	-3	1	0	0
g	960	787	193	8	8	0	0	8	8	0
g	1024	805	187	7	14	1	0	14	8	0
g	1025	6	214	7	13	1	0	13	8	0
g	1026	22	217	8	13	0	-3	10	8	0
g	1027	40	213	7	14	1	0	14	8	0
g	1028	56	217	8	11	0	-1	10	8	0
g	1029	73	217	8	11	0	-1	10	8	0
g	1030	91	217	7	10	1	0	10	8	0
g	1031	108	214	7	13	1	0	13	8	0
g	1032	125	217	6	11	1	-1	10	8	0
g	1033	140	217	10	10	-1	0	10	8	0
g	1034	158	217	9	10	0	0	10	8	0
g	1035	175	217	8	10	0	0	10	8	0
g	1036	193	213	7	14	1	0	14	8	0
g	1037	210	213	7	14	1	0	14	8	0
g	1038	226	213	8	14	0	0	14	8	0
g	1039	244	217	7	13	1	-3	10	8	0
g	1040	260	217	8	10	0	0	10	8	0
g	1041	278	217	7	10	1	0	10	8	0
g	1042	295	217	7	10	1	0	10	8	0
g	1043	312	217	7	10	1	0	10	8	0
g	1044	328	217	9	13	0	-3	10	8	0
g	1045	346	217	7	10	1	0	10	8	0
g	1046	362	217	9	10	0	0	10	8	0
g	1047	379	217	8	11	0	-1	10	8	0
g	1048	397	217	7	10	1	0	10	8	0
g	1049	414	213	7	14	1	0	14	8	0
g	1050	431	217	7	10	1	0	10	8	0
g	1051	447	217	8	10	0	0	10	8	0
g	1052	464	217	8	10	0	0	10	8	0
g	1053	482	217	7	10	1	0	10	8	0
g	1054	498	217	8	11	0	-1	10	8	0
g	1055	516	217	7	10	1	0	10	8	0
g	1056	533	217	7	10	1	0	10	8	0
g	1057	549	217	8	11	0	-1	10	8	0
g	1058	566	217	9	10	0	0	10	8	0
g	1059	583	217	8	10	0	0	10	8	0
g	1060	600	216	9	12	0	-1	11	8	0
g	1061	617	217	9	10	0	0	10	8	0
g	1062	635	217	8	13	1	-3	10	8	0
g	1063	651	217	8	10	0	0	10	8	0
g	1064	668	217	8	10	0	0	10	8	0
g	1065	685	217	9	13	0	-3	10	8	0
g	1066	702	217	9	10	0	0	10	8	0
g	1067	719	217	8	10	0	0	10	8	0
g	1068	737	217	7	10	1	0	10	8	0
g	1069	753	217	8	11	0	-1	10	8	0
g	1070	770	217	8	11	0	-1	10	8	0
g	1071	787	217	8	10	0	0	10	8	0
g	1072	804	219	8	9	0	-1	8	8	0
g	1073	5	242	8	12	0	-1	11	8	0
g	1074	23	245	7	8	1	0	8	8	0
g	1075	40	245	7	8	1	0	8	8	0
g	1076	56	245	8	10	0	-2	8	8	0
g	1077	73	245	8	9	0	-1	8	8	0
g	1078	90	245	8	8	0	0	8	8	0
g	1079	107	245	7	9	0	-1	8	8	0
g	1080	125	245	7	8	1	0	8	8	0
g	1081	142	242	7	11	1	0	11	8	0
g	1082	159	245	7	8	1	0	8	8	0
g	1083	175	245	7	8	0	0	8	8	0
g	1084	193	245	7	8	1	0	8	8	0
g	1085	210	245	7	8	1	0	8	8	0
g	1086	226	245	8	9	0	-1	8	8	0
g	1087	244	245	7	8	1	0	8	8	0
g	1088	261	245	7	11	1	-3	8	8	0
g	1089	278	245	7	9	1	-1	8	8	0
g	1090	294	245	8	8	0	0	8	8	0
g	1091	311	245	8	11	0	-3	8	8	0
g	1092	328	243	8	13	0	-3	10	8	0
g	1093	345	245	8	8	0	0	8	8	0
g	1094	363	245	7	10	1	-2	8	8	0
g	1095	380	245	6	8	1	0	8	8	0
g	1096	396	245	8	8	0	0	8	8	0
g	1097	413	245	9	10	0	-2	8	8	0
g	1098	430	245	8	8	0	0	8	8	0
g	1099	447	245	8	8	0	0	8	8	0
g	1100	465	245	7	8	1	0	8	8	0
g	1101	482	245	7	9	1	-1	8	8	0
g	1102	498	245	8	9	0	-1	8	8	0
g	1103	515	245	7	8	0	0	8	8	0
g	1104	532	242	8	12	0	-1	11	8	0
g	1105	549	242	8	12	0	-1	11	8	0
g	1106	566	242	8	14	0	-3	11	8	0
g	1107	584	242	7	11	1	0	11	8	0
g	1108	601	245	7	9	1	-1	8	8	0
g	1109	617	245	8	9	0	-1	8	8	0
g	1110	635	242	7	11	1	0	11	8	0
g	1111	652	242	7	11	1	0	11	8	0
g	1112	669	242	6	14	1	-3	11	8	0
g	1113	685	245	9	8	0	0	8	8	0
g	1114	702	245	9	8	0	0	8	8	0
g	1115	719	242	8	11	0	0	11	8	0
g	1116	737	242	7	11	1	0	11	8	0
g	1117	754	242	7	11	1	0	11	8	0
g	1118	770	242	8	14	0	-3	11	8	0
g	1119	788	245	7	10	1	-2	8	8	0
g	1138	804	243	8	11	0	-1	10	8	0
g	1139	5	271	8	9	0	-1	8	8	0
g	1168	23	267	7	12	1	0	12	8	0
g	1169	40	269	7	10	1	0	10	8	0
g	1170	56	269	8	10	0	0	10	8	0
g	1171	73	271	8	8	0	0	8	8	0
g	1172	91	269	7	13	1	-3	10	8	0
g	1173	108	271	7	11	1	-3	8	8	0
g	1174	123	269	10	13	-1	-3	10	8	0
g	1175	141	271	9	10	0	-2	8	8	0
g	1176	158	269	8	13	0	-3	10	8	0
g	1177	175	271	7	10	0	-2	8	8	0
g	1178	193	269	7	13	1	-3	10	8	0
g	1179	210	271	7	10	1	-2	8	8	0
g	1180	226	269	8	10	0	0	10	8	0
g	1181	244	271	7	8	1	0	8	8	0
g	1184	260	269	9	10	0	0	10	8	0
g	1185	277	271	8	8	0	0	8	8	0
g	1186	295	269	8	13	1	-3	10	8	0
g	1187	312	271	7	10	1	-2	8	8	0
g	1188	328	269	9	10	0	0	10	8	0
g	1189	345	271	9	8	0	0	8	8	0
g	1194	362	269	8	13	0	-3	10	8	0
g	1195	380	271	7	10	1	-2	8	8	0
g	1198	396	269	9	10	0	0	10	8	0
g	1199	413	271	8	11	0	-3	8	8	0
g	1200	430	269	9	10	0	0	10	8	0
g	1201	447	271	8	11	0	-3	8	8	0
g	1202	464	269	9	13	0	-3	10	8	0
g	1203	481	271	9	10	0	-2	8	8	0
g	1206	498	269	9	13	0	-3	10	8	0
g	1207	516	271	7	10	1	-2	8	8	0
g	1208	532	269	8	10	0	0	10	8	0
g	1209	550	271	6	8	1	0	8	8	0
g	1210	567	269	7	10	1	0	10	8	0
g	1211	584	268	7	11	1	0	11	8	0
g	1216	601	269	7	10	1	0	10	8	0
g	1217	617	265	9	14	0	0	14	8	0
g	1218	634	268	8	11	0	0	11	8	0
g	1231	652	268	7	11	1	0	11	8	0
g	1232	668	265	8	14	0	0	14	8	0
g	1233	685	268	8	12	0	-1	11	8	0
g	1234	702	266	8	13	0	0	13	8	0
g	1235	719	268	8	12	0	-1	11	8	0
g	1236	736	269	8	10	0	0	10	8	0
g	1237	753	271	9	9	0	-1	8	8	0
g	1238	771	265	7	14	1	0	14	8	0
g	1239	787	268	8	12	0	-1	11	8	0
g	1240	804	269	8	11	0	-1	10	8	0
g	1241	5	297	8	9	0	-1	8	8	0
g	1244	22	292	9	13	0	0	13	8	0
g	1245	39	294	8	11	0	0	11	8	0
g	1246	56	292	8	14	0	-1	13	8	0
g	1247	73	294	7	12	0	-1	11	8	0
g	1250	91	292	7	13	1	0	13	8	0
g	1251	108	295	7	10	1	0	10	8	0
g	1252	125	292	7	13	1	0	13	8	0
g	1253	142	294	7	11	1	0	11	8	0
g	1254	158	292	8	14	0	-1	13	8	0
g	1255	175	294	8	12	0	-1	11	8	0
g	1256	192	295	8	11	0	-1	10	8	0
g	1257	209	297	8	9	0	-1	8	8	0
g	1262	226	292	8	13	0	0	13	8	0
g	1263	243	295	8	13	0	-3	10	8	0
g	1264	260	292	8	13	0	0	13	8	0
g	1265	277	294	8	14	0	-3	11	8	0
g	1266	294	291	8	14	0	0	14	8	0
g	1267	311	294	8	14	0	-3	11	8	0
g	1268	328	292	8	13	0	0	13	8	0
g	1269	346	294	6	11	1	0	11	8	0
g	1272	362	292	8	13	0	0	13	8	0
g	1273	379	294	8	11	0	0	11	8	0
g	3647	397	293	7	14	1	-2	12	8	0
g	7808	413	291	8	14	0	0	14	8	0
g	7809	430	294	8	11	0	0	11	8	0
g	7810	447	291	8	14	0	0	14	8	0
g	7811	464	294	8	11	0	0	11	8	0
g	7812	481	292	8	13	0	0	13	8	0
g	7813	498	294	8	11	0	0	11	8	0
g	7838	515	295	9	11	0	-1	10	8	0
g	7840	532	295	8	13	0	-3	10	8	0
g	7841	549	297	8	11	0	-3	8	8	0
g	7842	566	291	8	14	0	0	14	8	0
g	7843	583	294	8	12	0	-1	11	8	0
g	7844	600	289	8	16	0	0	16	8	0
g	7845	617	292	8	14	0	-1	13	8	0
g	7846	634	289	8	16	0	0	16	8	0
g	7847	651	292	8	14	0	-1	13	8	0
g	7848	668	290	8	15	0	0	15	8	0
g	7849	685	292	8	14	0	-1	13	8	0
g	7850	702	290	8	15	0	0	15	8	0
g	7851	719	292	8	14	0	-1	13	8	0
g	7852	736	291	8	17	0	-3	14	8	0
g	7853	753	294	8	14	0	-3	11	8	0
g	7854	770	290	8	15	0	0	15	8	0
g	7855	787	292	8	14	0	-1	13	8	0
g	7856	804	290	8	15	0	0	15	8	0
g	7857	5	318	8	14	0	-1	13	8	0
g	7858	22	316	8	15	0	0	15	8	0
g	7859	39	318	8	14	0	-1	13	8	0
g	7860	56	316	8	15	0	0	15	8	0
g	7861	73	318	8	14	0	-1	13	8	0
g	7862	90	317	8	17	0	-3	14	8	0
g	7863	107	320	8	14	0	-3	11	8	0
g	7864	125	321	7	13	1	-3	10	8	0
g	7865	141	323	8	11	0	-3	8	8	0
g	7866	159	317	7	14	1	0	14	8	0
g	7867	175	320	8	12	0	-1	11	8	0
g	7868	193	318	7	13	1	0	13	8	0
g	7869	209	320	8	12	0	-1	11	8	0
g	7870	227	315	7	16	1	0	16	8	0
g	7871	243	318	8	14	0	-1	13	8	0
g	7872	260	315	8	16	0	0	16	8	0
g	7873	277	318	8	14	0	-1	13	8	0
g	7874	295	316	7	15	1	0	15	8	0
g	7875	311	318	8	14	0	-1	13	8	0
g	7876	329	316	7	15	1	0	15	8	0
g	7877	345	318	8	14	0	-1	13	8	0
g	7878	363	317	7	17	1	-3	14	8	0
g	7879	379	320	8	14	0	-3	11	8	0
g	7880	397	317	7	14	1	0	14	8	0
g	7881	414	320	7	11	1	0	11	8	0
g	7882	431	321	7	13	1	-3	10	8	0
g	7883	448	320	7	14	1	-3	11	8	0
g	7884	464	321	8	13	0	-3	10	8	0
g	7885	481	323	8	11	0	-3	8	8	0
g	7886	498	317	8	15	0	-1	14	8	0
g	7887	515	320	8	12	0	-1	11	8	0
g	7888	532	315	8	17	0	-1	16	8	0
g	7889	549	318	8	14	0	-1	13	8	0
g	7890	566	315	8	17	0	-1	16	8	0
g	7891	583	318	8	14	0	-1	13	8	0
g	7892	600	316	8	16	0	-1	15	8	0
g	7893	617	318	8	14	0	-1	13	8	0
g	7894	634	316	8	16	0	-1	15	8	0
g	7895	651	318	8	14	0	-1	13	8	0
g	7896	668	317	8	17	0	-3	14	8	0
g	7897	685	320	8	14	0	-3	11	8	0
g	7898	702	317	8	15	0	-1	14	8	0
g	7899	719	320	8	12	0	-1	11	8	0
g	7900	736	317	8	15	0	-1	14	8	0
g	7901	753	320	8	12	0	-1	11	8	0
g	7902	770	317	8	15	0	-1	14	8	0
g	7903	787	320	8	12	0	-1	11	8	0
g	7904	804	318	8	14	0	-1	13	8	0
g	7905	5	346	8	12	0	-1	11	8	0
g	7906	22	345	8	15	0	-3	12	8	0
g	7907	39	348	8	12	0	-3	9	8	0
g	7908	57	347	7	13	1	-3	10	8	0
g	7909	74	349	7	11	1	-3	8	8	0
g	7910	91	343	7	15	1	-1	14	8	0
g	7911	108	346	7	12	1	-1	11	8	0
g	7912	125	343	8	15	1	-1	14	8	0
g	7913	142	346	8	12	1	-1	11	8	0
g	7914	159	343	8	15	1	-1	14	8	0
g	7915	176	346	8	12	1	-1	11	8	0
g	7916	193	343	8	15	1	-1	14	8	0
g	7917	210	346	8	12	1	-1	11	8	0
g	7918	227	344	8	14	1	-1	13	8	0
g	7919	244	346	8	12	1	-1	11	8	0
g	7920	261	345	8	15	1	-3	12	8	0
g	7921	278	348	8	12	1	-3	9	8	0
g	7922	294	343	9	14	0	0	14	8	0
g	7923	311	346	8	14	0	-3	11	8	0
g	7924	328	347	9	13	0	-3	10	8	0
g	7925	345	349	8	11	0	-3	8	8	0
g	7926	362	343	9	14	0	0	14	8	0
g	7927	379	346	8	14	0	-3	11	8	0
g	7928	396	344	9	13	0	0	13	8	0
g	7929	413	346	8	14	0	-3	11	8	0
g	8211	430	352	8	2	0	3	5	8	0
g	8212	447	352	9	2	0	3	5	8	0
g	8216	466	346	4	5	2	6	11	8	0
g	8217	484	346	3	5	3	6	11	8	0
g	8218	500	355	4	4	2	-2	2	8	0
g	8220	516	346	7	5	1	6	11	8	0
g	8221	533	346	7	5	1	6	11	8	0
g	8222	550	355	7	4	1	-2	2	8	0
g	8224	566	346	8	14	0	-3	11	8	0
g	8225	583	346	8	14	0	-3	11	8	0
g	8226	602	351	4	4	2	2	6	8	0
g	8230	617	355	8	3	0	-1	2	8	0
g	8240	634	347	9	11	0	-1	10	8	0
g	8242	654	347	3	5	3	5	10	8	0
g	8243	670	347	5	5	2	5	10	8	0
g	8249	687	350	4	7	2	0	7	8	0
g	8250	704	350	5	7	2	0	7	8	0
g	8260	719	347	9	10	0	0	10	8	0
g	8304	738	347	5	6	2	4	10	8	0
g	8308	755	347	5	6	2	4	10	8	0
g	8309	772	347	5	6	2	4	10	8	0
g	8310	789	347	5	6	2	4	10	8	0
g	8311	806	347	5	6	2	4	10	8	0
g	8312	7	373	5	6	2	4	10	8	0
g	8313	24	373	5	6	2	4	10	8	0
g	8320	41	377	5	7	2	-1	6	8	0
g	8321	58	377	5	6	2	0	6	8	0
g	8322	75	377	5	6	2	0	6	8	0
g	8323	92	377	5	7	2	-1	6	8	0
g	8324	109	377	5	6	2	0	6	8	0
g	8325	126	377	5	7	2	-1	6	8	0
g	8326	143	377	5	7	2	-1	6	8	0
g	8327	160	377	5	6	2	0	6	8	0
g	8328	177	377	5	7	2	-1	6	8	0
g	8329	194	377	5	6	2	0	6	8	0
g	8353	209	371	8	14	0	-2	12	8	0
g	8356	226	373	8	10	0	0	10	8	0
g	8358	243	373	9	10	0	0	10	8	0
g	8360	260	373	9	11	0	-1	10	8	0
g	8361	277	373	9	10	0	0	10	8	0
g	8362	294	373	8	10	0	0	10	8	0
g	8363	312	372	7	11	1	0	11	8	0
g	8364	328	373	8	11	0	-1	10	8	0
g	8365	345	373	8	10	0	0	10	8	0
g	8366	362	373	9	10	0	0	10	8	0
g	8369	379	373	9	10	0	0	10	8	0
g	8370	396	371	8	14	0	-2	12	8	0
g	8372	413	373	9	11	0	-1	10	8	0
g	8373	430	371	8	14	0	-2	12	8	0
g	8376	447	373	8	10	0	0	10	8	0
g	8377	464	373	8	10	0	0	10	8	0
g	8378	481	373	8	10	0	0	10	8	0
g	8381	498	373	8	10	0	0	10	8	0
g	8383	516	371	7	14	1	-2	12	8	0
g	8467	532	372	8	12	0	-1	11	8	0
g	8470	549	373	9	10	0	0	10	8	0
g	8482	566	373	8	5	0	5	10	8	0
g	8486	583	373	8	10	0	0	10	8	0
g	8494	600	373	9	11	0	-1	10	8	0
g	8528	617	373	9	10	0	0	10	8	0
g	8529	634	373	9	10	0	0	10	8	0
g	8531	651	373	9	11	0	-1	10	8	0
g	8532	668	373	9	11	0	-1	10	8	0
g	8533	685	373	9	11	0	-1	10	8	0
g	8534	702	373	9	11	0	-1	10	8	0
g	8535	719	373	9	11	0	-1	10	8	0
g	8536	736	373	9	11	0	-1	10	8	0
g	8537	753	373	9	11	0	-1	10	8	0
g	8538	770	373	9	11	0	-1	10	8	0
g	8539	787	373	9	11	0	-1	10	8	0
g	8540	804	373	9	11	0	-1	10	8	0
g	8541	5	399	9	11	0	-1	10	8	0
g	8542	22	399	9	11	0	-1	10	8	0
g	8592	39	401	9	7	0	1	8	8	0
g	8593	57	399	7	10	1	0	10	8	0
g	8594	73	401	9	7	0	1	8	8	0
g	8595	91	399	7	11	1	-1	10	8	0
g	8596	107	401	9	7	0	1	8	8	0
g	8597	125	399	7	11	1	-1	10	8	0
g	8598	141	400	9	8	0	1	9	8	0
g	8599	158	400	8	8	0	1	9	8	0
g	8600	175	400	8	8	0	1	9	8	0
g	8601	192	400	9	8	0	1	9	8	0
g	8617	209	400	9	8	0	1	9	8	0
g	8618	226	400	9	8	0	1	9	8	0
g	8624	243	399	8	10	0	0	10	8	0
g	8625	261	399	7	10	1	0	10	8	0
g	8626	277	399	8	10	0	0	10	8	0
g	8627	295	399	7	10	1	0	10	8	0
g	8630	311	399	9	10	0	0	10	8	0
g	8631	328	399	9	10	0	0	10	8	0
g	8634	345	399	9	11	0	-1	10	8	0
g	8635	362	399	9	11	0	-1	10	8	0
g	8644	379	399	9	11	0	-1	10	8	0
g	8646	396	399	9	11	0	-1	10	8	0
g	8706	413	399	8	11	0	-1	10	8	0
g	8710	430	399	8	10	0	0	10	8	0
g	8719	448	399	7	10	1	0	10	8	0
g	8721	464	399	8	13	0	-3	10	8	0
g	8722	481	404	8	2	0	3	5	8	0
g	8725	498	399	9	10	0	0	10	8	0
g	8730	515	399	9	10	0	0	10	8	0
g	8734	532	402	9	6	0	1	7	8	0
g	8747	549	398	8	14	0	-3	11	8	0
g	8776	566	402	8	6	0	1	7	8	0
g	8800	583	401	8	7	0	1	8	8	0
g	8804	601	400	7	9	1	0	9	8	0
g	8805	618	400	7	9	1	0	9	8	0
g	9472	633	404	10	2	-1	3	5	8	0
g	9473	650	403	10	3	-1	3	6	8	0
g	9474	671	395	2	19	3	-5	14	8	0
g	9475	688	395	3	19	3	-5	14	8	0
g	9476	702	404	8	2	0	3	5	8	0
g	9477	719	403	8	3	0	3	6	8	0
g	9478	739	396	2	18	3	-5	13	8	0
g	9479	756	396	3	18	3	-5	13	8	0
g	9480	770	404	9	2	0	3	5	8	0
g	9481	787	403	9	3	0	3	6	8	0
g	9482	807	396	2	18	3	-5	13	8	0
g	9483	8	422	3	18	3	-5	13	8	0
g	9484	25	430	6	10	3	-5	5	8	0
g	9485	42	429	6	11	3	-5	6	8	0
g	9486	59	430	6	10	3	-5	5	8	0
g	9487	76	429	6	11	3	-5	6	8	0
g	9488	89	430	6	10	-1	-5	5	8	0
g	9489	106	429	6	11	-1	-5	6	8	0
g	9490	123	430	7	10	-1	-5	5	8	0
g	9491	140	429	7	11	-1	-5	6	8	0
g	9492	161	421	6	11	3	3	14	8	0
g	9493	178	421	6	11	3	3	14	8	0
g	9494	195	421	6	11	3	3	14	8	0
g	9495	212	421	6	11	3	3	14	8	0
g	9496	225	421	6	11	-1	3	14	8	0
g	9497	242	421	6	11	-1	3	14	8	0
g	9498	259	421	7	11	-1	3	14	8	0
g	9499	276	421	7	11	-1	3	14	8	0
g	9500	297	421	6	19	3	-5	14	8	0
g	9501	314	421	6	19	3	-5	14	8	0
g	9502	331	421	6	19	3	-5	14	8	0
g	9503	348	421	6	19	3	-5	14	8	0
g	9504	365	421	6	19	3	-5	14	8	0
g	9505	382	421	6	19	3	-5	14	8	0
g	9506	399	421	6	19	3	-5	14	8	0
g	9507	416	421	6	19	3	-5	14	8	0
g	9508	429	421	6	19	-1	-5	14	8	0
g	9509	446	421	6	19	-1	-5	14	8	0
g	9510	463	421	7	19	-1	-5	14	8	0
g	9511	480	421	7	19	-1	-5	14	8	0
g	9512	497	421	7	19	-1	-5	14	8	0
g	9513	514	421	7	19	-1	-5	14	8	0
g	9514	531	421	7	19	-1	-5	14	8	0
g	9515	548	421	7	19	-1	-5	14	8	0
g	9516	565	430	10	10	-1	-5	5	8	0
g	9517	582	429	10	11	-1	-5	6	8	0
g	9518	599	429	10	11	-1	-5	6	8	0
g	9519	616	429	10	11	-1	-5	6	8	0
g	9520	633	430	10	10	-1	-5	5	8	0
g	9521	650	429	10	11	-1	-5	6	8	0
g	9522	667	429	10	11	-1	-5	6	8	0
g	9523	684	429	10	11	-1	-5	6	8	0
g	9524	701	421	10	11	-1	3	14	8	0
g	9525	718	421	10	11	-1	3	14	8	0
g	9526	735	421	10	11	-1	3	14	8	0
g	9527	752	421	10	11	-1	3	14	8	0
g	9528	769	421	10	11	-1	3	14	8	0
g	9529	786	421	10	11	-1	3	14	8	0
g	9530	803	421	10	11	-1	3	14	8	0
g	9531	4	447	10	11	-1	3	14	8	0
g	9532	21	447	10	19	-1	-5	14	8	0
g	9533	38	447	10	19	-1	-5	14	8	0
g	9534	55	447	10	19	-1	-5	14	8	0
g	9535	72	447	10	19	-1	-5	14	8	0
g	9536	89	447	10	19	-1	-5	14	8	0
g	9537	106	447	10	19	-1	-5	14	8	0
g	9538	123	447	10	19	-1	-5	14	8	0
g	9539	140	447	10	19	-1	-5	14	8	0
g	9540	157	447	10	19	-1	-5	14	8	0
g	9541	174	447	10	19	-1	-5	14	8	0
g	9542	191	447	10	19	-1	-5	14	8	0
g	9543	208	447	10	19	-1	-5	14	8	0
g	9544	225	447	10	19	-1	-5	14	8	0
g	9545	242	447	10	19	-1	-5	14	8	0
g	9546	259	447	10	19	-1	-5	14	8	0
g	9547	276	447	10	19	-1	-5	14	8	0
g	9548	295	456	7	2	1	3	5	8	0
g	9549	312	455	7	3	1	3	6	8	0
g	9550	331	451	2	12	3	-2	10	8	0
g	9551	348	451	3	12	3	-2	10	8	0
g	9552	361	455	10	4	-1	2	6	8	0
g	9553	381	447	4	19	2	-5	14	8	0
g	9554	399	455	6	11	3	-5	6	8	0
g	9555	415	456	7	10	2	-5	5	8	0
g	9556	432	455	7	11	2	-5	6	8	0
g	9557	446	455	6	11	-1	-5	6	8	0
g	9558	463	456	7	10	-1	-5	5	8	0
g	9559	480	455	7	11	-1	-5	6	8	0
g	9560	501	447	6	12	3	2	14	8	0
g	9561	517	447	7	11	2	3	14	8	0
g	9562	534	447	7	12	2	2	14	8	0
g	9563	548	447	6	12	-1	2	14	8	0
g	9564	565	447	7	11	-1	3	14	8	0
g	9565	582	447	7	12	-1	2	14	8	0
g	9566	603	447	6	19	3	-5	14	8	0
g	9567	619	447	7	19	2	-5	14	8	0
g	9568	636	447	7	19	2	-5	14	8	0
g	9569	650	447	6	19	-1	-5	14	8	0
g	9570	667	447	7	19	-1	-5	14	8	0
g	9571	684	447	7	19	-1	-5	14	8	0
g	9572	701	455	10	11	-1	-5	6	8	0
g	9573	718	456	10	10	-1	-5	5	8	0
g	9574	735	455	10	11	-1	-5	6	8	0
g	9575	752	447	10	12	-1	2	14	8	0
g	9576	769	447	10	11	-1	3	14	8	0
g	9577	786	447	10	12	-1	2	14	8	0
g	9578	803	447	10	19	-1	-5	14	8	0
g	9579	4	473	10	19	-1	-5	14	8	0
g	9580	21	473	10	19	-1	-5	14	8	0
g	9581	42	482	6	10	3	-5	5	8	0
g	9582	55	482	6	10	-1	-5	5	8	0
g	9583	72	473	6	11	-1	3	14	8	0
g	9584	93	473	6	11	3	3	14	8	0
g	9585	107	475	9	16	0	-4	12	8	0
g	9586	124	475	9	16	0	-4	12	8	0
g	9587	141	475	9	16	0	-4	12	8	0
g	9588	157	482	6	2	-1	3	5	8	0
g	9589	178	473	2	11	3	3	14	8	0
g	9590	195	482	6	2	3	3	5	8	0
g	9591	212	482	2	10	3	-5	5	8	0
g	9592	225	481	6	3	-1	3	6	8	0
g	9593	246	473	3	11	3	3	14	8	0
g	9594	263	481	6	3	3	3	6	8	0
g	9595	280	482	3	10	3	-5	5	8	0
g	9596	293	481	10	3	-1	3	6	8	0
g	9597	314	473	3	19	3	-5	14	8	0
g	9598	327	481	10	3	-1	3	6	8	0
g	9599	348	473	3	19	3	-5	14	8	0
g	9600	362	473	9	10	0	4	14	8	0
g	9601	379	489	9	3	0	-5	-2	8	0
g	9602	396	487	9	5	0	-5	0	8	0
g	9603	413	485	9	7	0	-5	2	8	0
g	9604	430	482	9	10	0	-5	5	8	0
g	9605	447	480	9	12	0	-5	7	8	0
g	9606	464	478	9	14	0	-5	9	8	0
g	9607	481	475	9	17	0	-5	12	8	0
g	9608	498	473	9	19	0	-5	14	8	0
g	9609	515	473	8	19	0	-5	14	8	0
g	9610	532	473	7	19	0	-5	14	8	0
g	9611	549	473	6	19	0	-5	14	8	0
g	9612	566	473	5	19	0	-5	14	8	0
g	9613	583	473	4	19	0	-5	14	8	0
g	9614	600	473	3	19	0	-5	14	8	0
g	9615	617	473	2	19	0	-5	14	8	0
g	9616	638	473	5	19	4	-5	14	8	0
g	9617	650	473	9	18	-1	-4	14	8	0
g	9618	667	472	9	20	-1	-5	15	8	0
g	9619	684	472	10	20	-1	-5	15	8	0
g	9620	702	473	9	3	0	11	14	8	0
g	9621	726	473	2	19	7	-5	14	8	0
g	9622	736	482	5	10	0	-5	5	8	0
g	9623	757	482	5	10	4	-5	5	8	0
g	9624	770	473	5	10	0	4	14	8	0
g	9625	787	473	9	19	0	-5	14	8	0
g	9626	804	473	9	19	0	-5	14	8	0
g	9627	5	499	9	19	0	-5	14	8	0
g	9628	22	499	9	19	0	-5	14	8	0
g	9629	43	499	5	10	4	4	14	8	0
g	9630	56	499	9	19	0	-5	14	8	0
g	9631	73	499	9	19	0	-5	14	8	0
g	9674	90	503	8	10	0	0	10	8	0
g	10003	107	503	9	10	0	0	10	8	0
g	10060	124	503	8	10	0	0	10	8	0
g	11022	141	504	8	8	0	1	9	8	0
g	11023	158	504	8	8	0	1	9	8	0
g	11024	175	504	9	8	0	1	9	8	0
g	11025	192	504	9	8	0	1	9	8	0
g	63191	206	500	6	5	-3	8	13	0	0
g	63192	223	500	6	5	-3	8	13	0	0
g	64257	243	502	8	11	0	0	11	8	0
g	64258	260	502	8	11	0	0	11	8	0
g	13	277	513	0	0	0	0	0	4	1
g	32	294	513	0	0	0	0	0	4	1
g	33	313	503	4	11	2	-1	10	8	1
g	34	329	502	6	6	1	5	11	8	1
g	35	345	503	9	10	0	0	10	8	1
g	36	362	501	8	14	0	-2	12	8	1
g	37	379	503	9	11	0	-1	10	8	1
g	38	396	503	9	11	0	-1	10	8	1
g	39	416	502	3	6	3	5	11	8	1
g	40	432	502	6	13	2	-2	11	8	1
g	41	448	502	5	13	1	-2	11	8	1
g	42	464	505	8	8	0	0	8	8	1
g	43	481	505	8	8	0	0	8	8	1
g	44	500	510	4	6	2	-3	3	8	1
g	45	517	507	5	3	2	3	6	8	1
g	46	534	510	4	4	2	-1	3	8	1
g	47	550	502	7	13	1	-2	11	8	1
g	48	566	503	8	11	0	-1	10	8	1
g	49	583	503	9	10	0	0	10	8	1
g	50	600	503	8	10	0	0	10	8	1
g	51	617	503	8	11	0	-1	10	8	1
g	52	634	503	8	10	0	0	10	8	1
g	53	651	503	8	11	0	-1	10	8	1
g	54	668	503	8	11	0	-1	10	8	1
g	55	685	503	8	10	0	0	10	8	1
g	56	702	503	8	11	0	-1	10	8	1
g	57	719	503	8	10	0	0	10	8	1
g	58	738	505	4	9	2	-1	8	8	1
g	59	755	505	4	11	2	-3	8	8	1
g	60	771	504	7	9	1	0	9	8	1
g	61	787	506	8	5	0	2	7	8	1
g	62	805	504	7	9	1	0	9	8	1
g	63	5	529	8	11	0	-1	10	8	1
g	64	22	529	8	12	0	-2	10	8	1
g	65	39	529	9	10	0	0	10	8	1
g	66	57	529	7	10	1	0	10	8	1
g	67	73	529	8	11	0	-1	10	8	1
g	68	91	529	7	10	1	0	10	8	1
g	69	108	529	7	10	1	0	10	8	1
g	70	125	529	7	10	1	0	10	8	1
g	71	141	529	8	11	0	-1	10	8	1
g	72	158	529	8	10	0	0	10	8	1
g	73	176	529	7	10	1	0	10	8	1
g	74	192	529	8	11	0	-1	10	8	1
g	75	210	529	8	10	1	0	10	8	1
g	76	227	529	7	10	1	0	10	8	1
g	77	243	529	8	10	0	0	10	8	1
g	78	260	529	8	10	0	0	10	8	1
g	79	277	529	8	11	0	-1	10	8	1
g	80	295	529	7	10	1	0	10	8	1
g	81	311	529	8	13	0	-3	10	8	1
g	82	329	529	7	10	1	0	10	8	1
g	83	345	529	8	11	0	-1	10	8	1
g	84	362	529	9	10	0	0	10	8	1
g	85	379	529	8	11	0	-1	10	8	1
g	86	396	529	9	10	0	0	10	8	1
g	87	413	529	9	10	0	0	10	8	1
g	88	430	529	9	10	0	0	10	8	1
g	89	447	529	9	10	0	0	10	8	1
g	90	464	529	8	10	0	0	10	8	1
g	91	483	528	6	13	2	-2	11	8	1
g	92	499	528	7	13	1	-2	11	8	1
g	93	516	528	5	13	1	-2	11	8	1
g	94	532	529	8	7	0	3	10	8	1
g	95	549	540	8	2	0	-3	-1	8	1
g	96	568	527	4	4	2	8	12	8	1
g	97	583	531	8	9	0	-1	8	8	1
g	98	600	528	8	12	0	-1	11	8	1
g	99	617	531	8	9	0	-1	8	8	1
g	100	634	528	8	12	0	-1	11	8	1
g	101	651	531	8	9	0	-1	8	8	1
g	102	668	528	8	11	0	0	11	8	1
g	103	685	530	9	12	0	-3	9	8	1
g	104	703	528	7	11	1	0	11	8	1
g	105	720	528	7	11	1	0	11	8	1
g	106	737	528	6	14	1	-3	11	8	1
g	107	754	528	8	11	1	0	11	8	1
g	108	771	528	7	11	1	0	11	8	1
g	109	787	531	8	8	0	0	8	8	1
g	110	805	531	7	8	1	0	8	8	1
g	111	5	557	8	9	0	-1	8	8	1
g	112	22	557	8	11	0	-3	8	8	1
g	113	39	557	8	11	0	-3	8	8	1
g	114	57	557	7	8	1	0	8	8	1
g	115	73	557	8	9	0	-1	8	8	1
g	116	90	555	8	10	0	0	10	8	1
g	117	107	557	8	9	0	-1	8	8	1
g	118	124	557	8	8	0	0	8	8	1
g	119	141	557	9	8	0	0	8	8	1
g	120	158	557	8	8	0	0	8	8	1
g	121	175	557	8	11	0	-3	8	8	1
g	122	193	557	7	8	1	0	8	8	1
g	123	210	554	7	13	1	-2	11	8	1
g	124	229	554	2	13	3	-2	11	8	1
g	125	244	554	7	13	1	-2	11	8	1
g	126	260	558	8	5	0	2	7	8	1
g	160	277	565	0	0	0	0	0	8	1
g	161	296	557	4	11	2	-3	8	8	1
g	162	311	556	8	11	0	-2	9	8	1
g	163	328	555	8	10	0	0	10	8	1
g	164	345	555	8	10	0	0	10	8	1
g	165	362	555	9	10	0	0	10	8	1
g	166	382	554	2	13	3	-2	11	8	1
g	167	396	555	8	13	0	-3	10	8	1
g	168	414	554	6	3	1	8	11	8	1
g	169	430	555	9	10	0	0	10	8	1
g	170	448	555	6	6	1	4	10	8	1
g	171	464	558	8	7	0	0	7	8	1
g	172	481	560	8	5	0	0	5	8	1
g	174	499	555	6	6	1	4	10	8	1
g	175	517	555	5	2	2	8	10	8	1
g	176	533	555	6	6	1	4	10	8	1
g	177	549	556	8	9	0	0	9	8	1
g	178	568	555	5	6	2	4	10	8	1
g	179	584	555	6	6	1	4	10	8	1
g	180	603	553	4	4	3	8	12	8	1
g	181	618	557	7	11	1	-3	8	8	1
g	182	634	555	8	13	0	-3	10	8	1
g	183	653	559	4	4	2	2	6	8	1
g	184	670	564	5	4	2	-3	1	8	1
g	185	687	555	5	6	2	4	10	8	1
g	186	703	555	6	6	1	4	10	8	1
g	187	719	558	8	7	0	0	7	8	1
g	188	736	555	9	10	0	0	10	8	1
g	189	753	555	9	10	0	0	10	8	1
g	190	770	555	9	10	0	0	10	8	1
g	191	788	557	7	11	1	-3	8	8	1
g	192	804	551	9	14	0	0	14	8	1
g	193	5	577	9	14	0	0	14	8	1
g	194	22	577	9	14	0	0	14	8	1
g	195	39	578	9	13	0	0	13	8	1
g	196	56	578	9	13	0	0	13	8	1
g	197	73	577	9	14	0	0	14	8	1
g	198	90	581	8	10	0	0	10	8	1
g	199	107	581	8	13	0	-3	10	8	1
g	200	125	577	7	14	1	0	14	8	1
g	201	142	577	7	14	1	0	14	8	1
g	202	159	577	7	14	1	0	14	8	1
g	203	176	578	7	13	1	0	13	8	1
g	204	193	577	7	14	1	0	14	8	1
g	205	210	577	7	14	1	0	14	8	1
g	206	227	577	7	14	1	0	14	8	1
g	207	244	578	7	13	1	0	13	8	1
g	208	260	581	8	10	0	0	10	8	1
g	209	277	578	8	13	0	0	13	8	1
g	210	294	577	8	15	0	-1	14	8	1
g	211	311	577	8	15	0	-1	14	8	1
g	212	328	577	8	15	0	-1	14	8	1
g	213	345	578	8	14	0	-1	13	8	1
g	214	362	578	8	14	0	-1	13	8	1
g	215	380	583	7	7	1	1	8	8	1
g	216	396	580	9	12	0	-1	11	8	1
g	217	413	577	8	15	0	-1	14	8	1
g	218	430	577	8	15	0	-1	14	8	1
g	219	447	577	8	15	0	-1	14	8	1
g	220	464	578	8	14	0	-1	13	8	1
g	221	481	577	9	14	0	0	14	8	1
g	222	499	581	7	10	1	0	10	8	1
g	223	516	580	8	14	1	-3	11	8	1
g	224	532	579	8	13	0	-1	12	8	1
g	225	549	579	8	13	0	-1	12	8	1
g	226	566	580	8	12	0	-1	11	8	1
g	227	583	580	8	12	0	-1	11	8	1
g	228	600	580	8	12	0	-1	11	8	1
g	229	617	579	8	13	0	-1	12	8	1
g	230	634	583	9	9	0	-1	8	8	1
g	231	651	583	8	11	0	-3	8	8	1
g	232	668	579	8	13	0	-1	12	8	1
g	233	685	579	8	13	0	-1	12	8	1
g	234	702	580	8	12	0	-1	11	8	1
g	235	719	580	8	12	0	-1	11	8	1
g	236	737	579	7	12	1	0	12	8	1
g	237	754	579	7	12	1	0	12	8	1
g	238	771	580	7	11	1	0	11	8	1
g	239	788	580	7	11	1	0	11	8	1
g	240	804	580	8	12	0	-1	11	8	1
g	241	6	606	7	11	1	0	11	8	1
g	242	22	605	8	13	0	-1	12	8	1
g	243	39	605	8	13	0	-1	12	8	1
g	244	56	606	8	12	0	-1	11	8	1
g	245	73	606	8	12	0	-1	11	8	1
g	246	90	606	8	12	0	-1	11	8	1
g	247	107	608	8	9	0	0	9	8	1
g	248	124	609	8	9	0	-1	8	8	1
g	249	141	605	8	13	0	-1	12	8	1
g	250	158	605	8	13	0	-1	12	8	1
g	251	175	606	8	12	0	-1	11	8	1
g	252	192	606	8	12	0	-1	11	8	1
g	253	209	605	8	15	0	-3	12	8	1
g	254	226	606	8	14	0	-3	11	8	1
g	255	243	606	8	14	0	-3	11	8	1
g	256	260	604	9	13	0	0	13	8	1
g	257	277	607	8	11	0	-1	10	8	1
g	258	294	603	9	14	0	0	14	8	1
g	259	311	606	8	12	0	-1	11	8	1
g	260	328	607	9	13	0	-3	10	8	1
g	261	345	609	9	11	0	-3	8	8	1
g	262	362	603	8	15	0	-1	14	8	1
g	263	379	605	8	13	0	-1	12	8	1
g	264	396	603	8	15	0	-1	14	8	1
g	265	413	606	8	12	0	-1	11	8	1
g	266	430	604	8	14	0	-1	13	8	1
g	267	447	606	8	12	0	-1	11	8	1
g	268	464	603	8	15	0	-1	14	8	1
g	269	481	605	8	13	0	-1	12	8	1
g	270	499	603	7	14	1	0	14	8	1
g	271	515	606	9	12	0	-1	11	8	1
g	272	532	607	8	10	0	0	10	8	1
g	273	549	606	9	12	0	-1	11	8	1
g	274	567	604	7	13	1	0	13	8	1
g	275	583	607	8	11	0	-1	10	8	1
g	276	601	603	7	14	1	0	14	8	1
g	277	617	606	8	12	0	-1	11	8	1
g	278	635	604	7	13	1	0	13	8	1
g	279	651	606	8	12	0	-1	11	8	1
g	280	669	607	7	13	1	-3	10	8	1
g	281	685	609	8	11	0	-3	8	8	1
g	282	703	603	7	14	1	0	14	8	1
g	283	719	605	8	13	0	-1	12	8	1
g	284	736	603	8	15	0	-1	14	8	1
g	285	753	606	9	14	0	-3	11	8	1
g	286	770	603	8	15	0	-1	14	8	1
g	287	787	606	9	14	0	-3	11	8	1
g	288	804	604	8	14	0	-1	13	8	1
g	289	5	632	9	14	0	-3	11	8	1
g	290	22	633	8	14	0	-4	10	8	1
g	291	39	631	9	15	0	-3	12	8	1
g	292	56	629	8	14	0	0	14	8	1
g	293	72	629	9	14	-1	0	14	8	1
g	294	90	633	9	10	0	0	10	8	1
g	295	107	632	8	11	0	0	11	8	1
g	296	125	630	7	13	1	0	13	8	1
g	297	142	632	7	11	1	0	11	8	1
g	298	159	630	7	13	1	0	13	8	1
g	299	176	633	7	10	1	0	10	8	1
g	300	193	629	7	14	1	0	14	8	1
g	301	210	632	7	11	1	0	11	8	1
g	302	227	633	7	13	1	-3	10	8	1
g	303	244	632	8	14	1	-3	11	8	1
g	304	261	630	7	13	1	0	13	8	1
g	305	278	635	7	8	1	0	8	8	1
g	306	294	633	8	11	0	-1	10	8	1
g	307	311	632	8	14	0	-3	11	8	1
g	308	328	629	8	15	0	-1	14	8	1
g	309	346	632	7	14	1	-3	11	8	1
g	310	363	633	8	14	1	-4	10	8	1
g	311	380	632	8	15	1	-4	11	8	1
g	312	397	635	8	8	1	0	8	8	1
g	313	414	629	7	14	1	0	14	8	1
g	314	431	629	7	14	1	0	14	8	1
g	315	448	633	7	14	1	-4	10	8	1
g	316	465	632	7	15	1	-4	11	8	1
g	317	482	632	7	11	1	0	11	8	1
g	318	499	632	8	11	1	0	11	8	1
g	319	516	633	7	10	1	0	10	8	1
g	320	532	632	9	11	0	0	11	8	1
g	321	549	633	8	10	0	0	10	8	1
g	322	567	632	7	11	1	0	11	8	1
g	323	583	629	8	14	0	0	14	8	1
g	324	601	631	7	12	1	0	12	8	1
g	325	617	633	8	14	0	-4	10	8	1
g	326	635	635	7	12	1	-4	8	8	1
g	327	651	629	8	14	0	0	14	8	1
g	328	669	631	7	12	1	0	12	8	1
g	329	685	632	8	11	0	0	11	8	1
g	330	702	633	8	13	0	-3	10	8	1
g	331	720	635	7	11	1	-3	8	8	1
g	332	736	630	8	14	0	-1	13	8	1
g	333	753	633	8	11	0	-1	10	8	1
g	334	770	629	8	15	0	-1	14	8	1
g	335	787	632	8	12	0	-1	11	8	1
g	336	804	629	8	15	0	-1	14	8	1
g	337	5	657	8	13	0	-1	12	8	1
g	338	22	659	9	10	0	0	10	8	1
g	339	39	661	9	9	0	-1	8	8	1
g	340	57	655	7	14	1	0	14	8	1
g	341	74	657	7	12	1	0	12	8	1
g	342	91	659	7	14	1	-4	10	8	1
g	343	108	661	7	12	1	-4	8	8	1
g	344	125	655	7	14	1	0	14	8	1
g	345	142	657	7	12	1	0	12	8	1
g	346	158	655	8	15	0	-1	14	8	1
g	347	175	657	8	13	0	-1	12	8	1
g	348	192	655	8	15	0	-1	14	8	1
g	349	209	658	8	12	0	-1	11	8	1
g	350	226	659	8	13	0	-3	10	8	1
g	351	243	661	8	11	0	-3	8	8	1
g	352	260	655	8	15	0	-1	14	8	1
g	353	277	657	8	13	0	-1	12	8	1
g	354	294	659	9	13	0	-3	10	8	1
g	355	311	659	8	13	0	-3	10	8	1
g	356	328	655	9	14	0	0	14	8	1
g	357	345	658	8	11	0	0	11	8	1
g	358	362	659	9	10	0	0	10	8	1
g	359	379	659	8	10	0	0	10	8	1
g	360	396	656	8	14	0	-1	13	8	1
g	361	413	658	8	12	0	-1	11	8	1
g	362	430	656	8	14	0	-1	13	8	1
g	363	447	659	8	11	0	-1	10	8	1
g	364	464	655	8	15	0	-1	14	8	1
g	365	481	658	8	12	0	-1	11	8	1
g	366	498	655	8	15	0	-1	14	8	1
g	367	515	657	8	13	0	-1	12	8	1
g	368	532	655	8	15	0	-1	14	8	1
g	369	549	657	8	13	0	-1	12	8	1
g	370	566	659	8	13	0	-3	10	8	1
g	371	583	661	8	11	0	-3	8	8	1
g	372	600	655	9	14	0	0	14	8	1
g	373	617	658	9	11	0	0	11	8	1
g	374	634	655	9	14	0	0	14	8	1
g	375	651	658	8	14	0	-3	11	8	1
g	376	668	656	9	13	0	0	13	8	1
g	377	685	655	8	14	0	0	14	8	1
g	378	703	657	7	12	1	0	12	8	1
g	379	719	656	8	13	0	0	13	8	1
g	380	737	658	7	11	1	0	11	8	1
g	381	753	655	8	14	0	0	14	8	1
g	382	771	657	7	12	1	0	12	8	1
g	383	787	658	8	11	0	0	11	8	1
g	399	804	659	8	11	0	-1	10	8	1
g	402	4	685	10	13	-1	-3	10	8	1
g	416	22	683	9	13	0	-1	12	8	1
g	417	39	686	8	10	0	-1	9	8	1
g	431	56	683	9	13	0	-1	12	8	1
g	432	73	686	9	10	0	-1	9	8	1
g	461	90	681	9	14	0	0	14	8	1
g	462	107	683	8	13	0	-1	12	8	1
g	463	125	681	7	14	1	0	14	8	1
g	464	142	683	7	12	1	0	12	8	1
g	465	158	681	8	15	0	-1	14	8	1
g	466	175	683	8	13	0	-1	12	8	1
g	467	192	681	8	15	0	-1	14	8	1
g	468	209	683	8	13	0	-1	12	8	1
g	469	226	680	8	16	0	-1	15	8	1
g	470	243	682	8	14	0	-1	13	8	1
g	471	260	679	8	17	0	-1	16	8	1
g	472	277	681	8	15	0	-1	14	8	1
g	473	294	679	8	17	0	-1	16	8	1
g	474	311	681	8	15	0	-1	14	8	1
g	475	328	679	8	17	0	-1	16	8	1
g	476	345	681	8	15	0	-1	14	8	1
g	506	362	678	9	17	0	0	17	8	1
g	507	379	681	8	15	0	-1	14	8	1
g	508	396	681	8	14	0	0	14	8	1
g	509	413	683	9	13	0	-1	12	8	1
g	510	430	681	9	15	0	-1	14	8	1
g	511	447	683	8	13	0	-1	12	8	1
g	536	464	685	8	14	0	-4	10	8	1
g	537	481	687	8	12	0	-4	8	8	1
g	538	498	685	9	14	0	-4	10	8	1
g	539	515	685	8	14	0	-4	10	8	1
g	567	533	687	6	11	1	-3	8	8	1
g	601	549	687	8	9	0	-1	8	8	1
g	699	569	683	3	4	3	8	12	8	1
g	700	585	684	3	4	2	7	11	8	1
g	710	601	684	6	3	1	8	11	8	1
g	711	618	683	6	4	1	8	12	8	1
g	728	635	684	6	3	1	8	11	8	1
g	729	654	684	3	3	3	8	11	8	1
g	730	670	683	5	5	2	7	12	8	1
g	731	686	694	4	4	1	-3	1	8	1
g	732	703	684	6	3	1	8	11	8	1
g	733	721	683	6	4	2	8	12	8	1
g	768	734	683	3	4	-2	8	12	0	1
g	769	752	683	3	4	-1	8	12	0	1
g	770	767	684	6	3	-3	8	11	0	1
g	771	784	684	6	3	-3	8	11	0	1
g	772	801	685	6	2	-3	8	10	0	1
g	774	2	710	6	3	-3	8	11	0	1
g	775	20	710	4	3	-2	8	11	0	1
g	776	36	710	6	3	-3	8	11	0	1
g	777	54	710	4	4	-2	7	11	0	1
g	778	71	709	4	5	-2	7	12	0	1
g	779	87	709	7	4	-3	8	12	0	1
g	780	104	709	6	4	-3	8	12	0	1
g	786	123	709	3	4	-1	8	12	0	1
g	789	141	710	3	4	0	7	11	0	1
g	795	156	712	4	3	-2	6	9	0	1
g	803	173	721	4	3	-2	-3	0	0	1
g	806	190	721	4	4	-2	-4	0	0	1
g	807	207	720	4	4	-2	-3	1	0	1
g	808	223	720	4	4	-3	-3	1	0	1
g	960	243	713	9	8	0	0	8	8	1
g	1024	261	707	7	14	1	0	14	8	1
g	1025	278	708	7	13	1	0	13	8	1
g	1026	294	711	8	13	0	-3	10	8	1
g	1027	312	707	7	14	1	0	14	8	1
g	1028	328	711	8	11	0	-1	10	8	1
g	1029	345	711	8	11	0	-1	10	8	1
g	1030	363	711	7	10	1	0	10	8	1
g	1031	380	708	7	13	1	0	13	8	1
g	1032	396	711	8	11	0	-1	10	8	1
g	1033	412	711	10	11	-1	-1	10	8	1
g	1034	430	711	9	10	0	0	10	8	1
g	1035	447	711	8	10	0	0	10	8	1
g	1036	464	707	8	14	0	0	14	8	1
g	1037	481	707	8	14	0	0	14	8	1
g	1038	498	707	9	14	0	0	14	8	1
g	1039	515	711	8	13	0	-3	10	8	1
g	1040	532	711	9	10	0	0	10	8	1
g	1041	549	711	8	10	0	0	10	8	1
g	1042	567	711	7	10	1	0	10	8	1
g	1043	584	711	7	10	1	0	10	8	1
g	1044	600	711	9	13	0	-3	10	8	1
g	1045	618	711	7	10	1	0	10	8	1
g	1046	634	711	9	10	0	0	10	8	1
g	1047	651	711	8	11	0	-1	10	8	1
g	1048	668	711	8	10	0	0	10	8	1
g	1049	685	707	8	14	0	0	14	8	1
g	1050	702	711	8	10	0	0	10	8	1
g	1051	719	711	8	11	0	-1	10	8	1
g	1052	736	711	8	10	0	0	10	8	1
g	1053	753	711	8	10	0	0	10	8	1
g	1054	770	711	8	11	0	-1	10	8	1
g	1055	787	711	8	10	0	0	10	8	1
g	1056	805	711	7	10	1	0	10	8	1
g	1057	5	737	8	11	0	-1	10	8	1
g	1058	22	737	9	10	0	0	10	8	1
g	1059	39	737	9	10	0	0	10	8	1
g	1060	56	736	9	12	0	-1	11	8	1
g	1061	73	737	9	10	0	0	10	8	1
g	1062	90	737	9	13	0	-3	10	8	1
g	1063	107	737	8	10	0	0	10	8	1
g	1064	124	737	8	10	0	0	10	8	1
g	1065	141	737	9	13	0	-3	10	8	1
g	1066	158	737	9	10	0	0	10	8	1
g	1067	175	737	8	10	0	0	10	8	1
g	1068	193	737	7	10	1	0	10	8	1
g	1069	209	737	8	11	0	-1	10	8	1
g	1070	226	737	8	11	0	-1	10	8	1
g	1071	243	737	8	10	0	0	10	8	1
g	1072	260	739	8	9	0	-1	8	8	1
g	1073	277	736	8	12	0	-1	11	8	1
g	1074	295	739	7	8	1	0	8	8	1
g	1075	312	739	7	8	1	0	8	8	1
g	1076	328	739	9	10	0	-2	8	8	1
g	1077	345	739	8	9	0	-1	8	8	1
g	1078	362	739	9	8	0	0	8	8	1
g	1079	379	739	8	9	0	-1	8	8	1
g	1080	397	739	7	8	1	0	8	8	1
g	1081	414	736	7	11	1	0	11	8	1
g	1082	431	739	7	8	1	0	8	8	1
g	1083	447	739	8	9	0	-1	8	8	1
g	1084	464	739	8	8	0	0	8	8	1
g	1085	482	739	7	8	1	0	8	8	1
g	1086	498	739	8	9	0	-1	8	8	1
g	1087	516	739	7	8	1	0	8	8	1
g	1088	532	739	8	11	0	-3	8	8	1
g	1089	549	739	8	9	0	-1	8	8	1
g	1090	566	739	8	8	0	0	8	8	1
g	1091	583	739	8	11	0	-3	8	8	1
g	1092	600	737	8	13	0	-3	10	8	1
g	1093	617	739	8	8	0	0	8	8	1
g	1094	634	739	9	10	0	-2	8	8	1
g	1095	651	739	8	8	0	0	8	8	1
g	1096	668	739	8	8	0	0	8	8	1
g	1097	685	739	9	10	0	-2	8	8	1
g	1098	702	739	8	8	0	0	8	8	1
g	1099	719	739	8	8	0	0	8	8	1
g	1100	737	739	7	8	1	0	8	8	1
g	1101	753	739	8	9	0	-1	8	8	1
g	1102	770	739	8	9	0	-1	8	8	1
g	1103	787	739	8	8	0	0	8	8	1
g	1104	804	735	8	13	0	-1	12	8	1
g	1105	5	762	8	12	0	-1	11	8	1
g	1106	22	762	8	14	0	-3	11	8	1
g	1107	40	761	7	12	1	0	12	8	1
g	1108	56	765	8	9	0	-1	8	8	1
g	1109	73	765	8	9	0	-1	8	8	1
g	1110	91	762	7	11	1	0	11	8	1
g	1111	108	762	7	11	1	0	11	8	1
g	1112	125	762	6	14	1	-3	11	8	1
g	1113	141	765	9	9	0	-1	8	8	1
g	1114	158	765	9	8	0	0	8	8	1
g	1115	175	762	8	11	0	0	11	8	1
g	1116	193	761	7	12	1	0	12	8	1
g	1117	210	761	7	12	1	0	12	8	1
g	1118	226	762	8	14	0	-3	11	8	1
g	1119	244	765	7	10	1	-2	8	8	1
g	1138	260	763	8	11	0	-1	10	8	1
g	1139	277	765	8	9	0	-1	8	8	1
g	1168	295	761	7	12	1	0	12	8	1
g	1169	312	763	7	10	1	0	10	8	1
g	1170	328	763	8	10	0	0	10	8	1
g	1171	345	765	8	8	0	0	8	8	1
g	1172	362	763	8	13	0	-3	10	8	1
g	1173	380	765	7	11	1	-3	8	8	1
g	1174	395	763	10	13	-1	-3	10	8	1
g	1175	413	765	9	10	0	-2	8	8	1
g	1176	430	763	8	13	0	-3	10	8	1
g	1177	447	765	8	10	0	-2	8	8	1
g	1178	464	763	9	13	0	-3	10	8	1
g	1179	482	765	7	10	1	-2	8	8	1
g	1180	498	763	9	10	0	0	10	8	1
g	1181	515	765	8	8	0	0	8	8	1
g	1184	532	763	9	10	0	0	10	8	1
g	1185	549	765	9	8	0	0	8	8	1
g	1186	566	763	9	13	0	-3	10	8	1
g	1187	583	765	9	10	0	-2	8	8	1
g	1188	600	763	9	10	0	0	10	8	1
g	1189	617	765	9	8	0	0	8	8	1
g	1194	634	763	8	13	0	-3	10	8	1
g	1195	651	765	8	10	0	-2	8	8	1
g	1198	668	763	9	10	0	0	10	8	1
g	1199	685	765	8	11	0	-3	8	8	1
g	1200	702	763	9	10	0	0	10	8	1
g	1201	719	765	8	11	0	-3	8	8	1
g	1202	736	763	9	13	0	-3	10	8	1
g	1203	753	765	9	10	0	-2	8	8	1
g	1206	770	763	9	13	0	-3	10	8	1
g	1207	787	765	9	10	0	-2	8	8	1
g	1208	804	763	8	10	0	0	10	8	1
g	1209	5	791	8	8	0	0	8	8	1
g	1210	22	789	8	10	0	0	10	8	1
g	1211	40	788	7	11	1	0	11	8	1
g	1216	57	789	7	10	1	0	10	8	1
g	1217	73	785	9	14	0	0	14	8	1
g	1218	90	788	9	11	0	0	11	8	1
g	1231	108	788	7	11	1	0	11	8	1
g	1232	124	785	9	14	0	0	14	8	1
g	1233	141	788	8	12	0	-1	11	8	1
g	1234	158	786	9	13	0	0	13	8	1
g	1235	175	788	8	12	0	-1	11	8	1
g	1236	192	789	8	10	0	0	10	8	1
g	1237	209	791	9	9	0	-1	8	8	1
g	1238	227	785	7	14	1	0	14	8	1
g	1239	243	788	8	12	0	-1	11	8	1
g	1240	260	789	8	11	0	-1	10	8	1
g	1241	277	791	8	9	0	-1	8	8	1
g	1244	294	786	9	13	0	0	13	8	1
g	1245	311	788	9	11	0	0	11	8	1
g	1246	328	786	8	14	0	-1	13	8	1
g	1247	345	788	8	12	0	-1	11	8	1
g	1250	362	786	8	13	0	0	13	8	1
g	1251	380	789	7	10	1	0	10	8	1
g	1252	396	786	8	13	0	0	13	8	1
g	1253	414	788	7	11	1	0	11	8	1
g	1254	430	786	8	14	0	-1	13	8	1
g	1255	447	788	8	12	0	-1	11	8	1
g	1256	464	789	8	11	0	-1	10	8	1
g	1257	481	791	8	9	0	-1	8	8	1
g	1262	498	786	9	13	0	0	13	8	1
g	1263	515	789	8	13	0	-3	10	8	1
g	1264	532	786	9	13	0	0	13	8	1
g	1265	549	788	8	14	0	-3	11	8	1
g	1266	566	785	9	14	0	0	14	8	1
g	1267	583	787	8	15	0	-3	12	8	1
g	1268	600	786	8	13	0	0	13	8	1
g	1269	617	788	8	11	0	0	11	8	1
g	1272	634	786	8	13	0	0	13	8	1
g	1273	651	788	8	11	0	0	11	8	1
g	3647	668	787	8	14	0	-2	12	8	1
g	7808	685	785	9	14	0	0	14	8	1
g	7809	702	787	9	12	0	0	12	8	1
g	7810	719	785	9	14	0	0	14	8	1
g	7811	736	787	9	12	0	0	12	8	1
g	7812	753	786	9	13	0	0	13	8	1
g	7813	770	788	9	11	0	0	11	8	1
g	7838	787	789	9	11	0	-1	10	8	1
g	7840	804	789	9	13	0	-3	10	8	1
g	7841	5	817	8	11	0	-3	8	8	1
g	7842	22	811	9	14	0	0	14	8	1
g	7843	39	814	8	12	0	-1	11	8	1
g	7844	56	809	9	16	0	0	16	8	1
g	7845	73	811	9	15	0	-1	14	8	1
g	7846	90	809	9	16	0	0	16	8	1
g	7847	106	811	9	15	-1	-1	14	8	1
g	7848	124	809	9	16	0	0	16	8	1
g	7849	141	811	8	15	0	-1	14	8	1
g	7850	158	809	9	16	0	0	16	8	1
g	7851	175	812	8	14	0	-1	13	8	1
g	7852	192	811	9	17	0	-3	14	8	1
g	7853	209	814	8	14	0	-3	11	8	1
g	7854	226	809	9	16	0	0	16	8	1
g	7855	243	811	8	15	0	-1	14	8	1
g	7856	260	809	9	16	0	0	16	8	1
g	7857	277	811	8	15	0	-1	14	8	1
g	7858	294	809	9	16	0	0	16	8	1
g	7859	311	812	8	14	0	-1	13	8	1
g	7860	328	809	9	16	0	0	16	8	1
g	7861	345	812	8	14	0	-1	13	8	1
g	7862	362	811	9	17	0	-3	14	8	1
g	7863	379	814	8	14	0	-3	11	8	1
g	7864	397	815	7	13	1	-3	10	8	1
g	7865	413	817	8	11	0	-3	8	8	1
g	7866	431	811	7	14	1	0	14	8	1
g	7867	447	814	8	12	0	-1	11	8	1
g	7868	465	812	7	13	1	0	13	8	1
g	7869	481	814	8	12	0	-1	11	8	1
g	7870	499	809	8	16	1	0	16	8	1
g	7871	515	811	9	15	0	-1	14	8	1
g	7872	532	809	8	16	0	0	16	8	1
g	7873	549	811	8	15	0	-1	14	8	1
g	7874	567	809	7	16	1	0	16	8	1
g	7875	583	811	8	15	0	-1	14	8	1
g	7876	601	809	7	16	1	0	16	8	1
g	7877	617	812	8	14	0	-1	13	8	1
g	7878	635	811	7	17	1	-3	14	8	1
g	7879	651	814	8	14	0	-3	11	8	1
g	7880	669	811	7	14	1	0	14	8	1
g	7881	686	814	7	11	1	0	11	8	1
g	7882	703	815	7	13	1	-3	10	8	1
g	7883	720	814	7	14	1	-3	11	8	1
g	7884	736	815	8	13	0	-3	10	8	1
g	7885	753	817	8	11	0	-3	8	8	1
g	7886	770	811	8	15	0	-1	14	8	1
g	7887	787	814	8	12	0	-1	11	8	1
g	7888	804	809	9	17	0	-1	16	8	1
g	7889	5	837	9	15	0	-1	14	8	1
g	7890	22	835	8	17	0	-1	16	8	1
g	7891	39	837	8	15	0	-1	14	8	1
g	7892	56	835	8	17	0	-1	16	8	1
g	7893	73	837	8	15	0	-1	14	8	1
g	7894	90	835	8	17	0	-1	16	8	1
g	7895	107	838	8	14	0	-1	13	8	1
g	7896	124	837	8	17	0	-3	14	8	1
g	7897	141	840	8	14	0	-3	11	8	1
g	7898	158	837	9	15	0	-1	14	8	1
g	7899	175	839	8	13	0	-1	12	8	1
g	7900	192	837	9	15	0	-1	14	8	1
g	7901	209	839	8	13	0	-1	12	8	1
g	7902	226	837	9	15	0	-1	14	8	1
g	7903	243	840	8	12	0	-1	11	8	1
g	7904	260	838	9	14	0	-1	13	8	1
g	7905	277	840	8	12	0	-1	11	8	1
g	7906	294	839	9	15	0	-3	12	8	1
g	7907	311	842	8	12	0	-3	9	8	1
g	7908	328	841	8	13	0	-3	10	8	1
g	7909	345	843	8	11	0	-3	8	8	1
g	7910	362	837	8	15	0	-1	14	8	1
g	7911	379	840	8	12	0	-1	11	8	1
g	7912	396	837	9	15	0	-1	14	8	1
g	7913	413	839	9	13	0	-1	12	8	1
g	7914	430	837	9	15	0	-1	14	8	1
g	7915	447	839	9	13	0	-1	12	8	1
g	7916	464	837	9	15	0	-1	14	8	1
g	7917	481	840	9	12	0	-1	11	8	1
g	7918	498	838	9	14	0	-1	13	8	1
g	7919	515	840	9	12	0	-1	11	8	1
g	7920	532	839	9	15	0	-3	12	8	1
g	7921	549	842	9	12	0	-3	9	8	1
g	7922	566	837	9	14	0	0	14	8	1
g	7923	583	839	8	15	0	-3	12	8	1
g	7924	600	841	9	13	0	-3	10	8	1
g	7925	617	843	8	11	0	-3	8	8	1
g	7926	634	837	9	14	0	0	14	8	1
g	7927	651	840	8	14	0	-3	11	8	1
g	7928	668	838	9	13	0	0	13	8	1
g	7929	685	840	8	14	0	-3	11	8	1
g	8211	702	846	8	2	0	3	5	8	1
g	8212	719	846	9	2	0	3	5	8	1
g	8216	738	840	4	6	2	5	11	8	1
g	8217	755	840	4	6	2	5	11	8	1
g	8218	772	848	4	6	2	-3	3	8	1
g	8220	787	840	8	6	0	5	11	8	1
g	8221	805	840	7	6	1	5	11	8	1
g	8222	5	874	8	6	0	-3	3	8	1
g	8224	22	866	8	14	0	-3	11	8	1
g	8225	39	866	8	14	0	-3	11	8	1
g	8226	58	870	5	5	2	2	7	8	1
g	8230	73	875	8	3	0	-1	2	8	1
g	8240	90	867	9	11	0	-1	10	8	1
g	8242	109	867	4	6	2	4	10	8	1
g	8243	125	867	6	6	1	4	10	8	1
g	8249	143	870	4	7	2	0	7	8	1
g	8250	160	870	4	7	2	0	7	8	1
g	8260	175	867	9	10	0	0	10	8	1
g	8304	194	867	5	6	2	4	10	8	1
g	8308	211	867	5	6	2	4	10	8	1
g	8309	228	867	5	6	2	4	10	8	1
g	8310	245	867	5	6	2	4	10	8	1
g	8311	262	867	5	6	2	4	10	8	1
g	8312	279	867	5	6	2	4	10	8	1
g	8313	296	867	5	6	2	4	10	8	1
g	8320	313	871	5	7	2	-1	6	8	1
g	8321	330	871	5	6	2	0	6	8	1
g	8322	347	871	5	6	2	0	6	8	1
g	8323	363	871	6	7	1	-1	6	8	1
g	8324	381	871	5	6	2	0	6	8	1
g	8325	398	871	5	7	2	-1	6	8	1
g	8326	415	871	5	7	2	-1	6	8	1
g	8327	432	871	5	6	2	0	6	8	1
g	8328	449	871	5	7	2	-1	6	8	1
g	8329	466	871	5	6	2	0	6	8	1
g	8353	481	865	8	14	0	-2	12	8	1
g	8356	498	867	8	10	0	0	10	8	1
g	8358	515	867	9	10	0	0	10	8	1
g	8360	532	867	9	11	0	-1	10	8	1
g	8361	549	867	9	10	0	0	10	8	1
g	8362	566	867	8	10	0	0	10	8	1
g	8363	584	866	7	11	1	0	11	8	1
g	8364	600	867	8	11	0	-1	10	8	1
g	8365	617	867	9	10	0	0	10	8	1
g	8366	634	867	9	10	0	0	10	8	1
g	8369	651	867	9	10	0	0	10	8	1
g	8370	668	865	8	14	0	-2	12	8	1
g	8372	685	867	9	11	0	-1	10	8	1
g	8373	702	865	8	14	0	-2	12	8	1
g	8376	719	867	8	10	0	0	10	8	1
g	8377	736	867	8	10	0	0	10	8	1
g	8378	753	867	8	10	0	0	10	8	1
g	8381	770	867	8	10	0	0	10	8	1
g	8383	788	865	7	14	1	-2	12	8	1
g	8467	804	866	8	12	0	-1	11	8	1
g	8470	5	893	9	10	0	0	10	8	1
g	8482	22	893	8	5	0	5	10	8	1
g	8486	39	893	8	10	0	0	10	8	1
g	8494	56	893	9	11	0	-1	10	8	1
g	8528	73	893	9	10	0	0	10	8	1
g	8529	90	893	9	10	0	0	10	8	1
g	8531	107	893	9	11	0	-1	10	8	1
g	8532	124	893	9	11	0	-1	10	8	1
g	8533	141	893	9	11	0	-1	10	8	1
g	8534	158	893	9	11	0	-1	10	8	1
g	8535	175	893	9	11	0	-1	10	8	1
g	8536	192	893	9	11	0	-1	10	8	1
g	8537	209	893	9	11	0	-1	10	8	1
g	8538	226	893	9	11	0	-1	10	8	1
g	8539	243	893	9	11	0	-1	10	8	1
g	8540	260	893	9	11	0	-1	10	8	1
g	8541	277	893	9	11	0	-1	10	8	1
g	8542	294	893	9	11	0	-1	10	8	1
g	8592	311	894	9	8	0	1	9	8	1
g	8593	328	893	8	10	0	0	10	8	1
g	8594	345	894	9	8	0	1	9	8	1
g	8595	362	893	8	11	0	-1	10	8	1
g	8596	379	895	9	7	0	1	8	8	1
g	8597	396	893	8	11	0	-1	10	8	1
g	8598	413	894	9	8	0	1	9	8	1
g	8599	430	894	8	8	0	1	9	8	1
g	8600	447	894	8	8	0	1	9	8	1
g	8601	464	894	9	8	0	1	9	8	1
g	8617	481	894	9	9	0	0	9	8	1
g	8618	498	894	9	9	0	0	9	8	1
g	8624	515	893	8	10	0	0	10	8	1
g	8625	532	893	8	10	0	0	10	8	1
g	8626	549	893	8	10	0	0	10	8	1
g	8627	566	893	8	10	0	0	10	8	1
g	8630	583	893	9	10	0	0	10	8	1
g	8631	600	893	9	10	0	0	10	8	1
g	8634	617	893	9	11	0	-1	10	8	1
g	8635	634	893	9	11	0	-1	10	8	1
g	8644	651	892	9	13	0	-2	11	8	1
g	8646	668	892	9	13	0	-2	11	8	1
g	8706	685	893	8	11	0	-1	10	8	1
g	8710	702	893	8	10	0	0	10	8	1
g	8719	719	893	8	10	0	0	10	8	1
g	8721	736	893	8	13	0	-3	10	8	1
g	8722	753	898	8	2	0	3	5	8	1
g	8725	770	893	9	10	0	0	10	8	1
g	8730	787	893	9	10	0	0	10	8	1
g	8734	804	896	9	6	0	1	7	8	1
g	8747	5	918	8	14	0	-3	11	8	1
g	8776	22	921	8	7	0	1	8	8	1
g	8800	39	921	8	8	0	0	8	8	1
g	8804	57	920	7	9	1	0	9	8	1
g	8805	74	920	7	9	1	0	9	8	1
g	9472	89	924	10	2	-1	3	5	8	1
g	9473	106	923	10	3	-1	3	6	8	1
g	9474	127	915	2	19	3	-5	14	8	1
g	9475	144	915	3	19	3	-5	14	8	1
g	9476	158	924	8	2	0	3	5	8	1
g	9477	175	923	8	3	0	3	6	8	1
g	9478	195	916	2	18	3	-5	13	8	1
g	9479	212	916	3	18	3	-5	13	8	1
g	9480	226	924	9	2	0	3	5	8	1
g	9481	243	923	9	3	0	3	6	8	1
g	9482	263	916	2	18	3	-5	13	8	1
g	9483	280	916	3	18	3	-5	13	8	1
g	9484	297	924	6	10	3	-5	5	8	1
g	9485	314	923	6	11	3	-5	6	8	1
g	9486	331	924	6	10	3	-5	5	8	1
g	9487	348	923	6	11	3	-5	6	8	1
g	9488	361	924	6	10	-1	-5	5	8	1
g	9489	378	923	6	11	-1	-5	6	8	1
g	9490	395	924	7	10	-1	-5	5	8	1
g	9491	412	923	7	11	-1	-5	6	8	1
g	9492	433	915	6	11	3	3	14	8	1
g	9493	450	915	6	11	3	3	14	8	1
g	9494	467	915	6	11	3	3	14	8	1
g	9495	484	915	6	11	3	3	14	8	1
g	9496	497	915	6	11	-1	3	14	8	1
g	9497	514	915	6	11	-1	3	14	8	1
g	9498	531	915	7	11	-1	3	14	8	1
g	9499	548	915	7	11	-1	3	14	8	1
g	9500	569	915	6	19	3	-5	14	8	1
g	9501	586	915	6	19	3	-5	14	8	1
g	9502	603	915	6	19	3	-5	14	8	1
g	9503	620	915	6	19	3	-5	14	8	1
g	9504	637	915	6	19	3	-5	14	8	1
g	9505	654	915	6	19	3	-5	14	8	1
g	9506	671	915	6	19	3	-5	14	8	1
g	9507	688	915	6	19	3	-5	14	8	1
g	9508	701	915	6	19	-1	-5	14	8	1
g	9509	718	915	6	19	-1	-5	14	8	1
g	9510	735	915	7	19	-1	-5	14	8	1
g	9511	752	915	7	19	-1	-5	14	8	1
g	9512	769	915	7	19	-1	-5	14	8	1
g	9513	786	915	7	19	-1	-5	14	8	1
g	9514	803	915	7	19	-1	-5	14	8	1
g	9515	4	941	7	19	-1	-5	14	8	1
g	9516	21	950	10	10	-1	-5	5	8	1
g	9517	38	949	10	11	-1	-5	6	8	1
g	9518	55	949	10	11	-1	-5	6	8	1
g	9519	72	949	10	11	-1	-5	6	8	1
g	9520	89	950	10	10	-1	-5	5	8	1
g	9521	106	949	10	11	-1	-5	6	8	1
g	9522	123	949	10	11	-1	-5	6	8	1
g	9523	140	949	10	11	-1	-5	6	8	1
g	9524	157	941	10	11	-1	3	14	8	1
g	9525	174	941	10	11	-1	3	14	8	1
g	9526	191	941	10	11	-1	3	14	8	1
g	9527	208	941	10	11	-1	3	14	8	1
g	9528	225	941	10	11	-1	3	14	8	1
g	9529	242	941	10	11	-1	3	14	8	1
g	9530	259	941	10	11	-1	3	14	8	1
g	9531	276	941	10	11	-1	3	14	8	1
g	9532	293	941	10	19	-1	-5	14	8	1
g	9533	310	941	10	19	-1	-5	14	8	1
g	9534	327	941	10	19	-1	-5	14	8	1
g	9535	344	941	10	19	-1	-5	14	8	1
g	9536	361	941	10	19	-1	-5	14	8	1
g	9537	378	941	10	19	-1	-5	14	8	1
g	9538	395	941	10	19	-1	-5	14	8	1
g	9539	412	941	10	19	-1	-5	14	8	1
g	9540	429	941	10	19	-1	-5	14	8	1
g	9541	446	941	10	19	-1	-5	14	8	1
g	9542	463	941	10	19	-1	-5	14	8	1
g	9543	480	941	10	19	-1	-5	14	8	1
g	9544	497	941	10	19	-1	-5	14	8	1
g	9545	514	941	10	19	-1	-5	14	8	1
g	9546	531	941	10	19	-1	-5	14	8	1
g	9547	548	941	10	19	-1	-5	14	8	1
g	9548	567	950	7	2	1	3	5	8	1
g	9549	584	949	7	3	1	3	6	8	1
g	9550	603	945	2	12	3	-2	10	8	1
g	9551	620	945	3	12	3	-2	10	8	1
g	9552	633	949	10	4	-1	2	6	8	1
g	9553	653	941	4	19	2	-5	14	8	1
g	9554	671	949	6	11	3	-5	6	8	1
g	9555	687	950	7	10	2	-5	5	8	1
g	9556	704	949	7	11	2	-5	6	8	1
g	9557	718	949	6	11	-1	-5	6	8	1
g	9558	735	950	7	10	-1	-5	5	8	1
g	9559	752	949	7	11	-1	-5	6	8	1
g	9560	773	941	6	12	3	2	14	8	1
g	9561	789	941	7	11	2	3	14	8	1
g	9562	806	941	7	12	2	2	14	8	1
g	9563	4	967	6	12	-1	2	14	8	1
g	9564	21	967	7	11	-1	3	14	8	1
g	9565	38	967	7	12	-1	2	14	8	1
g	9566	59	967	6	19	3	-5	14	8	1
g	9567	75	967	7	19	2	-5	14	8	1
g	9568	92	967	7	19	2	-5	14	8	1
g	9569	106	967	6	19	-1	-5	14	8	1
g	9570	123	967	7	19	-1	-5	14	8	1
g	9571	140	967	7	19	-1	-5	14	8	1
g	9572	157	975	10	11	-1	-5	6	8	1
g	9573	174	976	10	10	-1	-5	5	8	1
g	9574	191	975	10	11	-1	-5	6	8	1
g	9575	208	967	10	12	-1	2	14	8	1
g	9576	225	967	10	11	-1	3	14	8	1
g	9577	242	967	10	12	-1	2	14	8	1
g	9578	259	967	10	19	-1	-5	14	8	1
g	9579	276	967	10	19	-1	-5	14	8	1
g	9580	293	967	10	19	-1	-5	14	8	1
g	9581	314	976	6	10	3	-5	5	8	1
g	9582	327	976	6	10	-1	-5	5	8	1
g	9583	344	967	6	11	-1	3	14	8	1
g	9584	365	967	6	11	3	3	14	8	1
g	9585	379	969	9	16	0	-4	12	8	1
g	9586	396	969	9	16	0	-4	12	8	1
g	9587	413	969	9	16	0	-4	12	8	1
g	9588	429	976	6	2	-1	3	5	8	1
g	9589	450	967	2	11	3	3	14	8	1
g	9590	467	976	6	2	3	3	5	8	1
g	9591	484	976	2	10	3	-5	5	8	1
g	9592	497	975	6	3	-1	3	6	8	1
g	9593	518	967	3	11	3	3	14	8	1
g	9594	535	975	6	3	3	3	6	8	1
g	9595	552	976	3	10	3	-5	5	8	1
g	9596	565	975	10	3	-1	3	6	8	1
g	9597	586	967	3	19	3	-5	14	8	1
g	9598	599	975	10	3	-1	3	6	8	1
g	9599	620	967	3	19	3	-5	14	8	1
g	9600	634	967	9	10	0	4	14	8	1
g	9601	651	983	9	3	0	-5	-2	8	1
g	9602	668	981	9	5	0	-5	0	8	1
g	9603	685	979	9	7	0	-5	2	8	1
g	9604	702	976	9	10	0	-5	5	8	1
g	9605	719	974	9	12	0	-5	7	8	1
g	9606	736	972	9	14	0	-5	9	8	1
g	9607	753	969	9	17	0	-5	12	8	1
g	9608	770	967	9	19	0	-5	14	8	1
g	9609	787	967	8	19	0	-5	14	8	1
g	9610	804	967	7	19	0	-5	14	8	1
g	9611	5	993	6	19	0	-5	14	8	1
g	9612	22	993	5	19	0	-5	14	8	1
g	9613	39	993	4	19	0	-5	14	8	1
g	9614	56	993	3	19	0	-5	14	8	1
g	9615	73	993	2	19	0	-5	14	8	1
g	9616	94	993	5	19	4	-5	14	8	1
g	9617	106	993	9	18	-1	-4	14	8	1
g	9618	123	992	9	20	-1	-5	15	8	1
g	9619	140	992	10	20	-1	-5	15	8	1
g	9620	158	993	9	3	0	11	14	8	1
g	9621	182	993	2	19	7	-5	14	8	1
g	9622	192	1002	5	10	0	-5	5	8	1
g	9623	213	1002	5	10	4	-5	5	8	1
g	9624	226	993	5	10	0	4	14	8	1
g	9625	243	993	9	19	0	-5	14	8	1
g	9626	260	993	9	19	0	-5	14	8	1
g	9627	277	993	9	19	0	-5	14	8	1
g	9628	294	993	9	19	0	-5	14	8	1
g	9629	315	993	5	10	4	4	14	8	1
g	9630	328	993	9	19	0	-5	14	8	1
g	9631	345	993	9	19	0	-5	14	8	1
g	9674	362	997	8	10	0	0	10	8	1
g	10003	379	996	9	11	0	0	11	8	1
g	10060	396	997	9	11	0	-1	10	8	1
g	11022	413	998	9	8	0	1	9	8	1
g	11023	430	998	9	8	0	1	9	8	1
g	11024	447	998	9	8	0	1	9	8	1
g	11025	464	998	9	8	0	1	9	8	1
g	63191	478	993	6	6	-3	8	14	0	1
g	63192	495	993	6	6	-3	8	14	0	1
g	64257	515	996	8	11	0	0	11	8	1
g	64258	532	996	8	11	0	0	11	8	1
