atlas	1024	2048	32	32.8	8.8	41.6
g	13	2	2	0	0	0	32.8	32.8	8.96
g	32	28	2	0	0	0	32.8	32.8	8.96
g	33	54	2	6	23	6.688	-0.349	22.339	19.2
g	34	80	2	11	10	4.416	13.699	23.683	19.2
g	35	106	2	19	23	0.352	0.003	22.339	19.2
g	36	132	2	17	30	1.184	-3.613	25.955	19.2
g	37	158	2	19	24	0.224	-0.381	22.723	19.2
g	38	184	2	19	24	0.544	-0.381	22.723	19.2
g	39	210	2	4	10	7.744	13.699	23.683	19.2
g	40	236	2	11	29	5.856	-4.413	24.323	19.2
g	41	262	2	11	29	2.592	-4.413	24.323	19.2
g	42	288	2	18	17	1.088	1.411	17.571	19.2
g	43	314	2	16	16	1.984	1.987	17.571	19.2
g	44	340	2	8	10	5.76	-4.733	5.219	19.2
g	45	366	2	10	4	4.64	7.747	11.747	19.2
g	46	392	2	7	6	6.528	-0.349	5.475	19.2
g	47	418	2	15	29	2.496	-4.413	24.323	19.2
g	48	444	2	17	24	1.152	-0.381	22.723	19.2
g	49	470	2	18	23	1.28	0.003	22.339	19.2
g	50	496	2	17	23	1.472	0.003	22.723	19.2
g	51	522	2	17	24	0.992	-0.381	22.723	19.2
g	52	548	2	18	23	0.896	0.003	22.339	19.2
g	53	574	2	17	23	1.632	-0.381	22.339	19.2
g	54	2	50	17	23	1.472	-0.381	22.339	19.2
g	55	28	50	16	23	1.76	0.003	22.339	19.2
g	56	54	50	17	24	1.344	-0.381	22.723	19.2
g	57	80	50	17	23	1.312	0.003	22.723	19.2
g	58	106	50	7	18	6.528	-0.349	16.835	19.2
g	59	132	50	8	22	5.76	-4.733	16.835	19.2
g	60	158	50	14	19	2.72	0.291	19.235	19.2
g	61	184	50	16	11	1.984	4.579	14.947	19.2
g	62	210	50	14	19	2.72	0.291	19.235	19.2
g	63	236	50	15	24	2.112	-0.349	22.723	19.2
g	64	262	50	16	27	1.44	-3.581	22.723	19.2
g	65	288	50	19	23	0.416	0.003	22.339	19.2
g	66	314	50	16	23	2.56	0.003	22.339	19.2
g	67	340	50	17	24	1.6	-0.381	22.723	19.2
g	68	366	50	16	23	2.336	0.003	22.339	19.2
g	69	392	50	15	23	2.656	0.003	22.339	19.2
g	70	418	50	15	23	2.656	0.003	22.339	19.2
g	71	444	50	16	24	1.312	-0.381	22.723	19.2
g	72	470	50	15	23	2.144	0.003	22.339	19.2
g	73	496	50	15	23	2.496	0.003	22.339	19.2
g	74	522	50	15	23	1.568	-0.381	22.339	19.2
g	75	548	50	17	23	2.336	0.003	22.339	19.2
g	76	574	50	15	23	3.2	0.003	22.339	19.2
g	77	2	98	17	23	1.536	0.003	22.339	19.2
g	78	28	98	15	23	2.144	0.003	22.339	19.2
g	79	54	98	17	24	1.152	-0.381	22.723	19.2
g	80	80	98	16	23	2.56	0.003	22.339	19.2
g	81	106	98	17	29	1.152	-5.853	22.723	19.2
g	82	132	98	16	23	2.56	0.003	22.339	19.2
g	83	158	98	17	24	1.12	-0.381	22.723	19.2
g	84	184	98	18	23	0.8	0.003	22.339	19.2
g	85	210	98	16	23	1.984	-0.381	22.339	19.2
g	86	236	98	19	23	0.544	0.003	22.339	19.2
g	87	262	98	19	23	0.576	0.003	22.339	19.2
g	88	288	98	19	23	0.448	0.003	22.339	19.2
g	89	314	98	19	23	0.256	0.003	22.339	19.2
g	90	340	98	17	23	1.536	0.003	22.339	19.2
g	91	366	98	10	29	6.24	-4.413	24.323	19.2
g	92	392	98	15	29	2.496	-4.413	24.323	19.2
g	93	418	98	10	29	3.008	-4.413	24.323	19.2
g	94	444	98	18	15	1.024	8.099	22.339	19.2
g	95	470	98	16	4	1.92	-5.917	-2.525	19.2
g	96	496	98	7	8	5.152	18.403	25.571	19.2
g	97	522	98	17	18	1.792	-0.381	16.899	19.2
g	98	548	98	16	25	2.208	-0.381	23.683	19.2
g	99	574	98	15	18	2.144	-0.381	16.899	19.2
g	100	2	146	16	25	1.44	-0.381	23.683	19.2
g	101	28	146	16	18	1.76	-0.381	16.899	19.2
g	102	54	146	16	24	2.08	0.003	23.683	19.2
g	103	80	146	17	27	1.696	-6.781	19.395	19.2
g	104	106	146	15	24	2.4	0.003	23.683	19.2
g	105	132	146	15	24	3.136	0.003	24.003	19.2
g	106	158	146	12	31	2.912	-6.397	24.003	19.2
g	107	184	146	17	24	2.464	0.003	23.683	19.2
g	108	210	146	15	24	2.304	0.003	23.683	19.2
g	109	236	146	17	17	1.184	0.003	16.899	19.2
g	110	262	146	15	17	2.4	0.003	16.899	19.2
g	111	288	146	17	18	1.536	-0.381	16.899	19.2
g	112	314	146	16	24	2.208	-6.397	16.899	19.2
g	113	340	146	16	24	1.44	-6.397	16.899	19.2
g	114	366	146	16	17	2.4	0.003	16.515	19.2
g	115	392	146	16	18	1.728	-0.381	16.899	19.2
g	116	418	146	16	23	1.312	0.003	22.339	19.2
g	117	444	146	15	17	2.24	-0.381	16.515	19.2
g	118	470	146	17	17	1.216	0.003	16.515	19.2
g	119	496	146	19	17	0.448	0.003	16.515	19.2
g	120	522	146	18	17	1.088	0.003	16.515	19.2
g	121	548	146	18	23	0.928	-6.397	16.515	19.2
g	122	574	146	15	17	2.304	0.003	16.515	19.2
g	123	2	194	14	29	3.072	-4.413	24.323	19.2
g	124	28	194	4	29	7.84	-4.413	24.323	19.2
g	125	54	194	14	29	3.072	-4.413	24.323	19.2
g	126	80	194	17	8	1.312	5.763	13.731	19.2
g	160	106	194	0	0	0	32.8	32.8	19.2
g	161	132	194	6	23	6.688	-5.853	16.867	19.2
g	162	158	194	15	24	2.144	-3.645	20.163	19.2
g	163	184	194	17	23	1.536	0.003	22.723	19.2
g	164	210	194	16	22	1.76	0.547	21.795	19.2
g	165	236	194	19	23	0.224	0.003	22.339	19.2
g	166	262	194	4	29	7.84	-4.413	24.323	19.2
g	167	288	194	15	29	2.24	-5.437	22.723	19.2
g	168	314	194	12	5	3.904	19.171	23.587	19.2
g	169	340	194	20	22	0	0.579	21.763	19.2
g	170	366	194	12	12	4.128	10.787	22.723	19.2
g	171	392	194	16	15	2.08	1.379	15.971	19.2
g	172	418	194	15	10	1.984	1.955	11.427	19.2
g	174	444	194	12	12	3.744	11.139	22.723	19.2
g	175	470	194	10	3	4.832	19.907	22.851	19.2
g	176	496	194	12	12	3.744	11.011	22.723	19.2
g	177	522	194	16	21	1.984	0.003	20.131	19.2
g	178	548	194	10	12	4.896	10.531	22.531	19.2
g	179	574	194	10	13	4.544	10.339	22.531	19.2
g	180	2	242	7	8	7.552	18.403	25.571	19.2
g	181	28	242	15	23	2.4	-6.397	16.515	19.2
g	182	54	242	17	28	0.896	-4.765	22.339	19.2
g	183	80	242	7	6	6.528	6.819	12.643	19.2
g	184	106	242	8	8	6.304	-6.717	0.867	19.2
g	185	132	242	10	12	5.152	10.531	22.339	19.2
g	186	158	242	12	12	4	10.819	22.723	19.2
g	187	184	242	16	15	1.76	1.379	15.971	19.2
g	188	210	242	19	23	0.192	0.003	22.339	19.2
g	189	236	242	19	23	0.192	0.003	22.339	19.2
g	190	262	242	19	23	0.192	0.003	22.531	19.2
g	191	288	242	15	24	2.496	-6.205	16.867	19.2
g	192	314	242	19	32	0.416	0.003	31.011	19.2
g	193	340	242	19	32	0.416	0.003	31.011	19.2
g	194	366	242	19	31	0.416	0.003	30.403	19.2
g	195	392	242	19	30	0.416	0.003	29.027	19.2
g	196	418	242	19	30	0.416	0.003	29.027	19.2
g	197	444	242	19	32	0.416	0.003	31.907	19.2
g	198	470	242	19	23	0.096	0.003	22.339	19.2
g	199	496	242	17	30	1.6	-6.717	22.723	19.2
g	200	522	242	15	32	2.656	0.003	31.011	19.2
g	201	548	242	15	32	2.656	0.003	31.011	19.2
g	202	574	242	15	31	2.656	0.003	30.403	19.2
g	203	2	290	15	30	2.656	0.003	29.027	19.2
g	204	28	290	15	32	2.496	0.003	31.011	19.2
g	205	54	290	15	32	2.496	0.003	31.011	19.2
g	206	80	290	15	31	2.496	0.003	30.403	19.2
g	207	106	290	15	30	2.496	0.003	29.027	19.2
g	208	132	290	18	23	0.448	0.003	22.339	19.2
g	209	158	290	15	30	2.144	0.003	29.027	19.2
g	210	184	290	17	32	1.152	-0.381	31.011	19.2
g	211	210	290	17	32	1.152	-0.381	31.011	19.2
g	212	236	290	17	31	1.152	-0.381	30.403	19.2
g	213	262	290	17	30	1.152	-0.381	29.027	19.2
g	214	288	290	17	30	1.152	-0.381	29.027	19.2
g	215	314	290	15	15	2.4	2.563	16.963	19.2
g	216	340	290	18	27	0.864	-1.883	24.225	19.2
g	217	366	290	16	32	1.984	-0.381	31.011	19.2
g	218	392	290	16	32	1.984	-0.381	31.011	19.2
g	219	418	290	16	31	1.984	-0.381	30.403	19.2
g	220	444	290	16	30	1.984	-0.381	29.027	19.2
g	221	470	290	19	32	0.256	0.003	31.011	19.2
g	222	496	290	16	23	2.56	0.003	22.339	19.2
g	223	522	290	17	31	2.304	-6.397	23.683	19.2
g	224	548	290	17	26	1.792	-0.381	25.571	19.2
g	225	574	290	17	26	1.792	-0.381	25.571	19.2
g	226	2	338	17	26	1.792	-0.381	24.963	19.2
g	227	28	338	17	24	1.792	-0.381	23.587	19.2
g	228	54	338	17	24	1.792	-0.381	23.587	19.2
g	229	80	338	17	27	1.792	-0.381	26.467	19.2
g	230	106	338	19	18	0.192	-0.381	16.899	19.2
g	231	132	338	15	24	2.144	-6.717	16.899	19.2
g	232	158	338	16	26	1.76	-0.381	25.571	19.2
g	233	184	338	16	26	1.76	-0.381	25.571	19.2
g	234	210	338	16	26	1.76	-0.381	24.963	19.2
g	235	236	338	16	24	1.76	-0.381	23.587	19.2
g	236	262	338	15	26	3.136	0.003	25.571	19.2
g	237	288	338	15	26	3.136	0.003	25.571	19.2
g	238	314	338	15	25	3.136	0.003	24.963	19.2
g	239	340	338	15	24	3.136	0.003	23.587	19.2
g	240	366	338	17	25	1.536	-0.381	24.099	19.2
g	241	392	338	15	24	2.4	0.003	23.587	19.2
g	242	418	338	17	26	1.536	-0.381	25.571	19.2
g	243	444	338	17	26	1.536	-0.381	25.571	19.2
g	244	470	338	17	26	1.536	-0.381	24.963	19.2
g	245	496	338	17	24	1.536	-0.381	23.587	19.2
g	246	522	338	17	24	1.536	-0.381	23.587	19.2
g	247	548	338	16	18	1.984	1.155	18.403	19.2
g	248	574	338	18	20	0.96	-1.693	18.211	19.2
g	249	2	386	15	26	2.24	-0.381	25.571	19.2
g	250	28	386	15	26	2.24	-0.381	25.571	19.2
g	251	54	386	15	26	2.24	-0.381	24.963	19.2
g	252	80	386	15	24	2.24	-0.381	23.587	19.2
g	253	106	386	18	32	0.928	-6.397	25.571	19.2
g	254	132	386	16	31	2.208	-6.397	23.683	19.2
g	255	158	386	18	30	0.928	-6.397	23.587	19.2
g	256	184	386	19	29	0.416	0.003	28.291	19.2
g	257	210	386	17	24	1.792	-0.381	22.851	19.2
g	258	236	386	19	31	0.416	0.003	30.371	19.2
g	259	262	386	17	26	1.792	-0.381	24.931	19.2
g	260	288	386	20	30	0.416	-6.717	22.339	19.2
g	261	314	386	18	24	1.792	-6.717	16.899	19.2
g	262	340	386	17	32	1.6	-0.381	31.011	19.2
g	263	366	386	15	26	2.144	-0.381	25.507	19.2
g	264	392	386	17	31	1.6	-0.381	30.403	19.2
g	265	418	386	15	26	2.144	-0.381	24.963	19.2
g	266	444	386	17	30	1.6	-0.381	29.283	19.2
g	267	470	386	15	25	2.144	-0.381	23.843	19.2
g	268	496	386	17	32	1.6	-0.381	30.659	19.2
g	269	522	386	15	26	2.144	-0.381	25.219	19.2
g	270	548	386	16	31	2.336	0.003	30.659	19.2
g	271	574	386	20	25	1.024	-0.381	23.683	19.2
g	272	2	434	18	23	0.448	0.003	22.339	19.2
g	273	28	434	18	25	1.44	-0.381	23.683	19.2
g	274	54	434	15	29	2.656	0.003	28.291	19.2
g	275	80	434	16	24	1.76	-0.381	22.851	19.2
g	276	106	434	15	31	2.656	0.003	30.371	19.2
g	277	132	434	16	26	1.76	-0.381	24.931	19.2
g	278	158	434	15	30	2.656	0.003	29.283	19.2
g	279	184	434	16	25	1.76	-0.381	23.843	19.2
g	280	210	434	16	30	2.656	-6.717	22.339	19.2
g	281	236	434	16	24	1.76	-6.717	16.899	19.2
g	282	262	434	15	31	2.656	0.003	30.659	19.2
g	283	288	434	16	26	1.76	-0.381	25.219	19.2
g	284	314	434	16	31	1.312	-0.381	30.403	19.2
g	285	340	434	17	32	1.696	-6.781	24.963	19.2
g	286	366	434	16	31	1.312	-0.381	30.371	19.2
g	287	392	434	17	32	1.696	-6.781	24.931	19.2
g	288	418	434	16	30	1.312	-0.381	29.283	19.2
g	289	444	434	17	31	1.696	-6.781	23.843	19.2
g	290	470	434	16	32	1.312	-8.445	22.723	19.2
g	291	496	434	17	33	1.696	-6.781	25.251	19.2
g	292	522	434	15	31	2.144	0.003	30.403	19.2
g	293	548	434	19	31	-1.408	0.003	30.787	19.2
g	294	574	434	19	23	0.224	0.003	22.339	19.2
g	295	2	482	17	24	0.512	0.003	23.683	19.2
g	296	28	482	15	30	2.496	0.003	29.027	19.2
g	297	54	482	15	24	3.136	0.003	23.587	19.2
g	298	80	482	15	29	2.496	0.003	28.291	19.2
g	299	106	482	15	23	3.136	0.003	22.851	19.2
g	300	132	482	15	31	2.496	0.003	30.371	19.2
g	301	158	482	15	25	3.136	0.003	24.931	19.2
g	302	184	482	16	30	2.496	-6.717	22.339	19.2
g	303	210	482	16	31	3.136	-6.717	24.003	19.2
g	304	236	482	15	30	2.496	0.003	29.283	19.2
g	305	262	482	15	17	3.136	0.003	16.515	19.2
g	306	288	482	15	23	1.984	-0.381	22.339	19.2
g	307	314	482	16	31	2.08	-6.397	24.003	19.2
g	308	340	482	15	31	1.568	-0.381	30.403	19.2
g	309	366	482	15	32	2.912	-6.397	24.963	19.2
g	310	392	482	17	31	2.336	-8.445	22.339	19.2
g	311	418	482	17	33	2.464	-8.445	23.683	19.2
g	312	444	482	17	17	2.464	0.003	16.515	19.2
g	313	470	482	15	32	3.2	0.003	31.011	19.2
g	314	496	482	15	32	2.304	0.003	31.395	19.2
g	315	522	482	15	31	3.2	-8.445	22.339	19.2
g	316	548	482	15	33	2.304	-8.445	23.683	19.2
g	317	574	482	15	24	3.2	0.003	23.683	19.2
g	318	2	530	17	24	2.304	0.003	23.683	19.2
g	319	28	530	15	23	3.2	0.003	22.339	19.2
g	320	54	530	17	24	2.016	0.003	23.683	19.2
g	321	80	530	17	23	1.12	0.003	22.339	19.2
g	322	106	530	15	24	2.304	0.003	23.683	19.2
g	323	132	530	15	32	2.144	0.003	31.011	19.2
g	324	158	530	15	26	2.4	0.003	25.571	19.2
g	325	184	530	15	31	2.144	-8.445	22.339	19.2
g	326	210	530	15	26	2.4	-8.445	16.899	19.2
g	327	236	530	15	31	2.144	0.003	30.659	19.2
g	328	262	530	15	26	2.4	0.003	25.219	19.2
g	329	288	530	18	24	0	0.003	23.683	19.2
g	330	314	530	15	29	2.144	-6.397	22.339	19.2
g	331	340	530	15	24	2.4	-6.397	16.899	19.2
g	332	366	530	17	29	1.152	-0.381	28.291	19.2
g	333	392	530	17	24	1.536	-0.381	22.851	19.2
g	334	418	530	17	31	1.152	-0.381	30.371	19.2
g	335	444	530	17	26	1.536	-0.381	24.931	19.2
g	336	470	530	17	32	1.152	-0.381	30.915	19.2
g	337	496	530	17	26	1.536	-0.381	25.475	19.2
g	338	522	530	18	23	0.576	0.003	22.339	19.2
g	339	548	530	19	18	0.416	-0.381	16.899	19.2
g	340	574	530	16	32	2.56	0.003	31.011	19.2
g	341	2	578	16	26	2.4	0.003	25.571	19.2
g	342	28	578	16	31	2.56	-8.445	22.339	19.2
g	343	54	578	16	25	2.4	-8.445	16.515	19.2
g	344	80	578	16	31	2.56	0.003	30.659	19.2
g	345	106	578	16	26	2.4	0.003	25.219	19.2
g	346	132	578	17	32	1.12	-0.381	31.011	19.2
g	347	158	578	16	26	1.728	-0.381	25.571	19.2
g	348	184	578	17	31	1.12	-0.381	30.403	19.2
g	349	210	578	16	26	1.728	-0.381	24.963	19.2
g	350	236	578	17	30	1.12	-6.717	22.723	19.2
g	351	262	578	16	24	1.728	-6.717	16.899	19.2
g	352	288	578	17	32	1.12	-0.381	30.659	19.2
g	353	314	578	16	26	1.728	-0.381	25.219	19.2
g	354	340	578	18	30	0.8	-6.717	22.339	19.2
g	355	366	578	16	30	1.312	-6.717	22.339	19.2
g	356	392	578	18	31	0.8	0.003	30.659	19.2
g	357	418	578	16	25	1.312	0.003	24.739	19.2
g	358	444	578	18	23	0.8	0.003	22.339	19.2
g	359	470	578	16	23	1.312	0.003	22.339	19.2
g	360	496	578	16	30	1.984	-0.381	29.027	19.2
g	361	522	578	15	24	2.24	-0.381	23.587	19.2
g	362	548	578	16	29	1.984	-0.381	28.291	19.2
g	363	574	578	15	24	2.24	-0.381	22.851	19.2
g	364	2	626	16	31	1.984	-0.381	30.371	19.2
g	365	28	626	15	26	2.24	-0.381	24.931	19.2
g	366	54	626	16	33	1.984	-0.381	31.907	19.2
g	367	80	626	15	27	2.24	-0.381	26.467	19.2
g	368	106	626	16	32	1.984	-0.381	30.915	19.2
g	369	132	626	15	26	2.24	-0.381	25.475	19.2
g	370	158	626	16	30	1.984	-6.717	22.339	19.2
g	371	184	626	16	24	2.24	-6.717	16.515	19.2
g	372	210	626	19	31	0.576	0.003	30.403	19.2
g	373	236	626	19	25	0.448	0.003	24.963	19.2
g	374	262	626	19	31	0.256	0.003	30.403	19.2
g	375	288	626	18	32	0.928	-6.397	24.963	19.2
g	376	314	626	19	30	0.256	0.003	29.027	19.2
g	377	340	626	17	32	1.536	0.003	31.011	19.2
g	378	366	626	15	26	2.304	0.003	25.571	19.2
g	379	392	626	17	30	1.536	0.003	29.283	19.2
g	380	418	626	15	24	2.304	0.003	23.843	19.2
g	381	444	626	17	31	1.536	0.003	30.659	19.2
g	382	470	626	15	26	2.304	0.003	25.219	19.2
g	383	496	626	16	24	2.08	0.003	23.683	19.2
g	399	522	626	17	24	1.152	-0.381	22.723	19.2
g	402	548	626	22	29	-1.536	-6.397	22.339	19.2
g	416	574	626	18	27	1.152	-0.381	25.987	19.2
g	417	2	674	17	21	1.536	-0.381	20.163	19.2
g	431	28	674	18	27	1.984	-0.381	25.987	19.2
g	432	54	674	17	21	2.24	-0.381	20.163	19.2
g	461	80	674	19	31	0.416	0.003	30.659	19.2
g	462	106	674	17	26	1.792	-0.381	25.219	19.2
g	463	132	674	15	31	2.496	0.003	30.659	19.2
g	464	158	674	15	26	3.136	0.003	25.219	19.2
g	465	184	674	17	32	1.152	-0.381	30.659	19.2
g	466	210	674	17	26	1.536	-0.381	25.219	19.2
g	467	236	674	16	32	1.984	-0.381	30.659	19.2
g	468	262	674	15	26	2.24	-0.381	25.219	19.2
g	469	288	674	16	34	1.984	-0.381	33.059	19.2
g	470	314	674	15	28	2.24	-0.381	27.619	19.2
g	471	340	674	16	36	1.984	-0.381	35.587	19.2
g	472	366	674	15	31	2.24	-0.381	30.147	19.2
g	473	392	674	16	36	1.984	-0.381	35.619	19.2
g	474	418	674	15	31	2.24	-0.381	30.179	19.2
g	475	444	674	16	36	1.984	-0.381	35.587	19.2
g	476	470	674	15	31	2.24	-0.381	30.147	19.2
g	506	496	674	19	37	0.416	0.003	36.579	19.2
g	507	522	674	17	32	1.792	-0.381	31.139	19.2
g	508	548	674	19	32	0.096	0.003	31.011	19.2
g	509	574	674	19	26	0.192	-0.381	25.571	19.2
g	510	2	722	18	33	0.864	-1.883	31.011	19.2
g	511	28	722	18	28	0.96	-1.693	25.571	19.2
g	536	54	722	17	32	1.12	-8.445	22.723	19.2
g	537	80	722	16	26	1.728	-8.445	16.899	19.2
g	538	106	722	18	31	0.8	-8.445	22.339	19.2
g	539	132	722	16	31	1.312	-8.445	22.339	19.2
g	567	158	722	12	23	2.912	-6.397	16.515	19.2
g	601	184	722	16	18	1.76	-0.381	16.899	19.2
g	699	210	722	6	7	7.296	18.627	25.251	19.2
g	700	236	722	5	7	4.896	17.059	23.683	19.2
g	710	262	722	12	7	3.712	18.435	24.963	19.2
g	711	288	722	12	7	3.712	18.691	25.219	19.2
g	728	314	722	12	7	3.712	18.499	24.931	19.2
g	729	340	722	6	5	6.976	18.915	23.843	19.2
g	730	366	722	9	9	5.184	17.795	26.467	19.2
g	731	392	722	8	8	3.072	-6.717	0.675	19.2
g	732	418	722	12	5	3.744	19.139	23.587	19.2
g	733	444	722	13	8	4.608	18.403	25.475	19.2
g	768	470	722	7	8	-4.416	18.403	25.571	0
g	769	496	722	7	8	-2.016	18.403	25.571	0
g	770	522	722	12	7	-5.856	18.435	24.963	0
g	771	548	722	12	5	-5.824	19.139	23.587	0
g	772	574	722	10	3	-4.736	19.907	22.851	0
g	774	2	770	12	7	-5.856	18.499	24.931	0
g	775	28	770	6	5	-2.592	18.915	23.843	0
g	776	54	770	12	5	-5.664	19.171	23.587	0
g	777	80	770	8	8	-3.488	18.083	25.091	0
g	778	106	770	9	9	-4.384	17.795	26.467	0
g	779	132	770	13	8	-4.96	18.403	25.475	0
g	780	158	770	12	7	-5.856	18.691	25.219	0
g	786	184	770	6	7	-2.272	18.627	25.251	0
g	789	210	770	5	7	0.032	17.059	23.683	0
g	795	236	770	8	7	-3.552	14.019	20.163	0
g	803	262	770	5	5	-2.368	-6.205	-1.789	0
g	806	288	770	6	7	-2.912	-8.445	-1.821	0
g	807	314	770	8	8	-3.264	-6.717	0.867	0
g	808	340	770	8	8	-6.496	-6.717	0.675	0
g	960	366	770	18	17	0.64	0.003	16.515	19.2
g	1024	392	770	15	32	2.656	0.003	31.011	19.2
g	1025	418	770	15	30	2.656	0.003	29.027	19.2
g	1026	444	770	19	29	0.256	-5.853	22.339	19.2
g	1027	470	770	14	32	3.648	0.003	31.011	19.2
g	1028	496	770	17	24	1.408	-0.381	22.723	19.2
g	1029	522	770	17	24	1.12	-0.381	22.723	19.2
g	1030	548	770	15	23	2.496	0.003	22.339	19.2
g	1031	574	770	15	30	2.496	0.003	29.027	19.2
g	1032	2	818	15	23	1.568	-0.381	22.339	19.2
g	1033	28	818	20	23	-0.096	-0.125	22.339	19.2
g	1034	54	818	18	23	1.088	0.003	22.339	19.2
g	1035	80	818	19	23	0.256	0.003	22.339	19.2
g	1036	106	818	17	32	2.144	0.003	31.011	19.2
g	1037	132	818	16	32	1.984	0.003	31.011	19.2
g	1038	158	818	18	31	0.768	0.003	30.339	19.2
g	1039	184	818	15	28	2.144	-4.797	22.339	19.2
g	1040	210	818	19	23	0.416	0.003	22.339	19.2
g	1041	236	818	16	23	2.24	0.003	22.339	19.2
g	1042	262	818	16	23	2.56	0.003	22.339	19.2
g	1043	288	818	14	23	3.648	0.003	22.339	19.2
g	1044	314	818	19	28	0.384	-4.797	22.339	19.2
g	1045	340	818	15	23	2.656	0.003	22.339	19.2
g	1046	366	818	20	23	0.064	0.003	22.339	19.2
g	1047	392	818	16	24	1.248	-0.381	22.723	19.2
g	1048	418	818	16	23	1.984	0.003	22.339	19.2
g	1049	444	818	16	31	1.984	0.003	30.339	19.2
g	1050	470	818	17	23	2.144	0.003	22.339	19.2
g	1051	496	818	17	23	0.32	-0.125	22.339	19.2
g	1052	522	818	17	23	1.536	0.003	22.339	19.2
g	1053	548	818	15	23	2.144	0.003	22.339	19.2
g	1054	574	818	17	24	1.152	-0.381	22.723	19.2
g	1055	2	866	15	23	2.144	0.003	22.339	19.2
g	1056	28	866	16	23	2.56	0.003	22.339	19.2
g	1057	54	866	17	24	1.6	-0.381	22.723	19.2
g	1058	80	866	18	23	0.8	0.003	22.339	19.2
g	1059	106	866	18	23	0.768	0.003	22.339	19.2
g	1060	132	866	18	25	0.8	-1.053	23.331	19.2
g	1061	158	866	19	23	0.448	0.003	22.339	19.2
g	1062	184	866	17	28	1.792	-4.797	22.339	19.2
g	1063	210	866	16	23	1.408	0.003	22.339	19.2
g	1064	236	866	18	23	1.088	0.003	22.339	19.2
g	1065	262	866	18	28	1.088	-4.797	22.339	19.2
g	1066	288	866	19	23	0.192	0.003	22.339	19.2
g	1067	314	866	18	23	1.088	0.003	22.339	19.2
g	1068	340	866	16	23	2.4	0.003	22.339	19.2
g	1069	366	866	17	24	1.376	-0.381	22.723	19.2
g	1070	392	866	18	24	1.088	-0.381	22.723	19.2
g	1071	418	866	16	23	1.088	0.003	22.339	19.2
g	1072	444	866	17	18	1.792	-0.381	16.899	19.2
g	1073	470	866	16	25	1.728	-0.381	23.907	19.2
g	1074	496	866	15	17	2.816	0.003	16.515	19.2
g	1075	522	866	13	17	4.032	0.003	16.515	19.2
g	1076	548	866	19	21	0.448	-4.477	16.515	19.2
g	1077	574	866	16	18	1.76	-0.381	16.899	19.2
g	1078	2	914	18	17	0.608	0.003	16.515	19.2
g	1079	28	914	16	18	1.728	-0.381	16.899	19.2
g	1080	54	914	15	17	2.432	0.003	16.515	19.2
g	1081	80	914	15	25	2.432	0.003	24.899	19.2
g	1082	106	914	15	17	2.624	0.003	16.515	19.2
g	1083	132	914	16	17	0.736	-0.125	16.515	19.2
g	1084	158	914	16	17	1.792	0.003	16.515	19.2
g	1085	184	914	15	17	2.432	0.003	16.515	19.2
g	1086	210	914	17	18	1.536	-0.381	16.899	19.2
g	1087	236	914	15	17	2.432	0.003	16.515	19.2
g	1088	262	914	16	24	2.208	-6.397	16.899	19.2
g	1089	288	914	15	18	2.144	-0.381	16.899	19.2
g	1090	314	914	16	17	1.952	0.003	16.515	19.2
g	1091	340	914	18	23	0.928	-6.397	16.515	19.2
g	1092	366	914	18	30	0.992	-6.397	22.723	19.2
g	1093	392	914	18	17	1.088	0.003	16.515	19.2
g	1094	418	914	17	21	2.048	-4.477	16.515	19.2
g	1095	444	914	15	17	2.016	0.003	16.515	19.2
g	1096	470	914	17	17	1.184	0.003	16.515	19.2
g	1097	496	914	19	21	1.088	-4.477	16.515	19.2
g	1098	522	914	18	17	0.448	0.003	16.515	19.2
g	1099	548	914	17	17	1.184	0.003	16.515	19.2
g	1100	574	914	15	17	2.976	0.003	16.515	19.2
g	1101	2	962	15	18	2.112	-0.381	16.899	19.2
g	1102	28	962	17	18	1.184	-0.381	16.899	19.2
g	1103	54	962	15	17	1.664	0.003	16.515	19.2
g	1104	80	962	16	26	1.76	-0.381	25.571	19.2
g	1105	106	962	16	24	1.76	-0.381	23.587	19.2
g	1106	132	962	17	31	0.512	-6.397	23.683	19.2
g	1107	158	962	13	26	4.032	0.003	25.571	19.2
g	1108	184	962	15	18	2.144	-0.381	16.899	19.2
g	1109	210	962	16	18	1.728	-0.381	16.899	19.2
g	1110	236	962	15	24	3.136	0.003	24.003	19.2
g	1111	262	962	15	24	3.136	0.003	23.587	19.2
g	1112	288	962	12	31	2.912	-6.397	24.003	19.2
g	1113	314	962	19	17	0.032	-0.125	16.515	19.2
g	1114	340	962	18	17	1.184	0.003	16.515	19.2
g	1115	366	962	17	24	0.512	0.003	23.683	19.2
g	1116	392	962	15	26	2.624	0.003	25.571	19.2
g	1117	418	962	15	26	2.432	0.003	25.571	19.2
g	1118	444	962	18	32	0.928	-6.397	24.899	19.2
g	1119	470	962	15	21	2.432	-4.477	16.515	19.2
g	1138	496	962	17	24	1.152	-0.381	22.723	19.2
g	1139	522	962	17	18	1.536	-0.381	16.899	19.2
g	1168	548	962	14	28	3.648	0.003	27.139	19.2
g	1169	574	962	13	21	4.032	0.003	20.995	19.2
g	1170	2	1010	17	23	1.344	0.003	22.339	19.2
g	1171	28	1010	16	17	1.664	0.003	16.515	19.2
g	1172	54	1010	16	29	2.208	-5.853	22.339	19.2
g	1173	80	1010	15	23	2.72	-6.397	16.515	19.2
g	1174	106	1010	21	28	-0.256	-4.797	22.339	19.2
g	1175	132	1010	20	21	0.224	-4.477	16.515	19.2
g	1176	158	1010	16	28	1.248	-4.797	22.723	19.2
g	1177	184	1010	16	22	1.728	-4.477	16.899	19.2
g	1178	210	1010	17	28	1.888	-4.797	22.339	19.2
g	1179	236	1010	16	21	2.304	-4.477	16.515	19.2
g	1180	262	1010	18	23	1.184	0.003	22.339	19.2
g	1181	288	1010	17	17	1.504	0.003	16.515	19.2
g	1184	314	1010	20	23	0	0.003	22.339	19.2
g	1185	340	1010	19	17	0.224	0.003	16.515	19.2
g	1186	366	1010	17	28	1.824	-4.797	22.339	19.2
g	1187	392	1010	17	21	2.048	-4.477	16.515	19.2
g	1188	418	1010	18	23	1.088	0.003	22.339	19.2
g	1189	444	1010	18	17	1.184	0.003	16.515	19.2
g	1194	470	1010	17	28	1.6	-4.797	22.723	19.2
g	1195	496	1010	15	22	2.144	-4.477	16.899	19.2
g	1198	522	1010	19	23	0.256	0.003	22.339	19.2
g	1199	548	1010	17	23	1.216	-6.397	16.515	19.2
g	1200	574	1010	19	23	0.256	0.003	22.339	19.2
g	1201	2	1058	17	23	1.216	-6.397	16.515	19.2
g	1202	28	1058	20	28	0.256	-4.797	22.339	19.2
g	1203	54	1058	18	21	1.088	-4.477	16.515	19.2
g	1206	80	1058	18	28	1.056	-4.797	22.339	19.2
g	1207	106	1058	17	21	1.824	-4.477	16.515	19.2
g	1208	132	1058	17	23	1.184	0.003	22.339	19.2
g	1209	158	1058	15	17	1.856	0.003	16.515	19.2
g	1210	184	1058	16	23	2.208	0.003	22.339	19.2
g	1211	210	1058	15	24	2.4	0.003	23.683	19.2
g	1216	236	1058	15	23	2.496	0.003	22.339	19.2
g	1217	262	1058	20	31	0.064	0.003	30.339	19.2
g	1218	288	1058	18	25	0.608	0.003	24.899	19.2
g	1231	314	1058	15	24	2.304	0.003	23.683	19.2
g	1232	340	1058	19	31	0.416	0.003	30.339	19.2
g	1233	366	1058	17	26	1.792	-0.381	24.899	19.2
g	1234	392	1058	19	30	0.416	0.003	29.027	19.2
g	1235	418	1058	17	24	1.792	-0.381	23.587	19.2
g	1236	444	1058	19	23	0.096	0.003	22.339	19.2
g	1237	470	1058	19	18	0.192	-0.381	16.899	19.2
g	1238	496	1058	15	31	2.656	0.003	30.339	19.2
g	1239	522	1058	16	26	1.76	-0.381	24.899	19.2
g	1240	548	1058	17	24	1.152	-0.381	22.723	19.2
g	1241	574	1058	16	18	1.76	-0.381	16.899	19.2
g	1244	2	1106	20	30	0.064	0.003	29.027	19.2
g	1245	28	1106	18	24	0.608	0.003	23.587	19.2
g	1246	54	1106	16	30	1.248	-0.381	29.027	19.2
g	1247	80	1106	16	24	1.728	-0.381	23.587	19.2
g	1250	106	1106	16	29	1.984	0.003	28.291	19.2
g	1251	132	1106	15	23	2.432	0.003	22.851	19.2
g	1252	158	1106	16	30	1.984	0.003	29.027	19.2
g	1253	184	1106	15	24	2.432	0.003	23.587	19.2
g	1254	210	1106	17	30	1.152	-0.381	29.027	19.2
g	1255	236	1106	17	24	1.536	-0.381	23.587	19.2
g	1256	262	1106	17	24	1.152	-0.381	22.723	19.2
g	1257	288	1106	17	18	1.536	-0.381	16.899	19.2
g	1262	314	1106	18	29	0.768	0.003	28.291	19.2
g	1263	340	1106	18	30	0.928	-6.397	22.851	19.2
g	1264	366	1106	18	30	0.768	0.003	29.027	19.2
g	1265	392	1106	18	30	0.928	-6.397	23.587	19.2
g	1266	418	1106	18	31	0.768	0.003	30.915	19.2
g	1267	444	1106	18	32	0.928	-6.397	25.475	19.2
g	1268	470	1106	16	30	1.408	0.003	29.027	19.2
g	1269	496	1106	15	24	2.016	0.003	23.587	19.2
g	1272	522	1106	18	30	1.088	0.003	29.027	19.2
g	1273	548	1106	17	24	1.184	0.003	23.587	19.2
g	3647	574	1106	16	30	2.272	-3.613	25.955	19.203
g	7808	2	1154	19	32	0.576	0.003	31.011	19.2
g	7809	28	1154	19	26	0.448	0.003	25.571	19.2
g	7810	54	1154	19	32	0.576	0.003	31.011	19.2
g	7811	80	1154	19	26	0.448	0.003	25.571	19.2
g	7812	106	1154	19	30	0.576	0.003	29.027	19.2
g	7813	132	1154	19	24	0.448	0.003	23.587	19.2
g	7838	158	1154	18	23	1.632	-0.381	22.339	19.2
g	7840	184	1154	19	29	0.416	-6.205	22.339	19.2
g	7841	210	1154	17	24	1.792	-6.205	16.899	19.2
g	7842	236	1154	19	31	0.416	0.003	30.531	19.2
g	7843	262	1154	17	26	1.792	-0.381	25.091	19.2
g	7844	288	1154	19	36	0.416	0.003	35.587	19.2
g	7845	314	1154	17	31	1.792	-0.381	30.147	19.2
g	7846	340	1154	19	36	0.224	0.003	35.587	19.2
g	7847	366	1154	19	31	-0.16	-0.381	30.147	19.2
g	7848	392	1154	19	36	0.416	0.003	35.171	19.2
g	7849	418	1154	17	31	1.792	-0.381	29.731	19.2
g	7850	444	1154	19	35	0.416	0.003	34.947	19.2
g	7851	470	1154	17	30	1.792	-0.381	29.507	19.2
g	7852	496	1154	19	37	0.416	-6.205	30.403	19.2
g	7853	522	1154	17	32	1.792	-6.205	24.963	19.2
g	7854	548	1154	19	36	0.416	0.003	35.555	19.2
g	7855	574	1154	17	31	1.792	-0.381	30.115	19.2
g	7856	2	1202	19	36	0.416	0.003	35.555	19.2
g	7857	28	1202	17	31	1.792	-0.381	30.115	19.2
g	7858	54	1202	19	36	0.416	0.003	35.107	19.2
g	7859	80	1202	17	31	1.792	-0.381	29.667	19.2
g	7860	106	1202	19	35	0.416	0.003	34.627	19.2
g	7861	132	1202	17	30	1.792	-0.381	29.187	19.2
g	7862	158	1202	19	37	0.416	-6.205	30.371	19.2
g	7863	184	1202	17	32	1.792	-6.205	24.931	19.2
g	7864	210	1202	15	29	2.656	-6.205	22.339	19.2
g	7865	236	1202	16	24	1.76	-6.205	16.899	19.2
g	7866	262	1202	15	31	2.656	0.003	30.531	19.2
g	7867	288	1202	16	26	1.76	-0.381	25.091	19.2
g	7868	314	1202	15	30	2.656	0.003	29.027	19.2
g	7869	340	1202	16	24	1.76	-0.381	23.587	19.2
g	7870	366	1202	17	36	2.656	0.003	35.587	19.2
g	7871	392	1202	18	31	1.76	-0.381	30.147	19.2
g	7872	418	1202	17	36	0.32	0.003	35.587	19.2
g	7873	444	1202	18	31	0.256	-0.381	30.147	19.2
g	7874	470	1202	16	36	2.656	0.003	35.171	19.2
g	7875	496	1202	17	31	1.76	-0.381	29.731	19.2
g	7876	522	1202	15	35	2.656	0.003	34.947	19.2
g	7877	548	1202	16	30	1.76	-0.381	29.507	19.2
g	7878	574	1202	15	37	2.656	-6.205	30.403	19.2
g	7879	2	1250	16	32	1.76	-6.205	24.963	19.2
g	7880	28	1250	15	31	2.496	0.003	30.531	19.2
g	7881	54	1250	15	26	3.136	0.003	25.091	19.2
g	7882	80	1250	15	29	2.496	-6.205	22.339	19.2
g	7883	106	1250	15	31	3.136	-6.205	24.003	19.2
g	7884	132	1250	17	29	1.152	-6.205	22.723	19.2
g	7885	158	1250	17	24	1.536	-6.205	16.899	19.2
g	7886	184	1250	17	31	1.152	-0.381	30.531	19.2
g	7887	210	1250	17	26	1.536	-0.381	25.091	19.2
g	7888	236	1250	18	36	1.152	-0.381	35.587	19.2
g	7889	262	1250	18	31	1.536	-0.381	30.147	19.2
g	7890	288	1250	18	36	0.224	-0.381	35.587	19.2
g	7891	314	1250	18	31	0.224	-0.381	30.147	19.2
g	7892	340	1250	17	36	1.152	-0.381	35.171	19.2
g	7893	366	1250	17	31	1.536	-0.381	29.731	19.2
g	7894	392	1250	17	36	1.152	-0.381	34.947	19.2
g	7895	418	1250	17	30	1.536	-0.381	29.507	19.2
g	7896	444	1250	17	37	1.152	-6.205	30.403	19.2
g	7897	470	1250	17	32	1.536	-6.205	24.963	19.2
g	7898	496	1250	18	32	1.152	-0.381	31.011	19.2
g	7899	522	1250	17	26	1.536	-0.381	25.571	19.2
g	7900	548	1250	18	32	1.152	-0.381	31.011	19.2
g	7901	574	1250	17	26	1.536	-0.381	25.571	19.2
g	7902	2	1298	18	31	1.152	-0.381	30.531	19.2
g	7903	28	1298	17	26	1.536	-0.381	25.091	19.2
g	7904	54	1298	18	30	1.152	-0.381	28.995	19.2
g	7905	80	1298	17	24	1.536	-0.381	23.555	19.2
g	7906	106	1298	18	33	1.152	-6.205	25.987	19.2
g	7907	132	1298	17	27	1.536	-6.205	20.163	19.2
g	7908	158	1298	16	29	1.984	-6.205	22.339	19.2
g	7909	184	1298	15	23	2.24	-6.205	16.515	19.2
g	7910	210	1298	16	31	1.984	-0.381	30.531	19.2
g	7911	236	1298	15	26	2.24	-0.381	25.091	19.2
g	7912	262	1298	18	32	1.984	-0.381	31.011	19.2
g	7913	288	1298	17	26	2.24	-0.381	25.571	19.2
g	7914	314	1298	18	32	1.984	-0.381	31.011	19.2
g	7915	340	1298	17	26	2.24	-0.381	25.571	19.2
g	7916	366	1298	18	31	1.984	-0.381	30.531	19.2
g	7917	392	1298	17	26	2.24	-0.381	25.091	19.2
g	7918	418	1298	18	30	1.984	-0.381	28.995	19.2
g	7919	444	1298	17	24	2.24	-0.381	23.555	19.2
g	7920	470	1298	18	33	1.984	-6.205	25.987	19.2
g	7921	496	1298	17	27	2.24	-6.205	20.163	19.2
g	7922	522	1298	19	32	0.256	0.003	31.011	19.2
g	7923	548	1298	18	32	0.928	-6.397	25.571	19.2
g	7924	574	1298	19	29	0.256	-6.205	22.339	19.2
g	7925	2	1346	18	23	0.928	-6.397	16.515	19.2
g	7926	28	1346	19	31	0.256	0.003	30.531	19.2
g	7927	54	1346	18	32	0.928	-6.397	25.091	19.2
g	7928	80	1346	19	30	0.256	0.003	29.027	19.2
g	7929	106	1346	18	30	0.928	-6.397	23.587	19.2
g	8211	132	1346	16	4	1.92	8.035	11.427	19.2
g	8212	158	1346	20	4	0	8.035	11.427	19.2
g	8216	184	1346	8	10	5.504	13.699	23.683	19.2
g	8217	210	1346	8	10	6.432	13.699	23.683	19.2
g	8218	236	1346	8	10	5.76	-4.733	5.219	19.2
g	8220	262	1346	16	10	1.568	13.699	23.683	19.2
g	8221	288	1346	16	10	2.496	13.699	23.683	19.2
g	8222	314	1346	16	10	2.08	-4.733	5.219	19.2
g	8224	340	1346	16	31	2.048	-6.397	23.683	19.2
g	8225	366	1346	16	31	2.048	-6.397	23.683	19.2
g	8226	392	1346	10	9	4.992	5.283	14.179	19.2
g	8230	418	1346	18	5	1.088	-0.189	4.515	19.2
g	8240	444	1346	20	24	0	-0.381	22.723	19.2
g	8242	470	1346	6	11	6.784	11.395	22.339	19.2
g	8243	496	1346	13	11	3.424	11.395	22.339	19.2
g	8249	522	1346	8	15	5.504	1.379	15.971	19.2
g	8250	548	1346	8	15	5.984	1.379	15.971	19.2
g	8260	574	1346	19	23	0.192	0.003	22.339	19.2
g	8304	2	1394	10	13	4.64	10.339	22.531	19.2
g	8308	28	1394	10	12	4.576	10.531	22.339	19.2
g	8309	54	1394	10	12	4.8	10.339	22.339	19.2
g	8310	80	1394	10	12	4.864	10.339	22.339	19.2
g	8311	106	1394	10	12	5.248	10.531	22.339	19.2
g	8312	132	1394	10	13	4.832	10.339	22.531	19.2
g	8313	158	1394	10	12	4.736	10.531	22.531	19.2
g	8320	184	1394	10	13	4.64	-0.189	12.003	19.2
g	8321	210	1394	10	12	5.152	0.003	11.811	19.2
g	8322	236	1394	10	12	4.896	0.003	12.003	19.2
g	8323	262	1394	10	13	4.544	-0.189	12.003	19.2
g	8324	288	1394	10	12	4.576	0.003	11.811	19.2
g	8325	314	1394	10	12	4.8	-0.189	11.811	19.2
g	8326	340	1394	10	12	4.864	-0.189	11.811	19.2
g	8327	366	1394	10	12	5.248	0.003	11.811	19.2
g	8328	392	1394	10	13	4.832	-0.189	12.003	19.2
g	8329	418	1394	10	12	4.736	0.003	12.003	19.2
g	8353	444	1394	17	30	1.6	-3.613	25.955	19.2
g	8356	470	1394	17	23	1.6	0.003	22.723	19.2
g	8358	496	1394	18	23	0.768	0.003	22.339	19.2
g	8360	522	1394	18	23	1.312	-0.381	22.339	19.2
g	8361	548	1394	19	23	0.416	0.003	22.339	19.2
g	8362	574	1394	17	23	1.344	0.003	22.339	19.203
g	8363	2	1442	16	24	2.368	0.003	23.683	19.2
g	8364	28	1442	17	24	1.696	-0.381	22.723	19.2
g	8365	54	1442	19	23	0.704	0.003	22.339	19.2
g	8366	80	1442	18	23	0.8	0.003	22.339	19.2
g	8369	106	1442	18	23	0.832	0.003	22.339	19.2
g	8370	132	1442	16	30	1.312	-3.613	25.955	19.2
g	8372	158	1442	18	24	0.864	-0.381	22.723	19.2
g	8373	184	1442	17	30	1.6	-3.613	25.955	19.2
g	8376	210	1442	17	23	1.44	0.003	22.339	19.2
g	8377	236	1442	17	23	1.568	0.003	22.339	19.2
g	8378	262	1442	17	23	1.408	0.003	22.339	19.2
g	8381	288	1442	17	23	1.152	0.003	22.339	19.2
g	8383	314	1442	16	30	2.56	-3.613	25.955	19.2
g	8467	340	1442	16	25	1.376	-0.381	24.067	19.2
g	8470	366	1442	19	23	0.8	0.003	22.595	19.2
g	8482	392	1442	18	10	0.448	13.187	22.339	19.2
g	8486	418	1442	17	23	1.12	0.003	22.723	19.2
g	8494	444	1442	18	24	0.832	-0.381	22.723	19.2
g	8528	470	1442	19	23	0.192	0.003	22.339	19.2
g	8529	496	1442	19	23	0.192	0.003	22.339	19.2
g	8531	522	1442	19	23	0.192	-0.189	22.339	19.2
g	8532	548	1442	19	23	0.192	-0.189	22.531	19.2
g	8533	574	1442	19	23	0.192	-0.189	22.339	19.2
g	8534	2	1490	19	23	0.192	-0.189	22.531	19.2
g	8535	28	1490	19	23	0.192	-0.189	22.531	19.2
g	8536	54	1490	19	23	0.192	-0.189	22.339	19.2
g	8537	80	1490	19	23	0.192	-0.189	22.339	19.2
g	8538	106	1490	19	23	0.192	-0.189	22.339	19.2
g	8539	132	1490	19	23	0.192	-0.189	22.339	19.2
g	8540	158	1490	19	23	0.192	-0.189	22.531	19.2
g	8541	184	1490	19	23	0.192	-0.189	22.339	19.2
g	8542	210	1490	19	23	0.192	-0.189	22.339	19.2
g	8592	236	1490	18	15	0.384	3.811	18.467	19.2
g	8593	262	1490	15	23	2.272	0.003	22.723	19.2
g	8594	288	1490	18	15	0.896	3.811	18.467	19.2
g	8595	314	1490	15	23	2.272	-0.381	22.339	19.2
g	8596	340	1490	20	14	0	4.451	17.891	19.2
g	8597	366	1490	15	24	2.272	-0.381	22.723	19.2
g	8598	392	1490	18	18	1.504	2.787	19.811	19.2
g	8599	418	1490	18	18	0.64	2.787	19.811	19.2
g	8600	444	1490	18	18	0.64	2.787	19.811	19.2
g	8601	470	1490	18	18	1.504	2.787	19.811	19.2
g	8617	496	1490	20	19	0	2.083	20.291	19.2
g	8618	522	1490	20	19	0	2.083	20.291	19.2
g	8624	548	1490	17	23	0.928	0.003	22.339	19.2
g	8625	574	1490	17	23	1.984	0.003	22.339	19.2
g	8626	2	1538	17	23	0.928	0.003	22.339	19.2
g	8627	28	1538	17	23	1.984	0.003	22.339	19.2
g	8630	54	1538	19	20	0.16	1.251	21.251	19.2
g	8631	80	1538	19	20	0.416	1.251	21.251	19.2
g	8634	106	1538	18	23	0.768	-0.381	22.339	19.2
g	8635	132	1538	18	23	0.768	-0.381	22.339	19.2
g	8644	158	1538	19	28	0.384	-2.397	24.707	19.2
g	8646	184	1538	19	28	0.384	-2.397	24.707	19.2
g	8706	210	1538	17	23	1.568	-0.381	22.339	19.2
g	8710	236	1538	17	23	1.248	0.003	22.339	19.2
g	8719	262	1538	16	23	2.08	0.003	22.339	19.2
g	8721	288	1538	16	29	1.92	-6.397	22.339	19.2
g	8722	314	1538	16	4	1.984	8.131	11.427	19.2
g	8725	340	1538	19	23	0.192	0.003	22.339	19.2
g	8730	366	1538	19	23	0.576	0.003	22.339	19.2
g	8734	392	1538	19	12	0.352	4.035	15.491	19.2
g	8747	418	1538	17	31	0.96	-6.397	23.683	19.2
g	8776	444	1538	17	13	1.312	3.459	16.067	19.2
g	8800	470	1538	16	17	1.984	1.475	18.051	19.2
g	8804	496	1538	14	20	2.72	0.003	19.011	19.2
g	8805	522	1538	14	20	2.72	0.003	19.011	19.2
g	9472	548	1538	22	3	-1.088	8.515	10.691	19.2
g	9473	574	1538	22	5	-1.088	7.427	11.779	19.2
g	9474	2	1586	3	42	8.512	-11.197	30.403	19.2
g	9475	28	1586	5	42	7.424	-11.197	30.403	19.2
g	9476	54	1586	18	3	1.056	8.515	10.691	19.2
g	9477	80	1586	18	5	1.056	7.427	11.779	19.2
g	9478	106	1586	3	39	8.512	-9.533	28.707	19.2
g	9479	132	1586	5	39	7.424	-9.533	28.675	19.2
g	9480	158	1586	18	3	0.608	8.515	10.691	19.2
g	9481	184	1586	18	5	0.608	7.427	11.779	19.2
g	9482	210	1586	3	40	8.512	-10.173	29.379	19.2
g	9483	236	1586	5	40	7.424	-10.173	29.379	19.2
g	9484	262	1586	12	22	8.512	-11.197	10.691	19.2
g	9485	288	1586	12	23	8.512	-11.197	11.779	19.2
g	9486	314	1586	13	22	7.424	-11.197	10.691	19.2
g	9487	340	1586	13	23	7.424	-11.197	11.779	19.2
g	9488	366	1586	12	22	-1.088	-11.197	10.691	19.2
g	9489	392	1586	12	23	-1.088	-11.197	11.779	19.2
g	9490	418	1586	13	22	-1.088	-11.197	10.691	19.2
g	9491	444	1586	13	23	-1.088	-11.197	11.779	19.2
g	9492	470	1586	12	22	8.512	8.515	30.403	19.2
g	9493	496	1586	12	23	8.512	7.427	30.403	19.2
g	9494	522	1586	13	22	7.424	8.515	30.403	19.2
g	9495	548	1586	13	23	7.424	7.427	30.403	19.2
g	9496	574	1586	12	22	-1.088	8.515	30.403	19.2
g	9497	2	1634	12	23	-1.088	7.427	30.403	19.2
g	9498	28	1634	13	22	-1.088	8.515	30.403	19.2
g	9499	54	1634	13	23	-1.088	7.427	30.403	19.2
g	9500	80	1634	12	42	8.512	-11.197	30.403	19.2
g	9501	106	1634	12	42	8.512	-11.197	30.403	19.2
g	9502	132	1634	13	42	7.424	-11.197	30.403	19.2
g	9503	158	1634	13	42	7.424	-11.197	30.403	19.2
g	9504	184	1634	13	42	7.424	-11.197	30.403	19.2
g	9505	210	1634	13	42	7.424	-11.197	30.403	19.2
g	9506	236	1634	13	42	7.424	-11.197	30.403	19.2
g	9507	262	1634	13	42	7.424	-11.197	30.403	19.2
g	9508	288	1634	12	42	-1.088	-11.197	30.403	19.2
g	9509	314	1634	12	42	-1.088	-11.197	30.403	19.2
g	9510	340	1634	13	42	-1.088	-11.197	30.403	19.2
g	9511	366	1634	13	42	-1.088	-11.197	30.403	19.2
g	9512	392	1634	13	42	-1.088	-11.197	30.403	19.2
g	9513	418	1634	13	42	-1.088	-11.197	30.403	19.2
g	9514	444	1634	13	42	-1.088	-11.197	30.403	19.2
g	9515	470	1634	13	42	-1.088	-11.197	30.403	19.2
g	9516	496	1634	22	22	-1.088	-11.197	10.691	19.2
g	9517	522	1634	22	23	-1.088	-11.197	11.779	19.2
g	9518	548	1634	22	23	-1.088	-11.197	11.779	19.2
g	9519	574	1634	22	23	-1.088	-11.197	11.779	19.2
g	9520	2	1682	22	22	-1.088	-11.197	10.691	19.2
g	9521	28	1682	22	23	-1.088	-11.197	11.779	19.2
g	9522	54	1682	22	23	-1.088	-11.197	11.779	19.2
g	9523	80	1682	22	23	-1.088	-11.197	11.779	19.2
g	9524	106	1682	22	22	-1.088	8.515	30.403	19.2
g	9525	132	1682	22	23	-1.088	7.427	30.403	19.2
g	9526	158	1682	22	23	-1.088	7.427	30.403	19.2
g	9527	184	1682	22	23	-1.088	7.427	30.403	19.2
g	9528	210	1682	22	22	-1.088	8.515	30.403	19.2
g	9529	236	1682	22	23	-1.088	7.427	30.403	19.2
g	9530	262	1682	22	23	-1.088	7.427	30.403	19.2
g	9531	288	1682	22	23	-1.088	7.427	30.403	19.2
g	9532	314	1682	22	42	-1.088	-11.197	30.403	19.2
g	9533	340	1682	22	42	-1.088	-11.197	30.403	19.2
g	9534	366	1682	22	42	-1.088	-11.197	30.403	19.2
g	9535	392	1682	22	42	-1.088	-11.197	30.403	19.2
g	9536	418	1682	22	42	-1.088	-11.197	30.403	19.2
g	9537	444	1682	22	42	-1.088	-11.197	30.403	19.2
g	9538	470	1682	22	42	-1.088	-11.197	30.403	19.2
g	9539	496	1682	22	42	-1.088	-11.197	30.403	19.2
g	9540	522	1682	22	42	-1.088	-11.197	30.403	19.2
g	9541	548	1682	22	42	-1.088	-11.197	30.403	19.2
g	9542	574	1682	22	42	-1.088	-11.197	30.403	19.2
g	9543	2	1730	22	42	-1.088	-11.197	30.403	19.2
g	9544	28	1730	22	42	-1.088	-11.197	30.403	19.2
g	9545	54	1730	22	42	-1.088	-11.197	30.403	19.2
g	9546	80	1730	22	42	-1.088	-11.197	30.403	19.2
g	9547	106	1730	22	42	-1.088	-11.197	30.403	19.2
g	9548	132	1730	15	3	2.4	8.515	10.691	19.2
g	9549	158	1730	15	5	2.4	7.427	11.779	19.2
g	9550	184	1730	3	27	8.512	-3.613	22.819	19.2
g	9551	210	1730	5	27	7.424	-3.613	22.819	19.2
g	9552	236	1730	22	7	-1.088	6.339	12.867	19.2
g	9553	262	1730	7	42	6.336	-11.197	30.403	19.2
g	9554	288	1730	12	25	8.512	-11.197	12.867	19.2
g	9555	314	1730	14	22	6.336	-11.197	10.691	19.2
g	9556	340	1730	14	25	6.336	-11.197	12.867	19.2
g	9557	366	1730	12	25	-1.088	-11.197	12.867	19.2
g	9558	392	1730	14	22	-1.088	-11.197	10.691	19.2
g	9559	418	1730	14	25	-1.088	-11.197	12.867	19.2
g	9560	444	1730	12	25	8.512	6.339	30.403	19.2
g	9561	470	1730	14	22	6.336	8.515	30.403	19.2
g	9562	496	1730	14	25	6.336	6.339	30.403	19.2
g	9563	522	1730	12	25	-1.088	6.339	30.403	19.2
g	9564	548	1730	14	22	-1.088	8.515	30.403	19.2
g	9565	574	1730	14	25	-1.088	6.339	30.403	19.2
g	9566	2	1778	12	42	8.512	-11.197	30.403	19.2
g	9567	28	1778	14	42	6.336	-11.197	30.403	19.2
g	9568	54	1778	14	42	6.336	-11.197	30.403	19.2
g	9569	80	1778	12	42	-1.088	-11.197	30.403	19.2
g	9570	106	1778	14	42	-1.088	-11.197	30.403	19.2
g	9571	132	1778	14	42	-1.088	-11.197	30.403	19.2
g	9572	158	1778	22	25	-1.088	-11.197	12.867	19.2
g	9573	184	1778	22	22	-1.088	-11.197	10.691	19.2
g	9574	210	1778	22	25	-1.088	-11.197	12.867	19.2
g	9575	236	1778	22	25	-1.088	6.339	30.403	19.2
g	9576	262	1778	22	22	-1.088	8.515	30.403	19.2
g	9577	288	1778	22	25	-1.088	6.339	30.403	19.2
g	9578	314	1778	22	42	-1.088	-11.197	30.403	19.2
g	9579	340	1778	22	42	-1.088	-11.197	30.403	19.2
g	9580	366	1778	22	42	-1.088	-11.197	30.403	19.2
g	9581	392	1778	12	22	8.512	-11.197	10.691	19.2
g	9582	418	1778	12	22	-1.088	-11.197	10.691	19.2
g	9583	444	1778	12	22	-1.088	8.515	30.403	19.2
g	9584	470	1778	12	22	8.512	8.515	30.403	19.2
g	9585	496	1778	20	36	0	-7.997	27.203	19.2
g	9586	522	1778	20	36	0	-7.997	27.203	19.2
g	9587	548	1778	20	36	0	-7.997	27.203	19.2
g	9588	574	1778	12	3	-1.088	8.515	10.691	19.2
g	9589	2	1826	3	22	8.512	8.515	30.403	19.2
g	9590	28	1826	12	3	8.512	8.515	10.691	19.2
g	9591	54	1826	3	22	8.512	-11.197	10.691	19.2
g	9592	80	1826	12	5	-1.088	7.427	11.779	19.2
g	9593	106	1826	5	22	7.424	8.515	30.403	19.2
g	9594	132	1826	12	5	8.512	7.427	11.779	19.2
g	9595	158	1826	5	22	7.424	-11.197	10.691	19.2
g	9596	184	1826	22	5	-1.088	7.427	11.779	19.2
g	9597	210	1826	5	42	7.424	-11.197	30.403	19.2
g	9598	236	1826	22	5	-1.088	7.427	11.779	19.2
g	9599	262	1826	5	42	7.424	-11.197	30.403	19.2
g	9600	288	1826	20	21	0	9.603	30.403	19.2
g	9601	314	1826	20	6	0	-11.197	-6.013	19.2
g	9602	340	1826	20	11	0	-11.197	-0.797	19.2
g	9603	366	1826	20	16	0	-11.197	4.419	19.2
g	9604	392	1826	20	21	0	-11.197	9.603	19.2
g	9605	418	1826	20	27	0	-11.197	14.819	19.2
g	9606	444	1826	20	32	0	-11.197	20.003	19.2
g	9607	470	1826	20	37	0	-11.197	25.219	19.2
g	9608	496	1826	20	42	0	-11.197	30.403	19.2
g	9609	522	1826	17	42	0	-11.197	30.403	19.2
g	9610	548	1826	15	42	0	-11.197	30.403	19.2
g	9611	574	1826	12	42	0	-11.197	30.403	19.2
g	9612	2	1874	10	42	0	-11.197	30.403	19.2
g	9613	28	1874	8	42	0	-11.197	30.403	19.2
g	9614	54	1874	5	42	0	-11.197	30.403	19.2
g	9615	80	1874	3	42	0	-11.197	30.403	19.2
g	9616	106	1874	10	42	9.6	-11.197	30.403	19.2
g	9617	132	1874	18	41	-0.768	-8.925	31.555	19.2
g	9618	158	1874	19	42	-1.152	-9.437	32.131	19.2
g	9619	184	1874	21	44	-1.728	-10.013	32.995	19.2
g	9620	210	1874	20	6	0	25.219	30.403	19.2
g	9621	236	1874	3	42	16.8	-11.197	30.403	19.2
g	9622	262	1874	10	21	0	-11.197	9.603	19.2
g	9623	288	1874	10	21	9.6	-11.197	9.603	19.2
g	9624	314	1874	10	21	0	9.603	30.403	19.2
g	9625	340	1874	20	42	0	-11.197	30.403	19.2
g	9626	366	1874	20	42	0	-11.197	30.403	19.2
g	9627	392	1874	20	42	0	-11.197	30.403	19.2
g	9628	418	1874	20	42	0	-11.197	30.403	19.2
g	9629	444	1874	10	21	9.6	9.603	30.403	19.2
g	9630	470	1874	20	42	0	-11.197	30.403	19.2
g	9631	496	1874	20	42	0	-11.197	30.403	19.2
g	9674	522	1874	18	23	1.024	0.003	22.339	19.2
g	10003	548	1874	19	24	0.448	0.003	23.203	19.2
g	10060	574	1874	18	24	0.704	-0.381	22.723	19.2
g	11022	2	1922	18	17	0.896	2.595	19.299	19.203
g	11023	28	1922	18	17	0.896	3.587	20.291	19.203
g	11024	54	1922	18	17	0.416	2.595	19.299	19.203
g	11025	80	1922	18	17	0.416	3.587	20.291	19.203
g	63191	106	1922	12	12	-5.792	18.691	30.147	0
g	63192	132	1922	12	12	-5.792	18.691	30.147	0
g	64257	158	1922	17	24	1.056	0.003	24.003	19.2
g	64258	184	1922	16	24	1.056	0.003	23.683	19.2
