atlas	1024	2048	17	17.425	4.675	22.1
g	13	6	22	0	0	0	0	0	5	0
g	32	26	22	0	0	0	0	0	5	0
g	33	49	10	4	13	3	-1	12	10	0
g	34	68	9	6	6	2	7	13	10	0
g	35	86	10	10	13	0	-1	12	10	0
g	36	106	8	10	17	0	-3	14	10	0
g	37	126	10	10	13	0	-1	12	10	0
g	38	146	10	10	13	0	-1	12	10	0
g	39	170	9	2	6	4	7	13	10	0
g	40	189	9	6	16	3	-3	13	10	0
g	41	207	9	6	16	1	-3	13	10	0
g	42	226	12	10	10	0	0	10	10	0
g	43	247	13	9	9	1	0	9	10	0
g	44	269	20	4	5	3	-3	2	10	0
g	45	288	16	6	2	2	4	6	10	0
g	46	309	20	4	3	3	-1	2	10	0
g	47	327	9	8	16	1	-3	13	10	0
g	48	346	10	10	13	0	-1	12	10	0
g	49	366	10	10	13	0	-1	12	10	0
g	50	387	10	9	13	1	-1	12	10	0
g	51	406	10	9	13	0	-1	12	10	0
g	52	426	10	10	13	0	-1	12	10	0
g	53	447	10	9	13	1	-1	12	10	0
g	54	467	10	9	13	1	-1	12	10	0
g	55	487	10	9	13	1	-1	12	10	0
g	56	506	10	10	13	0	-1	12	10	0
g	57	527	10	9	13	1	-1	12	10	0
g	58	549	13	4	10	3	-1	9	10	0
g	59	569	13	4	12	3	-3	9	10	0
g	60	7	43	8	11	1	-1	10	10	0
g	61	27	45	9	6	1	2	8	10	0
g	62	47	43	8	11	1	-1	10	10	0
g	63	67	41	8	13	1	-1	12	10	0
g	64	87	41	8	15	1	-3	12	10	0
g	65	106	41	10	13	0	-1	12	10	0
g	66	127	41	9	13	1	-1	12	10	0
g	67	147	41	9	13	1	-1	12	10	0
g	68	167	41	9	13	1	-1	12	10	0
g	69	187	41	8	13	1	-1	12	10	0
g	70	207	41	9	13	1	-1	12	10	0
g	71	226	41	9	13	0	-1	12	10	0
g	72	247	41	8	13	1	-1	12	10	0
g	73	267	41	8	13	1	-1	12	10	0
g	74	287	41	8	13	1	-1	12	10	0
g	75	307	41	9	13	1	-1	12	10	0
g	76	328	41	8	13	2	-1	12	10	0
g	77	347	41	9	13	1	-1	12	10	0
g	78	367	41	8	13	1	-1	12	10	0
g	79	386	41	10	13	0	-1	12	10	0
g	80	407	41	9	13	1	-1	12	10	0
g	81	426	41	10	16	0	-4	12	10	0
g	82	447	41	9	13	1	-1	12	10	0
g	83	466	41	10	13	0	-1	12	10	0
g	84	486	41	10	13	0	-1	12	10	0
g	85	507	41	8	13	1	-1	12	10	0
g	86	526	41	10	13	0	-1	12	10	0
g	87	546	41	10	13	0	-1	12	10	0
g	88	566	41	10	13	0	-1	12	10	0
g	89	6	72	10	13	0	-1	12	10	0
g	90	26	72	10	13	0	-1	12	10	0
g	91	49	71	6	16	3	-3	13	10	0
g	92	67	71	8	16	1	-3	13	10	0
g	93	87	71	6	16	1	-3	13	10	0
g	94	106	72	10	8	0	4	12	10	0
g	95	127	86	9	2	1	-4	-2	10	0
g	96	149	71	3	4	3	9	13	10	0
g	97	167	75	9	10	1	-1	9	10	0
g	98	187	71	9	14	1	-1	13	10	0
g	99	207	75	8	10	1	-1	9	10	0
g	100	227	71	8	14	1	-1	13	10	0
g	101	247	75	9	10	1	-1	9	10	0
g	102	267	71	9	14	1	-1	13	10	0
g	103	287	74	9	15	1	-5	10	10	0
g	104	307	71	8	14	1	-1	13	10	0
g	105	327	71	9	14	1	-1	13	10	0
g	106	347	71	7	17	1	-4	13	10	0
g	107	367	71	9	14	1	-1	13	10	0
g	108	387	71	8	14	1	-1	13	10	0
g	109	406	75	10	10	0	-1	9	10	0
g	110	427	75	8	10	1	-1	9	10	0
g	111	447	75	9	10	1	-1	9	10	0
g	112	467	75	9	13	1	-4	9	10	0
g	113	487	75	8	13	1	-4	9	10	0
g	114	507	75	9	10	1	-1	9	10	0
g	115	527	75	8	10	1	-1	9	10	0
g	116	546	72	9	13	0	-1	12	10	0
g	117	567	75	8	10	1	-1	9	10	0
g	118	7	106	9	10	1	-1	9	10	0
g	119	26	106	10	10	0	-1	9	10	0
g	120	47	106	9	10	1	-1	9	10	0
g	121	66	106	10	13	0	-4	9	10	0
g	122	87	106	8	10	1	-1	9	10	0
g	123	107	102	8	16	1	-3	13	10	0
g	124	130	102	2	16	4	-3	13	10	0
g	125	147	102	8	16	1	-3	13	10	0
g	126	166	108	10	5	0	2	7	10	0
g	160	186	115	0	0	0	0	0	10	0
g	161	209	106	4	13	3	-4	9	10	0
g	162	227	104	8	14	1	-3	11	10	0
g	163	246	103	10	13	0	-1	12	10	0
g	164	267	103	8	13	1	-1	12	10	0
g	165	286	103	10	13	0	-1	12	10	0
g	166	310	102	2	16	4	-3	13	10	0
g	167	327	103	8	16	1	-4	12	10	0
g	168	348	103	6	2	2	10	12	10	0
g	169	366	103	11	13	0	-1	12	10	0
g	170	388	103	6	7	2	5	12	10	0
g	171	407	107	9	8	1	0	8	10	0
g	172	427	109	8	6	1	0	6	10	0
g	174	447	103	8	7	1	5	12	10	0
g	175	468	103	6	2	2	10	12	10	0
g	176	488	103	7	7	2	5	12	10	0
g	177	507	104	9	12	1	-1	11	10	0
g	178	528	103	6	7	2	5	12	10	0
g	179	548	103	6	7	2	5	12	10	0
g	180	570	102	4	4	4	9	13	10	0
g	181	7	137	8	13	1	-4	9	10	0
g	182	26	134	9	15	0	-3	12	10	0
g	183	49	140	4	3	3	3	6	10	0
g	184	69	146	5	4	3	-4	0	10	0
g	185	88	134	6	7	2	5	12	10	0
g	186	108	134	6	7	2	5	12	10	0
g	187	127	138	8	8	1	0	8	10	0
g	188	146	134	10	13	0	-1	12	10	0
g	189	166	134	10	13	0	-1	12	10	0
g	190	186	134	10	13	0	-1	12	10	0
g	191	207	137	8	13	1	-4	9	10	0
g	192	226	130	10	17	0	-1	16	10	0
g	193	246	130	10	17	0	-1	16	10	0
g	194	266	130	10	17	0	-1	16	10	0
g	195	286	131	10	16	0	-1	15	10	0
g	196	306	131	10	16	0	-1	15	10	0
g	197	326	129	10	18	0	-1	17	10	0
g	198	346	134	10	13	0	-1	12	10	0
g	199	367	134	9	16	1	-4	12	10	0
g	200	387	130	8	17	1	-1	16	10	0
g	201	407	130	8	17	1	-1	16	10	0
g	202	427	130	8	17	1	-1	16	10	0
g	203	447	131	8	16	1	-1	15	10	0
g	204	467	130	8	17	1	-1	16	10	0
g	205	487	130	8	17	1	-1	16	10	0
g	206	507	130	8	17	1	-1	16	10	0
g	207	527	131	8	16	1	-1	15	10	0
g	208	546	134	10	13	0	-1	12	10	0
g	209	567	131	8	16	1	-1	15	10	0
g	210	6	161	10	17	0	-1	16	10	0
g	211	26	161	10	17	0	-1	16	10	0
g	212	46	161	10	17	0	-1	16	10	0
g	213	66	162	10	16	0	-1	15	10	0
g	214	86	162	10	16	0	-1	15	10	0
g	215	107	168	8	8	1	1	9	10	0
g	216	126	164	10	15	0	-2	13	10	0
g	217	147	161	8	17	1	-1	16	10	0
g	218	167	161	8	17	1	-1	16	10	0
g	219	187	161	8	17	1	-1	16	10	0
g	220	207	162	8	16	1	-1	15	10	0
g	221	226	161	10	17	0	-1	16	10	0
g	222	247	165	9	13	1	-1	12	10	0
g	223	267	164	9	17	1	-4	13	10	0
g	224	287	164	9	14	1	-1	13	10	0
g	225	307	164	9	14	1	-1	13	10	0
g	226	327	164	9	14	1	-1	13	10	0
g	227	347	165	9	13	1	-1	12	10	0
g	228	367	165	9	13	1	-1	12	10	0
g	229	387	163	9	15	1	-1	14	10	0
g	230	406	168	10	10	0	-1	9	10	0
g	231	427	168	8	13	1	-4	9	10	0
g	232	447	164	9	14	1	-1	13	10	0
g	233	467	164	9	14	1	-1	13	10	0
g	234	487	164	9	14	1	-1	13	10	0
g	235	507	165	9	13	1	-1	12	10	0
g	236	527	164	9	14	1	-1	13	10	0
g	237	547	164	9	14	1	-1	13	10	0
g	238	567	164	9	14	1	-1	13	10	0
g	239	7	196	9	13	1	-1	12	10	0
g	240	27	195	9	14	1	-1	13	10	0
g	241	47	196	8	13	1	-1	12	10	0
g	242	67	195	9	14	1	-1	13	10	0
g	243	87	195	9	14	1	-1	13	10	0
g	244	107	195	9	14	1	-1	13	10	0
g	245	127	196	9	13	1	-1	12	10	0
g	246	147	196	9	13	1	-1	12	10	0
g	247	167	198	9	10	1	0	10	10	0
g	248	186	198	10	12	0	-2	10	10	0
g	249	207	195	8	14	1	-1	13	10	0
g	250	227	195	8	14	1	-1	13	10	0
g	251	247	195	8	14	1	-1	13	10	0
g	252	267	196	8	13	1	-1	12	10	0
g	253	286	195	10	17	0	-4	13	10	0
g	254	307	195	9	17	1	-4	13	10	0
g	255	326	196	10	16	0	-4	12	10	0
g	256	346	193	10	16	0	-1	15	10	0
g	257	367	196	9	13	1	-1	12	10	0
g	258	386	192	10	17	0	-1	16	10	0
g	259	407	195	9	14	1	-1	13	10	0
g	260	426	196	11	16	0	-4	12	10	0
g	261	447	199	9	13	1	-4	9	10	0
g	262	467	192	9	17	1	-1	16	10	0
g	263	487	195	8	14	1	-1	13	10	0
g	264	507	192	9	17	1	-1	16	10	0
g	265	527	195	8	14	1	-1	13	10	0
g	266	547	193	9	16	1	-1	15	10	0
g	267	567	196	8	13	1	-1	12	10	0
g	268	7	223	9	17	1	-1	16	10	0
g	269	27	226	8	14	1	-1	13	10	0
g	270	47	223	9	17	1	-1	16	10	0
g	271	66	226	12	14	0	-1	13	10	0
g	272	86	227	10	13	0	-1	12	10	0
g	273	107	226	9	14	1	-1	13	10	0
g	274	127	224	8	16	1	-1	15	10	0
g	275	147	227	9	13	1	-1	12	10	0
g	276	167	223	8	17	1	-1	16	10	0
g	277	187	226	9	14	1	-1	13	10	0
g	278	207	224	8	16	1	-1	15	10	0
g	279	227	227	9	13	1	-1	12	10	0
g	280	247	227	9	16	1	-4	12	10	0
g	281	267	230	9	13	1	-4	9	10	0
g	282	287	223	8	17	1	-1	16	10	0
g	283	307	226	9	14	1	-1	13	10	0
g	284	326	223	9	17	0	-1	16	10	0
g	285	347	226	9	18	1	-5	13	10	0
g	286	366	223	9	17	0	-1	16	10	0
g	287	387	226	9	18	1	-5	13	10	0
g	288	406	224	9	16	0	-1	15	10	0
g	289	427	227	9	17	1	-5	12	10	0
g	290	446	227	9	17	0	-5	12	10	0
g	291	467	226	9	18	1	-5	13	10	0
g	292	487	223	8	17	1	-1	16	10	0
g	293	505	223	10	17	-1	-1	16	10	0
g	294	526	227	11	13	0	-1	12	10	0
g	295	546	226	9	14	0	-1	13	10	0
g	296	567	224	8	16	1	-1	15	10	0
g	297	7	258	9	13	1	-1	12	10	0
g	298	27	255	8	16	1	-1	15	10	0
g	299	47	258	9	13	1	-1	12	10	0
g	300	67	254	8	17	1	-1	16	10	0
g	301	87	257	9	14	1	-1	13	10	0
g	302	107	258	9	16	1	-4	12	10	0
g	303	127	257	9	17	1	-4	13	10	0
g	304	147	255	8	16	1	-1	15	10	0
g	305	167	261	9	10	1	-1	9	10	0
g	306	187	258	8	13	1	-1	12	10	0
g	307	207	257	8	17	1	-4	13	10	0
g	308	227	254	8	17	1	-1	16	10	0
g	309	247	257	9	17	1	-4	13	10	0
g	310	267	258	9	17	1	-5	12	10	0
g	311	287	257	9	18	1	-5	13	10	0
g	312	307	261	9	10	1	-1	9	10	0
g	313	328	254	8	17	2	-1	16	10	0
g	314	347	254	8	17	1	-1	16	10	0
g	315	368	258	8	17	2	-5	12	10	0
g	316	387	257	8	18	1	-5	13	10	0
g	317	408	257	8	14	2	-1	13	10	0
g	318	427	257	9	14	1	-1	13	10	0
g	319	448	258	8	13	2	-1	12	10	0
g	320	467	257	9	14	1	-1	13	10	0
g	321	486	258	10	13	0	-1	12	10	0
g	322	507	257	8	14	1	-1	13	10	0
g	323	527	254	8	17	1	-1	16	10	0
g	324	547	257	8	14	1	-1	13	10	0
g	325	567	258	8	17	1	-5	12	10	0
g	326	7	292	8	14	1	-5	9	10	0
g	327	27	285	8	17	1	-1	16	10	0
g	328	47	288	8	14	1	-1	13	10	0
g	329	66	288	9	14	0	-1	13	10	0
g	330	87	289	8	16	1	-4	12	10	0
g	331	107	292	8	13	1	-4	9	10	0
g	332	126	286	10	16	0	-1	15	10	0
g	333	147	289	9	13	1	-1	12	10	0
g	334	166	285	10	17	0	-1	16	10	0
g	335	187	288	9	14	1	-1	13	10	0
g	336	206	285	10	17	0	-1	16	10	0
g	337	227	288	9	14	1	-1	13	10	0
g	338	246	289	10	13	0	-1	12	10	0
g	339	266	292	10	10	0	-1	9	10	0
g	340	287	285	9	17	1	-1	16	10	0
g	341	307	288	9	14	1	-1	13	10	0
g	342	327	289	9	17	1	-5	12	10	0
g	343	347	292	9	14	1	-5	9	10	0
g	344	367	285	9	17	1	-1	16	10	0
g	345	387	288	9	14	1	-1	13	10	0
g	346	406	285	10	17	0	-1	16	10	0
g	347	427	288	8	14	1	-1	13	10	0
g	348	446	285	10	17	0	-1	16	10	0
g	349	467	288	8	14	1	-1	13	10	0
g	350	486	289	10	16	0	-4	12	10	0
g	351	507	292	8	13	1	-4	9	10	0
g	352	526	285	10	17	0	-1	16	10	0
g	353	547	288	8	14	1	-1	13	10	0
g	354	566	289	10	16	0	-4	12	10	0
g	355	6	320	9	16	0	-4	12	10	0
g	356	26	316	10	17	0	-1	16	10	0
g	357	46	319	9	14	0	-1	13	10	0
g	358	66	320	10	13	0	-1	12	10	0
g	359	86	320	9	13	0	-1	12	10	0
g	360	107	317	8	16	1	-1	15	10	0
g	361	127	320	8	13	1	-1	12	10	0
g	362	147	317	8	16	1	-1	15	10	0
g	363	167	320	8	13	1	-1	12	10	0
g	364	187	316	8	17	1	-1	16	10	0
g	365	207	319	8	14	1	-1	13	10	0
g	366	227	315	8	18	1	-1	17	10	0
g	367	247	318	8	15	1	-1	14	10	0
g	368	267	316	8	17	1	-1	16	10	0
g	369	287	319	8	14	1	-1	13	10	0
g	370	307	320	8	16	1	-4	12	10	0
g	371	327	323	8	13	1	-4	9	10	0
g	372	346	316	10	17	0	-1	16	10	0
g	373	366	319	10	14	0	-1	13	10	0
g	374	386	316	10	17	0	-1	16	10	0
g	375	406	319	10	17	0	-4	13	10	0
g	376	426	317	10	16	0	-1	15	10	0
g	377	446	316	10	17	0	-1	16	10	0
g	378	467	319	8	14	1	-1	13	10	0
g	379	486	317	10	16	0	-1	15	10	0
g	380	507	320	8	13	1	-1	12	10	0
g	381	526	316	10	17	0	-1	16	10	0
g	382	547	319	8	14	1	-1	13	10	0
g	383	567	319	9	14	1	-1	13	10	0
g	399	6	351	10	13	0	-1	12	10	0
g	402	25	351	12	16	-1	-4	12	10	0
g	416	46	349	10	15	0	-1	14	10	0
g	417	67	352	9	12	1	-1	11	10	0
g	431	87	349	10	15	1	-1	14	10	0
g	432	107	352	9	12	1	-1	11	10	0
g	461	126	347	10	17	0	-1	16	10	0
g	462	147	350	9	14	1	-1	13	10	0
g	463	167	347	8	17	1	-1	16	10	0
g	464	187	350	9	14	1	-1	13	10	0
g	465	206	347	10	17	0	-1	16	10	0
g	466	227	350	9	14	1	-1	13	10	0
g	467	247	347	8	17	1	-1	16	10	0
g	468	267	350	8	14	1	-1	13	10	0
g	469	287	346	8	18	1	-1	17	10	0
g	470	307	349	8	15	1	-1	14	10	0
g	471	327	345	8	19	1	-1	18	10	0
g	472	347	348	8	16	1	-1	15	10	0
g	473	367	345	8	19	1	-1	18	10	0
g	474	387	348	8	16	1	-1	15	10	0
g	475	407	345	8	19	1	-1	18	10	0
g	476	427	348	8	16	1	-1	15	10	0
g	506	446	344	10	20	0	-1	19	10	0
g	507	467	347	9	17	1	-1	16	10	0
g	508	486	347	10	17	0	-1	16	10	0
g	509	506	350	10	14	0	-1	13	10	0
g	510	526	347	10	18	0	-2	16	10	0
g	511	546	350	10	15	0	-2	13	10	0
g	536	566	351	10	17	0	-5	12	10	0
g	537	7	385	8	14	1	-5	9	10	0
g	538	26	382	10	17	0	-5	12	10	0
g	539	46	382	9	17	0	-5	12	10	0
g	567	67	385	7	13	1	-4	9	10	0
g	601	87	385	9	10	1	-1	9	10	0
g	699	110	381	3	4	4	9	13	10	0
g	700	129	381	3	5	3	8	13	10	0
g	710	148	381	6	4	2	9	13	10	0
g	711	168	381	6	4	2	9	13	10	0
g	728	188	381	6	4	2	9	13	10	0
g	729	210	382	3	3	4	9	12	10	0
g	730	229	380	5	5	3	9	14	10	0
g	731	248	394	4	4	2	-4	0	10	0
g	732	268	382	6	3	2	9	12	10	0
g	733	289	381	6	4	3	9	13	10	0
g	768	304	381	3	4	-2	9	13	0	0
g	769	325	381	3	4	-1	9	13	0	0
g	770	343	381	6	4	-3	9	13	0	0
g	771	363	382	6	3	-3	9	12	0	0
g	772	383	382	6	2	-3	10	12	0	0
g	774	403	381	6	4	-3	9	13	0	0
g	775	424	382	4	3	-2	9	12	0	0
g	776	443	382	6	2	-3	10	12	0	0
g	777	464	381	4	4	-2	9	13	0	0
g	778	484	380	4	5	-2	9	14	0	0
g	779	503	381	7	4	-3	9	13	0	0
g	780	523	381	6	4	-3	9	13	0	0
g	786	545	381	3	4	-1	9	13	0	0
g	789	566	381	2	5	0	8	13	0	0
g	795	4	414	4	4	-2	7	11	0	0
g	803	25	426	2	3	-1	-4	-1	0	0
g	806	44	426	3	4	-2	-5	-1	0	0
g	807	64	425	5	4	-2	-4	0	0	0
g	808	82	425	5	4	-4	-4	0	0	0
g	960	106	416	10	10	0	-1	9	10	0
g	1024	127	409	8	17	1	-1	16	10	0
g	1025	147	410	8	16	1	-1	15	10	0
g	1026	166	413	10	16	0	-4	12	10	0
g	1027	188	409	7	17	2	-1	16	10	0
g	1028	207	413	9	13	1	-1	12	10	0
g	1029	226	413	10	13	0	-1	12	10	0
g	1030	247	413	8	13	1	-1	12	10	0
g	1031	267	410	8	16	1	-1	15	10	0
g	1032	287	413	8	13	1	-1	12	10	0
g	1033	305	413	12	13	-1	-1	12	10	0
g	1034	326	413	11	13	0	-1	12	10	0
g	1035	346	413	10	13	0	-1	12	10	0
g	1036	367	409	9	17	1	-1	16	10	0
g	1037	387	409	8	17	1	-1	16	10	0
g	1038	406	409	10	17	0	-1	16	10	0
g	1039	427	413	8	15	1	-3	12	10	0
g	1040	446	413	10	13	0	-1	12	10	0
g	1041	467	413	9	13	1	-1	12	10	0
g	1042	487	413	9	13	1	-1	12	10	0
g	1043	508	413	7	13	2	-1	12	10	0
g	1044	526	413	10	15	0	-3	12	10	0
g	1045	547	413	8	13	1	-1	12	10	0
g	1046	566	413	11	13	0	-1	12	10	0
g	1047	6	444	9	13	0	-1	12	10	0
g	1048	27	444	8	13	1	-1	12	10	0
g	1049	47	440	8	17	1	-1	16	10	0
g	1050	67	444	9	13	1	-1	12	10	0
g	1051	86	444	9	13	0	-1	12	10	0
g	1052	107	444	9	13	1	-1	12	10	0
g	1053	127	444	8	13	1	-1	12	10	0
g	1054	146	444	10	13	0	-1	12	10	0
g	1055	167	444	8	13	1	-1	12	10	0
g	1056	187	444	9	13	1	-1	12	10	0
g	1057	207	444	9	13	1	-1	12	10	0
g	1058	226	444	10	13	0	-1	12	10	0
g	1059	246	444	10	13	0	-1	12	10	0
g	1060	266	444	10	13	0	-1	12	10	0
g	1061	286	444	10	13	0	-1	12	10	0
g	1062	307	444	9	15	1	-3	12	10	0
g	1063	327	444	8	13	1	-1	12	10	0
g	1064	346	444	10	13	0	-1	12	10	0
g	1065	366	444	11	15	0	-3	12	10	0
g	1066	386	444	10	13	0	-1	12	10	0
g	1067	406	444	10	13	0	-1	12	10	0
g	1068	427	444	9	13	1	-1	12	10	0
g	1069	447	444	9	13	1	-1	12	10	0
g	1070	466	444	10	13	0	-1	12	10	0
g	1071	486	444	9	13	0	-1	12	10	0
g	1072	507	447	9	10	1	-1	9	10	0
g	1073	527	443	9	14	1	-1	13	10	0
g	1074	547	447	8	10	1	-1	9	10	0
g	1075	568	447	7	10	2	-1	9	10	0
g	1076	6	478	10	12	0	-3	9	10	0
g	1077	27	478	9	10	1	-1	9	10	0
g	1078	46	478	10	10	0	-1	9	10	0
g	1079	67	478	8	10	1	-1	9	10	0
g	1080	87	478	8	10	1	-1	9	10	0
g	1081	107	474	8	14	1	-1	13	10	0
g	1082	127	478	9	10	1	-1	9	10	0
g	1083	146	478	9	10	0	-1	9	10	0
g	1084	167	478	8	10	1	-1	9	10	0
g	1085	187	478	8	10	1	-1	9	10	0
g	1086	207	478	9	10	1	-1	9	10	0
g	1087	227	478	8	10	1	-1	9	10	0
g	1088	247	478	9	13	1	-4	9	10	0
g	1089	267	478	8	10	1	-1	9	10	0
g	1090	287	478	9	10	1	-1	9	10	0
g	1091	306	478	10	13	0	-4	9	10	0
g	1092	326	475	10	16	0	-4	12	10	0
g	1093	347	478	9	10	1	-1	9	10	0
g	1094	367	478	9	12	1	-3	9	10	0
g	1095	387	478	8	10	1	-1	9	10	0
g	1096	406	478	10	10	0	-1	9	10	0
g	1097	426	478	11	12	0	-3	9	10	0
g	1098	446	478	10	10	0	-1	9	10	0
g	1099	466	478	10	10	0	-1	9	10	0
g	1100	487	478	8	10	1	-1	9	10	0
g	1101	507	478	8	10	1	-1	9	10	0
g	1102	526	478	10	10	0	-1	9	10	0
g	1103	547	478	8	10	1	-1	9	10	0
g	1104	567	474	9	14	1	-1	13	10	0
g	1105	7	506	9	13	1	-1	12	10	0
g	1106	26	505	9	17	0	-4	13	10	0
g	1107	48	505	7	14	2	-1	13	10	0
g	1108	67	509	8	10	1	-1	9	10	0
g	1109	87	509	8	10	1	-1	9	10	0
g	1110	107	505	9	14	1	-1	13	10	0
g	1111	127	506	9	13	1	-1	12	10	0
g	1112	147	505	7	17	1	-4	13	10	0
g	1113	166	509	10	10	0	-1	9	10	0
g	1114	186	509	10	10	0	-1	9	10	0
g	1115	206	505	9	14	0	-1	13	10	0
g	1116	227	505	9	14	1	-1	13	10	0
g	1117	247	505	8	14	1	-1	13	10	0
g	1118	266	505	10	17	0	-4	13	10	0
g	1119	287	509	8	12	1	-3	9	10	0
g	1138	306	506	10	13	0	-1	12	10	0
g	1139	327	509	9	10	1	-1	9	10	0
g	1168	348	504	7	15	2	-1	14	10	0
g	1169	368	507	7	12	2	-1	11	10	0
g	1170	386	506	10	13	0	-1	12	10	0
g	1171	406	509	9	10	0	-1	9	10	0
g	1172	427	506	9	16	1	-4	12	10	0
g	1173	447	509	8	13	1	-4	9	10	0
g	1174	465	506	12	15	-1	-3	12	10	0
g	1175	486	509	11	12	0	-3	9	10	0
g	1176	506	506	9	15	0	-3	12	10	0
g	1177	527	509	8	12	1	-3	9	10	0
g	1178	547	506	9	15	1	-3	12	10	0
g	1179	567	509	9	12	1	-3	9	10	0
g	1180	7	537	9	13	1	-1	12	10	0
g	1181	27	540	9	10	1	-1	9	10	0
g	1184	46	537	11	13	0	-1	12	10	0
g	1185	66	540	10	10	0	-1	9	10	0
g	1186	87	537	9	15	1	-3	12	10	0
g	1187	107	540	9	12	1	-3	9	10	0
g	1188	126	537	10	13	0	-1	12	10	0
g	1189	146	540	10	10	0	-1	9	10	0
g	1194	167	537	9	15	1	-3	12	10	0
g	1195	187	540	8	12	1	-3	9	10	0
g	1198	206	537	10	13	0	-1	12	10	0
g	1199	227	540	9	13	1	-4	9	10	0
g	1200	246	537	10	13	0	-1	12	10	0
g	1201	267	540	9	13	1	-4	9	10	0
g	1202	286	537	11	15	0	-3	12	10	0
g	1203	307	540	9	12	1	-3	9	10	0
g	1206	326	537	10	15	0	-3	12	10	0
g	1207	347	540	9	12	1	-3	9	10	0
g	1208	367	537	8	13	1	-1	12	10	0
g	1209	387	540	8	10	1	-1	9	10	0
g	1210	407	537	9	13	1	-1	12	10	0
g	1211	427	536	8	14	1	-1	13	10	0
g	1216	447	537	8	13	1	-1	12	10	0
g	1217	466	533	11	17	0	-1	16	10	0
g	1218	486	536	10	14	0	-1	13	10	0
g	1231	507	536	8	14	1	-1	13	10	0
g	1232	526	533	10	17	0	-1	16	10	0
g	1233	547	536	9	14	1	-1	13	10	0
g	1234	566	534	10	16	0	-1	15	10	0
g	1235	7	568	9	13	1	-1	12	10	0
g	1236	26	568	10	13	0	-1	12	10	0
g	1237	46	571	10	10	0	-1	9	10	0
g	1238	67	564	8	17	1	-1	16	10	0
g	1239	87	567	9	14	1	-1	13	10	0
g	1240	106	568	10	13	0	-1	12	10	0
g	1241	127	571	9	10	1	-1	9	10	0
g	1244	146	565	11	16	0	-1	15	10	0
g	1245	166	568	10	13	0	-1	12	10	0
g	1246	186	565	9	16	0	-1	15	10	0
g	1247	207	568	8	13	1	-1	12	10	0
g	1250	227	565	8	16	1	-1	15	10	0
g	1251	247	568	8	13	1	-1	12	10	0
g	1252	267	565	8	16	1	-1	15	10	0
g	1253	287	568	8	13	1	-1	12	10	0
g	1254	306	565	10	16	0	-1	15	10	0
g	1255	327	568	9	13	1	-1	12	10	0
g	1256	346	568	10	13	0	-1	12	10	0
g	1257	367	571	9	10	1	-1	9	10	0
g	1262	386	565	10	16	0	-1	15	10	0
g	1263	406	568	10	16	0	-4	12	10	0
g	1264	426	565	10	16	0	-1	15	10	0
g	1265	446	568	10	16	0	-4	12	10	0
g	1266	466	564	10	17	0	-1	16	10	0
g	1267	486	567	10	17	0	-4	13	10	0
g	1268	507	565	8	16	1	-1	15	10	0
g	1269	527	568	8	13	1	-1	12	10	0
g	1272	546	565	10	16	0	-1	15	10	0
g	1273	566	568	10	13	0	-1	12	10	0
g	3647	7	597	9	17	1	-3	14	10	0
g	7808	26	595	10	17	0	-1	16	10	0
g	7809	46	598	10	14	0	-1	13	10	0
g	7810	66	595	10	17	0	-1	16	10	0
g	7811	86	598	10	14	0	-1	13	10	0
g	7812	106	596	10	16	0	-1	15	10	0
g	7813	126	599	10	13	0	-1	12	10	0
g	7838	147	599	9	13	1	-1	12	10	0
g	7840	166	599	10	16	0	-4	12	10	0
g	7841	187	602	9	13	1	-4	9	10	0
g	7842	206	595	10	17	0	-1	16	10	0
g	7843	227	598	9	14	1	-1	13	10	0
g	7844	246	593	10	19	0	-1	18	10	0
g	7845	267	596	9	16	1	-1	15	10	0
g	7846	286	593	10	19	0	-1	18	10	0
g	7847	306	596	10	16	0	-1	15	10	0
g	7848	326	593	10	19	0	-1	18	10	0
g	7849	347	596	9	16	1	-1	15	10	0
g	7850	366	593	10	19	0	-1	18	10	0
g	7851	387	596	9	16	1	-1	15	10	0
g	7852	406	595	10	20	0	-4	16	10	0
g	7853	427	598	9	17	1	-4	13	10	0
g	7854	446	593	10	19	0	-1	18	10	0
g	7855	467	596	9	16	1	-1	15	10	0
g	7856	486	593	10	19	0	-1	18	10	0
g	7857	507	596	9	16	1	-1	15	10	0
g	7858	526	593	10	19	0	-1	18	10	0
g	7859	547	596	9	16	1	-1	15	10	0
g	7860	566	593	10	19	0	-1	18	10	0
g	7861	7	627	9	16	1	-1	15	10	0
g	7862	26	626	10	20	0	-4	16	10	0
g	7863	47	629	9	17	1	-4	13	10	0
g	7864	67	630	8	16	1	-4	12	10	0
g	7865	87	633	9	13	1	-4	9	10	0
g	7866	107	626	8	17	1	-1	16	10	0
g	7867	127	629	9	14	1	-1	13	10	0
g	7868	147	627	8	16	1	-1	15	10	0
g	7869	167	630	9	13	1	-1	12	10	0
g	7870	187	624	9	19	1	-1	18	10	0
g	7871	207	627	9	16	1	-1	15	10	0
g	7872	226	624	9	19	0	-1	18	10	0
g	7873	246	627	10	16	0	-1	15	10	0
g	7874	267	624	9	19	1	-1	18	10	0
g	7875	287	627	9	16	1	-1	15	10	0
g	7876	307	624	8	19	1	-1	18	10	0
g	7877	327	627	9	16	1	-1	15	10	0
g	7878	347	626	8	20	1	-4	16	10	0
g	7879	367	629	9	17	1	-4	13	10	0
g	7880	387	626	8	17	1	-1	16	10	0
g	7881	407	629	9	14	1	-1	13	10	0
g	7882	427	630	8	16	1	-4	12	10	0
g	7883	447	629	9	17	1	-4	13	10	0
g	7884	466	630	10	16	0	-4	12	10	0
g	7885	487	633	9	13	1	-4	9	10	0
g	7886	506	626	10	17	0	-1	16	10	0
g	7887	527	629	9	14	1	-1	13	10	0
g	7888	546	624	10	19	0	-1	18	10	0
g	7889	567	627	9	16	1	-1	15	10	0
g	7890	6	655	10	19	0	-1	18	10	0
g	7891	26	658	10	16	0	-1	15	10	0
g	7892	46	655	10	19	0	-1	18	10	0
g	7893	67	658	9	16	1	-1	15	10	0
g	7894	86	655	10	19	0	-1	18	10	0
g	7895	107	658	9	16	1	-1	15	10	0
g	7896	126	657	10	20	0	-4	16	10	0
g	7897	147	660	9	17	1	-4	13	10	0
g	7898	166	657	10	17	0	-1	16	10	0
g	7899	187	660	9	14	1	-1	13	10	0
g	7900	206	657	10	17	0	-1	16	10	0
g	7901	227	660	9	14	1	-1	13	10	0
g	7902	246	657	10	17	0	-1	16	10	0
g	7903	267	660	9	14	1	-1	13	10	0
g	7904	286	658	10	16	0	-1	15	10	0
g	7905	307	661	9	13	1	-1	12	10	0
g	7906	326	659	10	18	0	-4	14	10	0
g	7907	347	662	9	15	1	-4	11	10	0
g	7908	367	661	8	16	1	-4	12	10	0
g	7909	387	664	8	13	1	-4	9	10	0
g	7910	407	657	8	17	1	-1	16	10	0
g	7911	427	660	8	14	1	-1	13	10	0
g	7912	447	657	10	17	1	-1	16	10	0
g	7913	467	660	9	14	1	-1	13	10	0
g	7914	487	657	10	17	1	-1	16	10	0
g	7915	507	660	9	14	1	-1	13	10	0
g	7916	527	657	10	17	1	-1	16	10	0
g	7917	547	660	9	14	1	-1	13	10	0
g	7918	567	658	10	16	1	-1	15	10	0
g	7919	7	692	9	13	1	-1	12	10	0
g	7920	27	690	10	18	1	-4	14	10	0
g	7921	47	693	9	15	1	-4	11	10	0
g	7922	66	688	10	17	0	-1	16	10	0
g	7923	86	691	10	17	0	-4	13	10	0
g	7924	106	692	10	16	0	-4	12	10	0
g	7925	126	695	10	13	0	-4	9	10	0
g	7926	146	688	10	17	0	-1	16	10	0
g	7927	166	691	10	17	0	-4	13	10	0
g	7928	186	689	10	16	0	-1	15	10	0
g	7929	206	692	10	16	0	-4	12	10	0
g	8211	227	698	9	2	1	4	6	10	0
g	8212	246	698	11	2	0	4	6	10	0
g	8216	269	691	4	6	3	7	13	10	0
g	8217	289	691	4	6	3	7	13	10	0
g	8218	309	702	4	5	3	-3	2	10	0
g	8220	327	691	8	6	1	7	13	10	0
g	8221	347	691	9	6	1	7	13	10	0
g	8222	367	702	9	5	1	-3	2	10	0
g	8224	387	691	9	17	1	-4	13	10	0
g	8225	407	691	9	17	1	-4	13	10	0
g	8226	429	697	5	5	3	2	7	10	0
g	8230	446	702	10	3	0	-1	2	10	0
g	8240	466	692	11	13	0	-1	12	10	0
g	8242	489	692	4	6	3	6	12	10	0
g	8243	508	692	6	6	2	6	12	10	0
g	8249	528	696	5	8	2	0	8	10	0
g	8250	549	696	5	8	3	0	8	10	0
g	8260	566	692	10	13	0	-1	12	10	0
g	8304	8	723	6	7	2	5	12	10	0
g	8308	28	723	6	7	2	5	12	10	0
g	8309	48	723	6	7	2	5	12	10	0
g	8310	68	723	6	7	2	5	12	10	0
g	8311	88	723	6	7	2	5	12	10	0
g	8312	108	723	6	7	2	5	12	10	0
g	8313	128	723	6	7	2	5	12	10	0
g	8320	148	729	6	7	2	-1	6	10	0
g	8321	168	729	6	7	2	-1	6	10	0
g	8322	188	729	6	7	2	-1	6	10	0
g	8323	208	729	6	7	2	-1	6	10	0
g	8324	228	729	6	7	2	-1	6	10	0
g	8325	248	729	6	7	2	-1	6	10	0
g	8326	268	729	6	7	2	-1	6	10	0
g	8327	288	729	6	7	2	-1	6	10	0
g	8328	308	729	6	7	2	-1	6	10	0
g	8329	328	729	6	7	2	-1	6	10	0
g	8353	347	721	9	17	1	-3	14	10	0
g	8356	366	723	10	13	0	-1	12	10	0
g	8358	386	723	10	13	0	-1	12	10	0
g	8360	406	723	11	13	0	-1	12	10	0
g	8361	426	723	10	13	0	-1	12	10	0
g	8362	447	723	9	13	1	-1	12	10	0
g	8363	467	722	9	14	1	-1	13	10	0
g	8364	487	723	9	13	1	-1	12	10	0
g	8365	506	723	10	13	0	-1	12	10	0
g	8366	526	723	10	13	0	-1	12	10	0
g	8369	546	723	10	13	0	-1	12	10	0
g	8370	566	721	9	17	0	-3	14	10	0
g	8372	6	754	10	13	0	-1	12	10	0
g	8373	27	752	9	17	1	-3	14	10	0
g	8376	46	754	10	13	0	-1	12	10	0
g	8377	66	754	10	13	0	-1	12	10	0
g	8378	86	754	10	13	0	-1	12	10	0
g	8381	106	754	10	13	0	-1	12	10	0
g	8383	127	752	9	17	1	-3	14	10	0
g	8467	147	753	8	14	1	-1	13	10	0
g	8470	166	754	11	13	0	-1	12	10	0
g	8482	186	754	10	6	0	6	12	10	0
g	8486	206	754	10	13	0	-1	12	10	0
g	8494	226	754	10	13	0	-1	12	10	0
g	8528	246	754	10	13	0	-1	12	10	0
g	8529	266	754	10	13	0	-1	12	10	0
g	8531	286	754	10	13	0	-1	12	10	0
g	8532	306	754	10	13	0	-1	12	10	0
g	8533	326	754	10	13	0	-1	12	10	0
g	8534	346	754	10	13	0	-1	12	10	0
g	8535	366	754	10	13	0	-1	12	10	0
g	8536	386	754	10	13	0	-1	12	10	0
g	8537	406	754	10	13	0	-1	12	10	0
g	8538	426	754	10	13	0	-1	12	10	0
g	8539	446	754	10	13	0	-1	12	10	0
g	8540	466	754	10	13	0	-1	12	10	0
g	8541	486	754	10	13	0	-1	12	10	0
g	8542	506	754	10	13	0	-1	12	10	0
g	8592	526	756	10	9	0	1	10	10	0
g	8593	547	754	8	13	1	-1	12	10	0
g	8594	566	756	10	9	0	1	10	10	0
g	8595	7	785	8	13	1	-1	12	10	0
g	8596	26	787	11	9	0	1	10	10	0
g	8597	47	785	8	13	1	-1	12	10	0
g	8598	67	786	9	10	1	1	11	10	0
g	8599	86	786	10	10	0	1	11	10	0
g	8600	106	786	10	10	0	1	11	10	0
g	8601	127	786	9	10	1	1	11	10	0
g	8617	146	786	10	11	0	0	11	10	0
g	8618	166	786	10	11	0	0	11	10	0
g	8624	186	785	9	13	0	-1	12	10	0
g	8625	207	785	9	13	1	-1	12	10	0
g	8626	226	785	9	13	0	-1	12	10	0
g	8627	247	785	9	13	1	-1	12	10	0
g	8630	266	786	10	11	0	0	11	10	0
g	8631	286	786	11	11	0	0	11	10	0
g	8634	306	785	10	13	0	-1	12	10	0
g	8635	326	785	10	13	0	-1	12	10	0
g	8644	346	785	10	13	0	-1	12	10	0
g	8646	366	785	10	13	0	-1	12	10	0
g	8706	387	785	9	13	1	-1	12	10	0
g	8710	406	785	10	13	0	-1	12	10	0
g	8719	427	785	8	13	1	-1	12	10	0
g	8721	447	785	9	16	1	-4	12	10	0
g	8722	467	791	9	2	1	4	6	10	0
g	8725	486	785	10	13	0	-1	12	10	0
g	8730	506	785	10	13	0	-1	12	10	0
g	8734	526	789	11	7	0	1	8	10	0
g	8747	546	784	10	17	0	-4	13	10	0
g	8776	566	789	10	7	0	1	8	10	0
g	8800	7	819	9	9	1	0	9	10	0
g	8804	27	818	8	11	1	-1	10	10	0
g	8805	47	818	8	11	1	-1	10	10	0
g	9472	65	822	12	2	-1	4	6	10	0
g	9473	85	822	12	3	-1	3	6	10	0
g	9474	110	812	2	23	4	-7	16	10	0
g	9475	129	812	4	23	3	-7	16	10	0
g	9476	146	822	10	2	0	4	6	10	0
g	9477	166	822	10	3	0	3	6	10	0
g	9478	190	813	2	21	4	-6	15	10	0
g	9479	209	813	4	21	3	-6	15	10	0
g	9480	226	822	10	2	0	4	6	10	0
g	9481	246	822	10	3	0	3	6	10	0
g	9482	270	812	2	22	4	-6	16	10	0
g	9483	289	812	4	22	3	-6	16	10	0
g	9484	310	822	7	13	4	-7	6	10	0
g	9485	330	822	7	13	4	-7	6	10	0
g	9486	349	822	8	13	3	-7	6	10	0
g	9487	369	822	8	13	3	-7	6	10	0
g	9488	385	822	7	13	-1	-7	6	10	0
g	9489	405	822	7	13	-1	-7	6	10	0
g	9490	425	822	8	13	-1	-7	6	10	0
g	9491	445	822	8	13	-1	-7	6	10	0
g	9492	470	812	7	12	4	4	16	10	0
g	9493	490	812	7	13	4	3	16	10	0
g	9494	509	812	8	12	3	4	16	10	0
g	9495	529	812	8	13	3	3	16	10	0
g	9496	545	812	7	12	-1	4	16	10	0
g	9497	565	812	7	13	-1	3	16	10	0
g	9498	5	843	8	12	-1	4	16	10	0
g	9499	25	843	8	13	-1	3	16	10	0
g	9500	50	843	7	23	4	-7	16	10	0
g	9501	70	843	7	23	4	-7	16	10	0
g	9502	89	843	8	23	3	-7	16	10	0
g	9503	109	843	8	23	3	-7	16	10	0
g	9504	129	843	8	23	3	-7	16	10	0
g	9505	149	843	8	23	3	-7	16	10	0
g	9506	169	843	8	23	3	-7	16	10	0
g	9507	189	843	8	23	3	-7	16	10	0
g	9508	205	843	7	23	-1	-7	16	10	0
g	9509	225	843	7	23	-1	-7	16	10	0
g	9510	245	843	8	23	-1	-7	16	10	0
g	9511	265	843	8	23	-1	-7	16	10	0
g	9512	285	843	8	23	-1	-7	16	10	0
g	9513	305	843	8	23	-1	-7	16	10	0
g	9514	325	843	8	23	-1	-7	16	10	0
g	9515	345	843	8	23	-1	-7	16	10	0
g	9516	365	853	12	13	-1	-7	6	10	0
g	9517	385	853	12	13	-1	-7	6	10	0
g	9518	405	853	12	13	-1	-7	6	10	0
g	9519	425	853	12	13	-1	-7	6	10	0
g	9520	445	853	12	13	-1	-7	6	10	0
g	9521	465	853	12	13	-1	-7	6	10	0
g	9522	485	853	12	13	-1	-7	6	10	0
g	9523	505	853	12	13	-1	-7	6	10	0
g	9524	525	843	12	12	-1	4	16	10	0
g	9525	545	843	12	13	-1	3	16	10	0
g	9526	565	843	12	13	-1	3	16	10	0
g	9527	5	874	12	13	-1	3	16	10	0
g	9528	25	874	12	12	-1	4	16	10	0
g	9529	45	874	12	13	-1	3	16	10	0
g	9530	65	874	12	13	-1	3	16	10	0
g	9531	85	874	12	13	-1	3	16	10	0
g	9532	105	874	12	23	-1	-7	16	10	0
g	9533	125	874	12	23	-1	-7	16	10	0
g	9534	145	874	12	23	-1	-7	16	10	0
g	9535	165	874	12	23	-1	-7	16	10	0
g	9536	185	874	12	23	-1	-7	16	10	0
g	9537	205	874	12	23	-1	-7	16	10	0
g	9538	225	874	12	23	-1	-7	16	10	0
g	9539	245	874	12	23	-1	-7	16	10	0
g	9540	265	874	12	23	-1	-7	16	10	0
g	9541	285	874	12	23	-1	-7	16	10	0
g	9542	305	874	12	23	-1	-7	16	10	0
g	9543	325	874	12	23	-1	-7	16	10	0
g	9544	345	874	12	23	-1	-7	16	10	0
g	9545	365	874	12	23	-1	-7	16	10	0
g	9546	385	874	12	23	-1	-7	16	10	0
g	9547	405	874	12	23	-1	-7	16	10	0
g	9548	427	884	8	2	1	4	6	10	0
g	9549	447	884	8	3	1	3	6	10	0
g	9550	470	878	2	15	4	-3	12	10	0
g	9551	489	878	4	15	3	-3	12	10	0
g	9552	505	883	12	5	-1	2	7	10	0
g	9553	529	874	4	23	3	-7	16	10	0
g	9554	550	883	7	14	4	-7	7	10	0
g	9555	569	884	8	13	3	-7	6	10	0
g	9556	9	914	8	14	3	-7	7	10	0
g	9557	25	914	7	14	-1	-7	7	10	0
g	9558	45	915	8	13	-1	-7	6	10	0
g	9559	65	914	8	14	-1	-7	7	10	0
g	9560	90	905	7	14	4	2	16	10	0
g	9561	109	905	8	12	3	4	16	10	0
g	9562	129	905	8	14	3	2	16	10	0
g	9563	145	905	7	14	-1	2	16	10	0
g	9564	165	905	8	12	-1	4	16	10	0
g	9565	185	905	8	14	-1	2	16	10	0
g	9566	210	905	7	23	4	-7	16	10	0
g	9567	229	905	8	23	3	-7	16	10	0
g	9568	249	905	8	23	3	-7	16	10	0
g	9569	265	905	7	23	-1	-7	16	10	0
g	9570	285	905	8	23	-1	-7	16	10	0
g	9571	305	905	8	23	-1	-7	16	10	0
g	9572	325	914	12	14	-1	-7	7	10	0
g	9573	345	915	12	13	-1	-7	6	10	0
g	9574	365	914	12	14	-1	-7	7	10	0
g	9575	385	905	12	14	-1	2	16	10	0
g	9576	405	905	12	12	-1	4	16	10	0
g	9577	425	905	12	14	-1	2	16	10	0
g	9578	445	905	12	23	-1	-7	16	10	0
g	9579	465	905	12	23	-1	-7	16	10	0
g	9580	485	905	12	23	-1	-7	16	10	0
g	9581	510	915	7	13	4	-7	6	10	0
g	9582	525	915	7	13	-1	-7	6	10	0
g	9583	545	905	7	12	-1	4	16	10	0
g	9584	570	905	7	12	4	4	16	10	0
g	9585	6	937	11	20	0	-5	15	10	0
g	9586	26	937	11	20	0	-5	15	10	0
g	9587	46	937	11	20	0	-5	15	10	0
g	9588	65	946	7	2	-1	4	6	10	0
g	9589	90	936	2	12	4	4	16	10	0
g	9590	110	946	7	2	4	4	6	10	0
g	9591	130	946	2	13	4	-7	6	10	0
g	9592	145	946	7	3	-1	3	6	10	0
g	9593	169	936	4	12	3	4	16	10	0
g	9594	190	946	7	3	4	3	6	10	0
g	9595	209	946	4	13	3	-7	6	10	0
g	9596	225	946	12	3	-1	3	6	10	0
g	9597	249	936	4	23	3	-7	16	10	0
g	9598	265	946	12	3	-1	3	6	10	0
g	9599	289	936	4	23	3	-7	16	10	0
g	9600	306	936	11	12	0	4	16	10	0
g	9601	326	955	11	4	0	-7	-3	10	0
g	9602	346	952	11	7	0	-7	0	10	0
g	9603	366	950	11	9	0	-7	2	10	0
g	9604	386	947	11	12	0	-7	5	10	0
g	9605	406	944	11	15	0	-7	8	10	0
g	9606	426	941	11	18	0	-7	11	10	0
g	9607	446	939	11	20	0	-7	13	10	0
g	9608	466	936	11	23	0	-7	16	10	0
g	9609	486	936	9	23	0	-7	16	10	0
g	9610	506	936	8	23	0	-7	16	10	0
g	9611	526	936	7	23	0	-7	16	10	0
g	9612	546	936	6	23	0	-7	16	10	0
g	9613	566	936	4	23	0	-7	16	10	0
g	9614	6	967	3	23	0	-7	16	10	0
g	9615	26	967	2	23	0	-7	16	10	0
g	9616	51	967	6	23	5	-7	16	10	0
g	9617	65	966	11	23	-1	-6	17	10	0
g	9618	85	966	11	23	-1	-6	17	10	0
g	9619	105	965	11	24	-1	-6	18	10	0
g	9620	126	967	11	4	0	12	16	10	0
g	9621	154	967	3	23	8	-7	16	10	0
g	9622	166	978	6	12	0	-7	5	10	0
g	9623	191	978	6	12	5	-7	5	10	0
g	9624	206	967	6	12	0	4	16	10	0
g	9625	226	967	11	23	0	-7	16	10	0
g	9626	246	967	11	23	0	-7	16	10	0
g	9627	266	967	11	23	0	-7	16	10	0
g	9628	286	967	11	23	0	-7	16	10	0
g	9629	311	967	6	12	5	4	16	10	0
g	9630	326	967	11	23	0	-7	16	10	0
g	9631	346	967	11	23	0	-7	16	10	0
g	9674	366	971	10	13	0	-1	12	10	0
g	10003	386	971	11	13	0	-1	12	10	0
g	10060	406	971	10	13	0	-1	12	10	0
g	11022	426	973	10	9	0	1	10	10	0
g	11023	446	972	10	10	0	1	11	10	0
g	11024	466	973	10	9	0	1	10	10	0
g	11025	486	972	10	10	0	1	11	10	0
g	63191	503	968	6	6	-3	9	15	0	0
g	63192	523	968	6	6	-3	9	15	0	0
g	64257	546	970	9	14	0	-1	13	10	0
g	64258	566	970	9	14	0	-1	13	10	0
g	13	6	1014	0	0	0	0	0	5	1
g	32	26	1014	0	0	0	0	0	5	1
g	33	49	1002	4	13	3	-1	12	10	1
g	34	68	1001	6	7	2	6	13	10	1
g	35	86	1002	11	13	0	-1	12	10	1
g	36	106	1000	10	17	0	-3	14	10	1
g	37	126	1002	11	13	0	-1	12	10	1
g	38	146	1002	11	13	0	-1	12	10	1
g	39	170	1001	3	7	4	6	13	10	1
g	40	189	1001	6	16	3	-3	13	10	1
g	41	207	1001	7	16	1	-3	13	10	1
g	42	226	1005	10	9	0	0	9	10	1
g	43	247	1005	9	9	1	0	9	10	1
g	44	269	1011	4	6	3	-3	3	10	1
g	45	288	1008	6	3	2	3	6	10	1
g	46	309	1011	4	4	3	-1	3	10	1
g	47	327	1001	8	16	1	-3	13	10	1
g	48	346	1002	10	13	0	-1	12	10	1
g	49	366	1002	10	13	0	-1	12	10	1
g	50	386	1002	10	13	0	-1	12	10	1
g	51	406	1002	10	13	0	-1	12	10	1
g	52	426	1002	10	13	0	-1	12	10	1
g	53	446	1002	10	13	0	-1	12	10	1
g	54	466	1002	10	13	0	-1	12	10	1
g	55	486	1002	10	13	0	-1	12	10	1
g	56	506	1002	10	13	0	-1	12	10	1
g	57	526	1002	10	13	0	-1	12	10	1
g	58	549	1005	4	10	3	-1	9	10	1
g	59	569	1005	4	12	3	-3	9	10	1
g	60	7	1035	8	11	1	-1	10	10	1
g	61	27	1037	9	6	1	2	8	10	1
g	62	47	1035	8	11	1	-1	10	10	1
g	63	67	1033	8	13	1	-1	12	10	1
g	64	86	1033	10	15	0	-3	12	10	1
g	65	106	1033	10	13	0	-1	12	10	1
g	66	127	1033	9	13	1	-1	12	10	1
g	67	146	1033	10	13	0	-1	12	10	1
g	68	167	1033	9	13	1	-1	12	10	1
g	69	187	1033	8	13	1	-1	12	10	1
g	70	207	1033	9	13	1	-1	12	10	1
g	71	226	1033	10	13	0	-1	12	10	1
g	72	247	1033	9	13	1	-1	12	10	1
g	73	267	1033	8	13	1	-1	12	10	1
g	74	286	1033	9	13	0	-1	12	10	1
g	75	307	1033	10	13	1	-1	12	10	1
g	76	327	1033	9	13	1	-1	12	10	1
g	77	346	1033	10	13	0	-1	12	10	1
g	78	367	1033	9	13	1	-1	12	10	1
g	79	386	1033	10	13	0	-1	12	10	1
g	80	407	1033	9	13	1	-1	12	10	1
g	81	426	1033	10	16	0	-4	12	10	1
g	82	447	1033	9	13	1	-1	12	10	1
g	83	466	1033	10	13	0	-1	12	10	1
g	84	486	1033	10	13	0	-1	12	10	1
g	85	507	1033	9	13	1	-1	12	10	1
g	86	526	1033	10	13	0	-1	12	10	1
g	87	546	1033	10	13	0	-1	12	10	1
g	88	566	1033	10	13	0	-1	12	10	1
g	89	6	1064	11	13	0	-1	12	10	1
g	90	26	1064	10	13	0	-1	12	10	1
g	91	49	1063	6	16	3	-3	13	10	1
g	92	67	1063	8	16	1	-3	13	10	1
g	93	87	1063	6	16	1	-3	13	10	1
g	94	106	1064	10	9	0	3	12	10	1
g	95	127	1077	9	3	1	-4	-1	10	1
g	96	148	1062	5	5	2	9	14	10	1
g	97	166	1067	10	10	0	-1	9	10	1
g	98	187	1063	9	14	1	-1	13	10	1
g	99	207	1067	9	10	1	-1	9	10	1
g	100	226	1063	10	14	0	-1	13	10	1
g	101	246	1067	10	10	0	-1	9	10	1
g	102	267	1063	9	14	1	-1	13	10	1
g	103	286	1066	10	15	0	-5	10	10	1
g	104	307	1063	9	14	1	-1	13	10	1
g	105	327	1063	9	14	1	-1	13	10	1
g	106	347	1063	7	17	1	-4	13	10	1
g	107	367	1063	9	14	1	-1	13	10	1
g	108	387	1063	8	14	1	-1	13	10	1
g	109	406	1067	10	10	0	-1	9	10	1
g	110	427	1067	9	10	1	-1	9	10	1
g	111	446	1067	10	10	0	-1	9	10	1
g	112	467	1067	9	13	1	-4	9	10	1
g	113	486	1067	10	13	0	-4	9	10	1
g	114	507	1067	9	10	1	-1	9	10	1
g	115	526	1067	10	10	0	-1	9	10	1
g	116	546	1064	9	13	0	-1	12	10	1
g	117	567	1067	8	10	1	-1	9	10	1
g	118	6	1098	10	10	0	-1	9	10	1
g	119	26	1098	10	10	0	-1	9	10	1
g	120	46	1098	10	10	0	-1	9	10	1
g	121	66	1098	10	13	0	-4	9	10	1
g	122	87	1098	8	10	1	-1	9	10	1
g	123	107	1094	8	16	1	-3	13	10	1
g	124	130	1094	3	16	4	-3	13	10	1
g	125	147	1094	8	16	1	-3	13	10	1
g	126	166	1100	10	5	0	2	7	10	1
g	160	186	1107	0	0	0	0	0	10	1
g	161	209	1098	4	13	3	-4	9	10	1
g	162	227	1096	9	14	1	-3	11	10	1
g	163	246	1095	10	13	0	-1	12	10	1
g	164	266	1095	10	13	0	-1	12	10	1
g	165	286	1095	11	13	0	-1	12	10	1
g	166	310	1094	3	16	4	-3	13	10	1
g	167	327	1095	9	16	1	-4	12	10	1
g	168	348	1094	7	4	2	9	13	10	1
g	169	366	1095	11	13	0	-1	12	10	1
g	170	388	1095	7	7	2	5	12	10	1
g	171	407	1098	9	9	1	0	9	10	1
g	172	427	1101	8	6	1	0	6	10	1
g	174	447	1095	8	7	1	5	12	10	1
g	175	468	1095	6	2	2	10	12	10	1
g	176	487	1095	8	7	1	5	12	10	1
g	177	507	1096	9	12	1	-1	11	10	1
g	178	528	1095	6	7	2	5	12	10	1
g	179	548	1095	6	7	2	5	12	10	1
g	180	570	1093	4	5	4	9	14	10	1
g	181	7	1129	8	13	1	-4	9	10	1
g	182	26	1126	10	15	0	-3	12	10	1
g	183	49	1131	4	4	3	3	7	10	1
g	184	69	1137	5	5	3	-4	1	10	1
g	185	88	1126	6	7	2	5	12	10	1
g	186	108	1126	7	7	2	5	12	10	1
g	187	126	1129	10	9	0	0	9	10	1
g	188	146	1126	11	13	0	-1	12	10	1
g	189	166	1126	11	13	0	-1	12	10	1
g	190	186	1126	11	13	0	-1	12	10	1
g	191	207	1129	9	13	1	-4	9	10	1
g	192	226	1121	10	18	0	-1	17	10	1
g	193	246	1121	10	18	0	-1	17	10	1
g	194	266	1122	10	17	0	-1	16	10	1
g	195	286	1123	10	16	0	-1	15	10	1
g	196	306	1123	10	16	0	-1	15	10	1
g	197	326	1121	10	18	0	-1	17	10	1
g	198	346	1126	10	13	0	-1	12	10	1
g	199	366	1126	10	16	0	-4	12	10	1
g	200	387	1121	8	18	1	-1	17	10	1
g	201	407	1121	8	18	1	-1	17	10	1
g	202	427	1122	8	17	1	-1	16	10	1
g	203	447	1123	8	16	1	-1	15	10	1
g	204	467	1121	8	18	1	-1	17	10	1
g	205	487	1121	8	18	1	-1	17	10	1
g	206	507	1122	8	17	1	-1	16	10	1
g	207	527	1123	8	16	1	-1	15	10	1
g	208	546	1126	10	13	0	-1	12	10	1
g	209	567	1123	9	16	1	-1	15	10	1
g	210	6	1152	10	18	0	-1	17	10	1
g	211	26	1152	10	18	0	-1	17	10	1
g	212	46	1153	10	17	0	-1	16	10	1
g	213	66	1154	10	16	0	-1	15	10	1
g	214	86	1154	10	16	0	-1	15	10	1
g	215	107	1160	8	9	1	0	9	10	1
g	216	126	1156	10	15	0	-2	13	10	1
g	217	147	1152	9	18	1	-1	17	10	1
g	218	167	1152	9	18	1	-1	17	10	1
g	219	187	1153	9	17	1	-1	16	10	1
g	220	207	1154	9	16	1	-1	15	10	1
g	221	226	1152	11	18	0	-1	17	10	1
g	222	247	1157	9	13	1	-1	12	10	1
g	223	267	1156	9	17	1	-4	13	10	1
g	224	286	1155	10	15	0	-1	14	10	1
g	225	306	1155	10	15	0	-1	14	10	1
g	226	326	1156	10	14	0	-1	13	10	1
g	227	346	1156	10	14	0	-1	13	10	1
g	228	366	1156	10	14	0	-1	13	10	1
g	229	386	1155	10	15	0	-1	14	10	1
g	230	406	1160	10	10	0	-1	9	10	1
g	231	427	1160	9	13	1	-4	9	10	1
g	232	446	1155	10	15	0	-1	14	10	1
g	233	466	1155	10	15	0	-1	14	10	1
g	234	486	1156	10	14	0	-1	13	10	1
g	235	506	1156	10	14	0	-1	13	10	1
g	236	527	1155	9	15	1	-1	14	10	1
g	237	547	1155	9	15	1	-1	14	10	1
g	238	567	1156	9	14	1	-1	13	10	1
g	239	7	1187	9	14	1	-1	13	10	1
g	240	26	1187	10	14	0	-1	13	10	1
g	241	47	1187	9	14	1	-1	13	10	1
g	242	66	1186	10	15	0	-1	14	10	1
g	243	86	1186	10	15	0	-1	14	10	1
g	244	106	1187	10	14	0	-1	13	10	1
g	245	126	1187	10	14	0	-1	13	10	1
g	246	146	1187	10	14	0	-1	13	10	1
g	247	167	1190	9	10	1	0	10	10	1
g	248	186	1190	10	12	0	-2	10	10	1
g	249	207	1186	8	15	1	-1	14	10	1
g	250	227	1186	8	15	1	-1	14	10	1
g	251	247	1187	8	14	1	-1	13	10	1
g	252	267	1187	8	14	1	-1	13	10	1
g	253	286	1186	10	18	0	-4	14	10	1
g	254	307	1187	9	17	1	-4	13	10	1
g	255	326	1187	10	17	0	-4	13	10	1
g	256	346	1185	10	16	0	-1	15	10	1
g	257	366	1188	10	13	0	-1	12	10	1
g	258	386	1184	10	17	0	-1	16	10	1
g	259	406	1187	10	14	0	-1	13	10	1
g	260	426	1188	11	16	0	-4	12	10	1
g	261	446	1191	11	13	0	-4	9	10	1
g	262	466	1183	10	18	0	-1	17	10	1
g	263	487	1186	9	15	1	-1	14	10	1
g	264	506	1184	10	17	0	-1	16	10	1
g	265	527	1187	9	14	1	-1	13	10	1
g	266	546	1184	10	17	0	-1	16	10	1
g	267	567	1187	9	14	1	-1	13	10	1
g	268	6	1215	10	17	0	-1	16	10	1
g	269	27	1218	9	14	1	-1	13	10	1
g	270	47	1215	9	17	1	-1	16	10	1
g	271	66	1218	11	14	0	-1	13	10	1
g	272	86	1219	10	13	0	-1	12	10	1
g	273	106	1218	10	14	0	-1	13	10	1
g	274	127	1216	8	16	1	-1	15	10	1
g	275	146	1219	10	13	0	-1	12	10	1
g	276	167	1215	8	17	1	-1	16	10	1
g	277	186	1218	10	14	0	-1	13	10	1
g	278	207	1215	8	17	1	-1	16	10	1
g	279	226	1218	10	14	0	-1	13	10	1
g	280	247	1219	9	16	1	-4	12	10	1
g	281	266	1222	10	13	0	-4	9	10	1
g	282	287	1215	8	17	1	-1	16	10	1
g	283	306	1218	10	14	0	-1	13	10	1
g	284	326	1215	10	17	0	-1	16	10	1
g	285	346	1218	10	18	0	-5	13	10	1
g	286	366	1215	10	17	0	-1	16	10	1
g	287	386	1218	10	18	0	-5	13	10	1
g	288	406	1215	10	17	0	-1	16	10	1
g	289	426	1218	10	18	0	-5	13	10	1
g	290	446	1219	10	17	0	-5	12	10	1
g	291	466	1218	10	18	0	-5	13	10	1
g	292	487	1215	9	17	1	-1	16	10	1
g	293	505	1215	11	17	-1	-1	16	10	1
g	294	526	1219	11	13	0	-1	12	10	1
g	295	546	1218	10	14	0	-1	13	10	1
g	296	567	1216	8	16	1	-1	15	10	1
g	297	7	1249	9	14	1	-1	13	10	1
g	298	27	1247	8	16	1	-1	15	10	1
g	299	47	1250	9	13	1	-1	12	10	1
g	300	67	1246	8	17	1	-1	16	10	1
g	301	87	1249	9	14	1	-1	13	10	1
g	302	107	1250	9	16	1	-4	12	10	1
g	303	127	1249	9	17	1	-4	13	10	1
g	304	147	1246	8	17	1	-1	16	10	1
g	305	167	1253	9	10	1	-1	9	10	1
g	306	187	1250	8	13	1	-1	12	10	1
g	307	207	1249	9	17	1	-4	13	10	1
g	308	226	1246	9	17	0	-1	16	10	1
g	309	247	1249	9	17	1	-4	13	10	1
g	310	267	1250	10	17	1	-5	12	10	1
g	311	287	1249	9	18	1	-5	13	10	1
g	312	307	1253	9	10	1	-1	9	10	1
g	313	327	1245	9	18	1	-1	17	10	1
g	314	347	1245	8	18	1	-1	17	10	1
g	315	367	1250	9	17	1	-5	12	10	1
g	316	387	1249	8	18	1	-5	13	10	1
g	317	407	1249	9	14	1	-1	13	10	1
g	318	427	1249	9	14	1	-1	13	10	1
g	319	447	1250	9	13	1	-1	12	10	1
g	320	467	1249	10	14	1	-1	13	10	1
g	321	486	1250	10	13	0	-1	12	10	1
g	322	507	1249	8	14	1	-1	13	10	1
g	323	527	1245	9	18	1	-1	17	10	1
g	324	547	1248	9	15	1	-1	14	10	1
g	325	567	1250	9	17	1	-5	12	10	1
g	326	7	1284	9	14	1	-5	9	10	1
g	327	27	1277	9	17	1	-1	16	10	1
g	328	47	1280	9	14	1	-1	13	10	1
g	329	66	1280	10	14	0	-1	13	10	1
g	330	87	1281	9	16	1	-4	12	10	1
g	331	107	1284	9	13	1	-4	9	10	1
g	332	126	1278	10	16	0	-1	15	10	1
g	333	146	1281	10	13	0	-1	12	10	1
g	334	166	1277	10	17	0	-1	16	10	1
g	335	186	1280	10	14	0	-1	13	10	1
g	336	206	1277	10	17	0	-1	16	10	1
g	337	226	1279	10	15	0	-1	14	10	1
g	338	246	1281	10	13	0	-1	12	10	1
g	339	266	1284	10	10	0	-1	9	10	1
g	340	287	1276	9	18	1	-1	17	10	1
g	341	307	1279	9	15	1	-1	14	10	1
g	342	327	1281	9	17	1	-5	12	10	1
g	343	347	1284	9	14	1	-5	9	10	1
g	344	367	1277	9	17	1	-1	16	10	1
g	345	387	1280	9	14	1	-1	13	10	1
g	346	406	1276	10	18	0	-1	17	10	1
g	347	426	1279	10	15	0	-1	14	10	1
g	348	446	1277	10	17	0	-1	16	10	1
g	349	466	1280	10	14	0	-1	13	10	1
g	350	486	1281	10	16	0	-4	12	10	1
g	351	506	1284	10	13	0	-4	9	10	1
g	352	526	1277	10	17	0	-1	16	10	1
g	353	546	1280	10	14	0	-1	13	10	1
g	354	566	1281	10	16	0	-4	12	10	1
g	355	6	1312	9	16	0	-4	12	10	1
g	356	26	1308	10	17	0	-1	16	10	1
g	357	46	1311	10	14	0	-1	13	10	1
g	358	66	1312	10	13	0	-1	12	10	1
g	359	86	1312	9	13	0	-1	12	10	1
g	360	107	1309	9	16	1	-1	15	10	1
g	361	127	1311	8	14	1	-1	13	10	1
g	362	147	1309	9	16	1	-1	15	10	1
g	363	167	1312	8	13	1	-1	12	10	1
g	364	187	1308	9	17	1	-1	16	10	1
g	365	207	1311	8	14	1	-1	13	10	1
g	366	227	1307	9	18	1	-1	17	10	1
g	367	247	1310	8	15	1	-1	14	10	1
g	368	267	1308	9	17	1	-1	16	10	1
g	369	287	1310	9	15	1	-1	14	10	1
g	370	307	1312	9	16	1	-4	12	10	1
g	371	327	1315	9	13	1	-4	9	10	1
g	372	346	1308	10	17	0	-1	16	10	1
g	373	366	1311	10	14	0	-1	13	10	1
g	374	386	1308	11	17	0	-1	16	10	1
g	375	406	1311	10	17	0	-4	13	10	1
g	376	426	1309	11	16	0	-1	15	10	1
g	377	446	1307	10	18	0	-1	17	10	1
g	378	467	1310	8	15	1	-1	14	10	1
g	379	486	1308	10	17	0	-1	16	10	1
g	380	507	1311	8	14	1	-1	13	10	1
g	381	526	1308	10	17	0	-1	16	10	1
g	382	547	1311	8	14	1	-1	13	10	1
g	383	567	1311	9	14	1	-1	13	10	1
g	399	6	1343	10	13	0	-1	12	10	1
g	402	25	1343	12	16	-1	-4	12	10	1
g	416	46	1341	10	15	0	-1	14	10	1
g	417	66	1344	10	12	0	-1	11	10	1
g	431	87	1341	10	15	1	-1	14	10	1
g	432	107	1344	10	12	1	-1	11	10	1
g	461	126	1339	10	17	0	-1	16	10	1
g	462	146	1342	10	14	0	-1	13	10	1
g	463	167	1339	8	17	1	-1	16	10	1
g	464	187	1342	9	14	1	-1	13	10	1
g	465	206	1339	10	17	0	-1	16	10	1
g	466	226	1342	10	14	0	-1	13	10	1
g	467	247	1339	9	17	1	-1	16	10	1
g	468	267	1342	8	14	1	-1	13	10	1
g	469	287	1337	9	19	1	-1	18	10	1
g	470	307	1340	8	16	1	-1	15	10	1
g	471	327	1336	9	20	1	-1	19	10	1
g	472	347	1339	8	17	1	-1	16	10	1
g	473	367	1336	9	20	1	-1	19	10	1
g	474	387	1339	8	17	1	-1	16	10	1
g	475	407	1336	9	20	1	-1	19	10	1
g	476	427	1339	8	17	1	-1	16	10	1
g	506	446	1335	10	21	0	-1	20	10	1
g	507	466	1338	10	18	0	-1	17	10	1
g	508	486	1338	10	18	0	-1	17	10	1
g	509	506	1341	10	15	0	-1	14	10	1
g	510	526	1338	10	19	0	-2	17	10	1
g	511	546	1341	10	16	0	-2	14	10	1
g	536	566	1343	10	17	0	-5	12	10	1
g	537	6	1377	10	14	0	-5	9	10	1
g	538	26	1374	10	17	0	-5	12	10	1
g	539	46	1374	9	17	0	-5	12	10	1
g	567	67	1377	7	13	1	-4	9	10	1
g	601	86	1377	10	10	0	-1	9	10	1
g	699	109	1373	4	4	3	9	13	10	1
g	700	128	1373	4	5	2	8	13	10	1
g	710	147	1373	8	4	1	9	13	10	1
g	711	167	1373	8	4	1	9	13	10	1
g	728	187	1373	8	4	1	9	13	10	1
g	729	209	1373	4	4	3	9	13	10	1
g	730	228	1372	6	5	2	9	14	10	1
g	731	247	1386	5	4	1	-4	0	10	1
g	732	267	1373	8	4	1	9	13	10	1
g	733	288	1372	8	5	2	9	14	10	1
g	768	303	1372	5	5	-3	9	14	0	1
g	769	324	1372	5	5	-2	9	14	0	1
g	770	342	1373	8	4	-4	9	13	0	1
g	771	362	1373	8	4	-4	9	13	0	1
g	772	383	1374	6	2	-3	10	12	0	1
g	774	402	1373	8	4	-4	9	13	0	1
g	775	424	1373	4	4	-2	9	13	0	1
g	776	442	1373	8	4	-4	9	13	0	1
g	777	464	1373	4	4	-2	9	13	0	1
g	778	483	1372	6	5	-3	9	14	0	1
g	779	503	1372	7	5	-3	9	14	0	1
g	780	522	1373	8	4	-4	9	13	0	1
g	786	544	1373	4	4	-2	9	13	0	1
g	789	566	1373	3	5	0	8	13	0	1
g	795	4	1406	4	4	-2	7	11	0	1
g	803	24	1418	4	3	-2	-4	-1	0	1
g	806	44	1418	4	4	-2	-5	-1	0	1
g	807	64	1416	5	5	-2	-4	1	0	1
g	808	82	1417	5	4	-4	-4	0	0	1
g	960	106	1408	10	10	0	-1	9	10	1
g	1024	127	1400	8	18	1	-1	17	10	1
g	1025	147	1402	8	16	1	-1	15	10	1
g	1026	166	1405	10	16	0	-4	12	10	1
g	1027	187	1400	8	18	1	-1	17	10	1
g	1028	206	1405	10	13	0	-1	12	10	1
g	1029	226	1405	10	13	0	-1	12	10	1
g	1030	247	1405	8	13	1	-1	12	10	1
g	1031	267	1402	8	16	1	-1	15	10	1
g	1032	286	1405	9	13	0	-1	12	10	1
g	1033	305	1405	12	13	-1	-1	12	10	1
g	1034	326	1405	11	13	0	-1	12	10	1
g	1035	346	1405	10	13	0	-1	12	10	1
g	1036	367	1400	9	18	1	-1	17	10	1
g	1037	387	1400	9	18	1	-1	17	10	1
g	1038	406	1401	10	17	0	-1	16	10	1
g	1039	427	1405	9	15	1	-3	12	10	1
g	1040	446	1405	10	13	0	-1	12	10	1
g	1041	467	1405	9	13	1	-1	12	10	1
g	1042	487	1405	9	13	1	-1	12	10	1
g	1043	507	1405	8	13	1	-1	12	10	1
g	1044	526	1405	10	15	0	-3	12	10	1
g	1045	547	1405	8	13	1	-1	12	10	1
g	1046	566	1405	11	13	0	-1	12	10	1
g	1047	6	1436	10	13	0	-1	12	10	1
g	1048	27	1436	9	13	1	-1	12	10	1
g	1049	47	1432	9	17	1	-1	16	10	1
g	1050	67	1436	9	13	1	-1	12	10	1
g	1051	86	1436	10	13	0	-1	12	10	1
g	1052	106	1436	10	13	0	-1	12	10	1
g	1053	127	1436	9	13	1	-1	12	10	1
g	1054	146	1436	10	13	0	-1	12	10	1
g	1055	167	1436	9	13	1	-1	12	10	1
g	1056	187	1436	9	13	1	-1	12	10	1
g	1057	206	1436	10	13	0	-1	12	10	1
g	1058	226	1436	10	13	0	-1	12	10	1
g	1059	246	1436	10	13	0	-1	12	10	1
g	1060	266	1436	10	13	0	-1	12	10	1
g	1061	286	1436	10	13	0	-1	12	10	1
g	1062	306	1436	10	15	0	-3	12	10	1
g	1063	326	1436	10	13	0	-1	12	10	1
g	1064	346	1436	10	13	0	-1	12	10	1
g	1065	366	1436	11	15	0	-3	12	10	1
g	1066	386	1436	10	13	0	-1	12	10	1
g	1067	406	1436	10	13	0	-1	12	10	1
g	1068	427	1436	9	13	1	-1	12	10	1
g	1069	446	1436	10	13	0	-1	12	10	1
g	1070	466	1436	10	13	0	-1	12	10	1
g	1071	486	1436	9	13	0	-1	12	10	1
g	1072	506	1439	10	10	0	-1	9	10	1
g	1073	526	1435	10	14	0	-1	13	10	1
g	1074	547	1439	9	10	1	-1	9	10	1
g	1075	568	1439	7	10	2	-1	9	10	1
g	1076	6	1470	10	12	0	-3	9	10	1
g	1077	26	1470	10	10	0	-1	9	10	1
g	1078	46	1470	10	10	0	-1	9	10	1
g	1079	66	1470	9	10	0	-1	9	10	1
g	1080	87	1470	8	10	1	-1	9	10	1
g	1081	107	1466	8	14	1	-1	13	10	1
g	1082	127	1470	9	10	1	-1	9	10	1
g	1083	146	1470	9	10	0	-1	9	10	1
g	1084	166	1470	10	10	0	-1	9	10	1
g	1085	187	1470	8	10	1	-1	9	10	1
g	1086	206	1470	10	10	0	-1	9	10	1
g	1087	227	1470	8	10	1	-1	9	10	1
g	1088	247	1470	9	13	1	-4	9	10	1
g	1089	267	1470	9	10	1	-1	9	10	1
g	1090	287	1470	9	10	1	-1	9	10	1
g	1091	306	1470	10	13	0	-4	9	10	1
g	1092	326	1467	10	16	0	-4	12	10	1
g	1093	346	1470	10	10	0	-1	9	10	1
g	1094	367	1470	9	12	1	-3	9	10	1
g	1095	387	1470	8	10	1	-1	9	10	1
g	1096	406	1470	10	10	0	-1	9	10	1
g	1097	426	1470	11	12	0	-3	9	10	1
g	1098	446	1470	10	10	0	-1	9	10	1
g	1099	466	1470	10	10	0	-1	9	10	1
g	1100	487	1470	9	10	1	-1	9	10	1
g	1101	507	1470	9	10	1	-1	9	10	1
g	1102	526	1470	10	10	0	-1	9	10	1
g	1103	546	1470	9	10	0	-1	9	10	1
g	1104	566	1465	10	15	0	-1	14	10	1
g	1105	6	1497	10	14	0	-1	13	10	1
g	1106	26	1497	10	17	0	-4	13	10	1
g	1107	48	1496	7	15	2	-1	14	10	1
g	1108	67	1501	9	10	1	-1	9	10	1
g	1109	86	1501	10	10	0	-1	9	10	1
g	1110	107	1497	9	14	1	-1	13	10	1
g	1111	127	1497	9	14	1	-1	13	10	1
g	1112	147	1497	7	17	1	-4	13	10	1
g	1113	166	1501	11	10	0	-1	9	10	1
g	1114	186	1501	11	10	0	-1	9	10	1
g	1115	206	1497	10	14	0	-1	13	10	1
g	1116	227	1496	9	15	1	-1	14	10	1
g	1117	247	1496	8	15	1	-1	14	10	1
g	1118	266	1497	10	17	0	-4	13	10	1
g	1119	287	1501	8	12	1	-3	9	10	1
g	1138	306	1498	10	13	0	-1	12	10	1
g	1139	326	1501	10	10	0	-1	9	10	1
g	1168	347	1496	8	15	1	-1	14	10	1
g	1169	368	1499	7	12	2	-1	11	10	1
g	1170	386	1498	10	13	0	-1	12	10	1
g	1171	406	1501	10	10	0	-1	9	10	1
g	1172	427	1498	9	16	1	-4	12	10	1
g	1173	447	1501	9	13	1	-4	9	10	1
g	1174	465	1498	12	15	-1	-3	12	10	1
g	1175	486	1501	11	12	0	-3	9	10	1
g	1176	506	1498	10	15	0	-3	12	10	1
g	1177	526	1501	9	12	0	-3	9	10	1
g	1178	547	1498	9	15	1	-3	12	10	1
g	1179	567	1501	9	12	1	-3	9	10	1
g	1180	6	1529	11	13	0	-1	12	10	1
g	1181	26	1532	10	10	0	-1	9	10	1
g	1184	46	1529	11	13	0	-1	12	10	1
g	1185	66	1532	10	10	0	-1	9	10	1
g	1186	86	1529	10	15	0	-3	12	10	1
g	1187	107	1532	9	12	1	-3	9	10	1
g	1188	126	1529	10	13	0	-1	12	10	1
g	1189	146	1532	10	10	0	-1	9	10	1
g	1194	166	1529	10	15	0	-3	12	10	1
g	1195	187	1532	9	12	1	-3	9	10	1
g	1198	206	1529	11	13	0	-1	12	10	1
g	1199	226	1532	10	13	0	-4	9	10	1
g	1200	246	1529	11	13	0	-1	12	10	1
g	1201	266	1532	10	13	0	-4	9	10	1
g	1202	286	1529	11	15	0	-3	12	10	1
g	1203	306	1532	10	12	0	-3	9	10	1
g	1206	326	1529	10	15	0	-3	12	10	1
g	1207	346	1532	10	12	0	-3	9	10	1
g	1208	366	1529	10	13	0	-1	12	10	1
g	1209	386	1532	9	10	0	-1	9	10	1
g	1210	407	1529	9	13	1	-1	12	10	1
g	1211	427	1528	9	14	1	-1	13	10	1
g	1216	447	1529	8	13	1	-1	12	10	1
g	1217	466	1525	11	17	0	-1	16	10	1
g	1218	486	1528	10	14	0	-1	13	10	1
g	1231	507	1528	8	14	1	-1	13	10	1
g	1232	526	1525	10	17	0	-1	16	10	1
g	1233	546	1528	10	14	0	-1	13	10	1
g	1234	566	1526	10	16	0	-1	15	10	1
g	1235	6	1559	10	14	0	-1	13	10	1
g	1236	26	1560	10	13	0	-1	12	10	1
g	1237	46	1563	10	10	0	-1	9	10	1
g	1238	67	1556	8	17	1	-1	16	10	1
g	1239	86	1559	10	14	0	-1	13	10	1
g	1240	106	1560	10	13	0	-1	12	10	1
g	1241	126	1563	10	10	0	-1	9	10	1
g	1244	146	1557	11	16	0	-1	15	10	1
g	1245	166	1559	10	14	0	-1	13	10	1
g	1246	186	1557	10	16	0	-1	15	10	1
g	1247	206	1559	9	14	0	-1	13	10	1
g	1250	227	1557	9	16	1	-1	15	10	1
g	1251	247	1560	8	13	1	-1	12	10	1
g	1252	267	1557	9	16	1	-1	15	10	1
g	1253	287	1559	8	14	1	-1	13	10	1
g	1254	306	1557	10	16	0	-1	15	10	1
g	1255	326	1559	10	14	0	-1	13	10	1
g	1256	346	1560	10	13	0	-1	12	10	1
g	1257	366	1563	10	10	0	-1	9	10	1
g	1262	386	1557	10	16	0	-1	15	10	1
g	1263	406	1560	10	16	0	-4	12	10	1
g	1264	426	1557	10	16	0	-1	15	10	1
g	1265	446	1559	10	17	0	-4	13	10	1
g	1266	466	1556	10	17	0	-1	16	10	1
g	1267	486	1558	10	18	0	-4	14	10	1
g	1268	506	1557	10	16	0	-1	15	10	1
g	1269	527	1559	8	14	1	-1	13	10	1
g	1272	546	1557	10	16	0	-1	15	10	1
g	1273	566	1559	10	14	0	-1	13	10	1
g	3647	7	1589	9	17	1	-3	14	10	1
g	7808	26	1586	10	18	0	-1	17	10	1
g	7809	46	1589	10	15	0	-1	14	10	1
g	7810	66	1586	10	18	0	-1	17	10	1
g	7811	86	1589	10	15	0	-1	14	10	1
g	7812	106	1588	10	16	0	-1	15	10	1
g	7813	126	1590	10	14	0	-1	13	10	1
g	7838	146	1591	11	13	0	-1	12	10	1
g	7840	166	1591	10	16	0	-4	12	10	1
g	7841	186	1594	10	13	0	-4	9	10	1
g	7842	206	1587	10	17	0	-1	16	10	1
g	7843	226	1590	10	14	0	-1	13	10	1
g	7844	246	1584	11	20	0	-1	19	10	1
g	7845	266	1587	10	17	0	-1	16	10	1
g	7846	286	1584	10	20	0	-1	19	10	1
g	7847	305	1587	11	17	-1	-1	16	10	1
g	7848	326	1584	10	20	0	-1	19	10	1
g	7849	346	1587	10	17	0	-1	16	10	1
g	7850	366	1584	10	20	0	-1	19	10	1
g	7851	386	1587	10	17	0	-1	16	10	1
g	7852	406	1587	10	20	0	-4	16	10	1
g	7853	426	1590	10	17	0	-4	13	10	1
g	7854	446	1584	10	20	0	-1	19	10	1
g	7855	466	1587	10	17	0	-1	16	10	1
g	7856	486	1584	10	20	0	-1	19	10	1
g	7857	506	1587	10	17	0	-1	16	10	1
g	7858	526	1584	10	20	0	-1	19	10	1
g	7859	546	1587	10	17	0	-1	16	10	1
g	7860	566	1585	10	19	0	-1	18	10	1
g	7861	6	1618	10	17	0	-1	16	10	1
g	7862	26	1618	10	20	0	-4	16	10	1
g	7863	46	1621	10	17	0	-4	13	10	1
g	7864	67	1622	8	16	1	-4	12	10	1
g	7865	86	1625	10	13	0	-4	9	10	1
g	7866	107	1618	8	17	1	-1	16	10	1
g	7867	126	1621	10	14	0	-1	13	10	1
g	7868	147	1619	8	16	1	-1	15	10	1
g	7869	166	1621	10	14	0	-1	13	10	1
g	7870	187	1615	10	20	1	-1	19	10	1
g	7871	206	1618	11	17	0	-1	16	10	1
g	7872	226	1615	9	20	0	-1	19	10	1
g	7873	246	1618	10	17	0	-1	16	10	1
g	7874	267	1615	9	20	1	-1	19	10	1
g	7875	286	1618	10	17	0	-1	16	10	1
g	7876	307	1615	8	20	1	-1	19	10	1
g	7877	326	1618	10	17	0	-1	16	10	1
g	7878	347	1618	8	20	1	-4	16	10	1
g	7879	366	1621	10	17	0	-4	13	10	1
g	7880	387	1618	8	17	1	-1	16	10	1
g	7881	407	1621	9	14	1	-1	13	10	1
g	7882	427	1622	8	16	1	-4	12	10	1
g	7883	447	1621	9	17	1	-4	13	10	1
g	7884	466	1622	10	16	0	-4	12	10	1
g	7885	486	1625	10	13	0	-4	9	10	1
g	7886	506	1618	10	17	0	-1	16	10	1
g	7887	526	1621	10	14	0	-1	13	10	1
g	7888	546	1615	11	20	0	-1	19	10	1
g	7889	566	1618	11	17	0	-1	16	10	1
g	7890	6	1646	10	20	0	-1	19	10	1
g	7891	26	1649	10	17	0	-1	16	10	1
g	7892	46	1646	10	20	0	-1	19	10	1
g	7893	66	1649	10	17	0	-1	16	10	1
g	7894	86	1646	10	20	0	-1	19	10	1
g	7895	106	1649	10	17	0	-1	16	10	1
g	7896	126	1649	10	20	0	-4	16	10	1
g	7897	146	1652	10	17	0	-4	13	10	1
g	7898	166	1648	10	18	0	-1	17	10	1
g	7899	186	1651	10	15	0	-1	14	10	1
g	7900	206	1648	10	18	0	-1	17	10	1
g	7901	226	1651	10	15	0	-1	14	10	1
g	7902	246	1649	10	17	0	-1	16	10	1
g	7903	266	1652	10	14	0	-1	13	10	1
g	7904	286	1650	10	16	0	-1	15	10	1
g	7905	306	1652	10	14	0	-1	13	10	1
g	7906	326	1651	10	18	0	-4	14	10	1
g	7907	346	1654	10	15	0	-4	11	10	1
g	7908	367	1653	9	16	1	-4	12	10	1
g	7909	387	1656	8	13	1	-4	9	10	1
g	7910	407	1649	9	17	1	-1	16	10	1
g	7911	427	1652	8	14	1	-1	13	10	1
g	7912	447	1648	10	18	1	-1	17	10	1
g	7913	467	1651	10	15	1	-1	14	10	1
g	7914	487	1648	10	18	1	-1	17	10	1
g	7915	507	1651	10	15	1	-1	14	10	1
g	7916	527	1649	10	17	1	-1	16	10	1
g	7917	547	1652	10	14	1	-1	13	10	1
g	7918	567	1650	10	16	1	-1	15	10	1
g	7919	7	1683	10	14	1	-1	13	10	1
g	7920	27	1682	10	18	1	-4	14	10	1
g	7921	47	1685	10	15	1	-4	11	10	1
g	7922	66	1679	11	18	0	-1	17	10	1
g	7923	86	1682	10	18	0	-4	14	10	1
g	7924	106	1684	11	16	0	-4	12	10	1
g	7925	126	1687	10	13	0	-4	9	10	1
g	7926	146	1680	11	17	0	-1	16	10	1
g	7927	166	1683	10	17	0	-4	13	10	1
g	7928	186	1681	11	16	0	-1	15	10	1
g	7929	206	1683	10	17	0	-4	13	10	1
g	8211	227	1690	9	3	1	3	6	10	1
g	8212	246	1690	11	3	0	3	6	10	1
g	8216	268	1683	5	7	2	6	13	10	1
g	8217	289	1683	5	7	3	6	13	10	1
g	8218	309	1693	4	6	3	-3	3	10	1
g	8220	326	1683	9	7	0	6	13	10	1
g	8221	347	1683	9	7	1	6	13	10	1
g	8222	367	1693	9	6	1	-3	3	10	1
g	8224	387	1683	9	17	1	-4	13	10	1
g	8225	407	1683	9	17	1	-4	13	10	1
g	8226	428	1688	6	6	2	2	8	10	1
g	8230	446	1694	10	3	0	-1	2	10	1
g	8240	466	1684	11	13	0	-1	12	10	1
g	8242	489	1684	4	7	3	5	12	10	1
g	8243	507	1684	8	7	1	5	12	10	1
g	8249	528	1687	6	9	2	0	9	10	1
g	8250	549	1687	5	9	3	0	9	10	1
g	8260	566	1684	11	13	0	-1	12	10	1
g	8304	8	1715	6	7	2	5	12	10	1
g	8308	28	1715	6	7	2	5	12	10	1
g	8309	48	1715	6	7	2	5	12	10	1
g	8310	68	1715	6	7	2	5	12	10	1
g	8311	88	1715	6	7	2	5	12	10	1
g	8312	108	1715	6	7	2	5	12	10	1
g	8313	128	1715	6	7	2	5	12	10	1
g	8320	148	1721	6	7	2	-1	6	10	1
g	8321	168	1721	6	7	2	-1	6	10	1
g	8322	188	1721	6	7	2	-1	6	10	1
g	8323	208	1721	6	7	2	-1	6	10	1
g	8324	228	1721	6	7	2	-1	6	10	1
g	8325	248	1721	6	7	2	-1	6	10	1
g	8326	268	1721	6	7	2	-1	6	10	1
g	8327	288	1721	6	7	2	-1	6	10	1
g	8328	308	1721	6	7	2	-1	6	10	1
g	8329	328	1721	6	7	2	-1	6	10	1
g	8353	346	1713	10	17	0	-3	14	10	1
g	8356	366	1715	10	13	0	-1	12	10	1
g	8358	386	1715	10	13	0	-1	12	10	1
g	8360	406	1715	11	13	0	-1	12	10	1
g	8361	426	1715	10	13	0	-1	12	10	1
g	8362	446	1715	10	13	0	-1	12	10	1
g	8363	467	1714	9	14	1	-1	13	10	1
g	8364	486	1715	10	13	0	-1	12	10	1
g	8365	506	1715	11	13	0	-1	12	10	1
g	8366	526	1715	10	13	0	-1	12	10	1
g	8369	546	1715	10	13	0	-1	12	10	1
g	8370	566	1713	10	17	0	-3	14	10	1
g	8372	6	1746	10	13	0	-1	12	10	1
g	8373	26	1744	10	17	0	-3	14	10	1
g	8376	46	1746	10	13	0	-1	12	10	1
g	8377	66	1746	10	13	0	-1	12	10	1
g	8378	86	1746	10	13	0	-1	12	10	1
g	8381	106	1746	10	13	0	-1	12	10	1
g	8383	127	1744	9	17	1	-3	14	10	1
g	8467	146	1745	10	14	0	-1	13	10	1
g	8470	166	1746	11	13	0	-1	12	10	1
g	8482	186	1746	10	6	0	6	12	10	1
g	8486	206	1746	10	13	0	-1	12	10	1
g	8494	226	1746	10	13	0	-1	12	10	1
g	8528	246	1746	11	13	0	-1	12	10	1
g	8529	266	1746	11	13	0	-1	12	10	1
g	8531	286	1746	11	13	0	-1	12	10	1
g	8532	306	1746	11	13	0	-1	12	10	1
g	8533	326	1746	11	13	0	-1	12	10	1
g	8534	346	1746	11	13	0	-1	12	10	1
g	8535	366	1746	11	13	0	-1	12	10	1
g	8536	386	1746	11	13	0	-1	12	10	1
g	8537	406	1746	11	13	0	-1	12	10	1
g	8538	426	1746	11	13	0	-1	12	10	1
g	8539	446	1746	11	13	0	-1	12	10	1
g	8540	466	1746	11	13	0	-1	12	10	1
g	8541	486	1746	11	13	0	-1	12	10	1
g	8542	506	1746	11	13	0	-1	12	10	1
g	8592	526	1748	10	9	0	1	10	10	1
g	8593	547	1746	8	13	1	-1	12	10	1
g	8594	566	1748	10	9	0	1	10	10	1
g	8595	7	1777	8	13	1	-1	12	10	1
g	8596	26	1779	11	9	0	1	10	10	1
g	8597	47	1777	8	13	1	-1	12	10	1
g	8598	66	1778	10	10	0	1	11	10	1
g	8599	86	1778	10	10	0	1	11	10	1
g	8600	106	1778	10	10	0	1	11	10	1
g	8601	126	1778	10	10	0	1	11	10	1
g	8617	146	1778	11	11	0	0	11	10	1
g	8618	166	1778	11	11	0	0	11	10	1
g	8624	186	1777	10	13	0	-1	12	10	1
g	8625	207	1777	9	13	1	-1	12	10	1
g	8626	226	1777	10	13	0	-1	12	10	1
g	8627	247	1777	9	13	1	-1	12	10	1
g	8630	266	1778	10	11	0	0	11	10	1
g	8631	286	1778	11	11	0	0	11	10	1
g	8634	306	1777	10	13	0	-1	12	10	1
g	8635	326	1777	10	13	0	-1	12	10	1
g	8644	346	1776	10	15	0	-2	13	10	1
g	8646	366	1776	10	15	0	-2	13	10	1
g	8706	386	1777	10	13	0	-1	12	10	1
g	8710	406	1777	10	13	0	-1	12	10	1
g	8719	427	1777	9	13	1	-1	12	10	1
g	8721	447	1777	9	16	1	-4	12	10	1
g	8722	467	1783	9	3	1	3	6	10	1
g	8725	486	1777	11	13	0	-1	12	10	1
g	8730	506	1777	11	13	0	-1	12	10	1
g	8734	526	1781	11	7	0	1	8	10	1
g	8747	546	1776	10	17	0	-4	13	10	1
g	8776	566	1780	10	8	0	1	9	10	1
g	8800	7	1810	9	10	1	0	10	10	1
g	8804	27	1810	8	11	1	-1	10	10	1
g	8805	47	1810	8	11	1	-1	10	10	1
g	9472	65	1814	12	2	-1	4	6	10	1
g	9473	85	1814	12	3	-1	3	6	10	1
g	9474	110	1804	2	23	4	-7	16	10	1
g	9475	129	1804	4	23	3	-7	16	10	1
g	9476	146	1814	10	2	0	4	6	10	1
g	9477	166	1814	10	3	0	3	6	10	1
g	9478	190	1805	2	21	4	-6	15	10	1
g	9479	209	1805	4	21	3	-6	15	10	1
g	9480	226	1814	10	2	0	4	6	10	1
g	9481	246	1814	10	3	0	3	6	10	1
g	9482	270	1804	2	22	4	-6	16	10	1
g	9483	289	1804	4	22	3	-6	16	10	1
g	9484	310	1814	7	13	4	-7	6	10	1
g	9485	330	1814	7	13	4	-7	6	10	1
g	9486	349	1814	8	13	3	-7	6	10	1
g	9487	369	1814	8	13	3	-7	6	10	1
g	9488	385	1814	7	13	-1	-7	6	10	1
g	9489	405	1814	7	13	-1	-7	6	10	1
g	9490	425	1814	8	13	-1	-7	6	10	1
g	9491	445	1814	8	13	-1	-7	6	10	1
g	9492	470	1804	7	12	4	4	16	10	1
g	9493	490	1804	7	13	4	3	16	10	1
g	9494	509	1804	8	12	3	4	16	10	1
g	9495	529	1804	8	13	3	3	16	10	1
g	9496	545	1804	7	12	-1	4	16	10	1
g	9497	565	1804	7	13	-1	3	16	10	1
g	9498	5	1835	8	12	-1	4	16	10	1
g	9499	25	1835	8	13	-1	3	16	10	1
g	9500	50	1835	7	23	4	-7	16	10	1
g	9501	70	1835	7	23	4	-7	16	10	1
g	9502	89	1835	8	23	3	-7	16	10	1
g	9503	109	1835	8	23	3	-7	16	10	1
g	9504	129	1835	8	23	3	-7	16	10	1
g	9505	149	1835	8	23	3	-7	16	10	1
g	9506	169	1835	8	23	3	-7	16	10	1
g	9507	189	1835	8	23	3	-7	16	10	1
g	9508	205	1835	7	23	-1	-7	16	10	1
g	9509	225	1835	7	23	-1	-7	16	10	1
g	9510	245	1835	8	23	-1	-7	16	10	1
g	9511	265	1835	8	23	-1	-7	16	10	1
g	9512	285	1835	8	23	-1	-7	16	10	1
g	9513	305	1835	8	23	-1	-7	16	10	1
g	9514	325	1835	8	23	-1	-7	16	10	1
g	9515	345	1835	8	23	-1	-7	16	10	1
g	9516	365	1845	12	13	-1	-7	6	10	1
g	9517	385	1845	12	13	-1	-7	6	10	1
g	9518	405	1845	12	13	-1	-7	6	10	1
g	9519	425	1845	12	13	-1	-7	6	10	1
g	9520	445	1845	12	13	-1	-7	6	10	1
g	9521	465	1845	12	13	-1	-7	6	10	1
g	9522	485	1845	12	13	-1	-7	6	10	1
g	9523	505	1845	12	13	-1	-7	6	10	1
g	9524	525	1835	12	12	-1	4	16	10	1
g	9525	545	1835	12	13	-1	3	16	10	1
g	9526	565	1835	12	13	-1	3	16	10	1
g	9527	5	1866	12	13	-1	3	16	10	1
g	9528	25	1866	12	12	-1	4	16	10	1
g	9529	45	1866	12	13	-1	3	16	10	1
g	9530	65	1866	12	13	-1	3	16	10	1
g	9531	85	1866	12	13	-1	3	16	10	1
g	9532	105	1866	12	23	-1	-7	16	10	1
g	9533	125	1866	12	23	-1	-7	16	10	1
g	9534	145	1866	12	23	-1	-7	16	10	1
g	9535	165	1866	12	23	-1	-7	16	10	1
g	9536	185	1866	12	23	-1	-7	16	10	1
g	9537	205	1866	12	23	-1	-7	16	10	1
g	9538	225	1866	12	23	-1	-7	16	10	1
g	9539	245	1866	12	23	-1	-7	16	10	1
g	9540	265	1866	12	23	-1	-7	16	10	1
g	9541	285	1866	12	23	-1	-7	16	10	1
g	9542	305	1866	12	23	-1	-7	16	10	1
g	9543	325	1866	12	23	-1	-7	16	10	1
g	9544	345	1866	12	23	-1	-7	16	10	1
g	9545	365	1866	12	23	-1	-7	16	10	1
g	9546	385	1866	12	23	-1	-7	16	10	1
g	9547	405	1866	12	23	-1	-7	16	10	1
g	9548	427	1876	8	2	1	4	6	10	1
g	9549	447	1876	8	3	1	3	6	10	1
g	9550	470	1870	2	15	4	-3	12	10	1
g	9551	489	1870	4	15	3	-3	12	10	1
g	9552	505	1875	12	5	-1	2	7	10	1
g	9553	529	1866	4	23	3	-7	16	10	1
g	9554	550	1875	7	14	4	-7	7	10	1
g	9555	569	1876	8	13	3	-7	6	10	1
g	9556	9	1906	8	14	3	-7	7	10	1
g	9557	25	1906	7	14	-1	-7	7	10	1
g	9558	45	1907	8	13	-1	-7	6	10	1
g	9559	65	1906	8	14	-1	-7	7	10	1
g	9560	90	1897	7	14	4	2	16	10	1
g	9561	109	1897	8	12	3	4	16	10	1
g	9562	129	1897	8	14	3	2	16	10	1
g	9563	145	1897	7	14	-1	2	16	10	1
g	9564	165	1897	8	12	-1	4	16	10	1
g	9565	185	1897	8	14	-1	2	16	10	1
g	9566	210	1897	7	23	4	-7	16	10	1
g	9567	229	1897	8	23	3	-7	16	10	1
g	9568	249	1897	8	23	3	-7	16	10	1
g	9569	265	1897	7	23	-1	-7	16	10	1
g	9570	285	1897	8	23	-1	-7	16	10	1
g	9571	305	1897	8	23	-1	-7	16	10	1
g	9572	325	1906	12	14	-1	-7	7	10	1
g	9573	345	1907	12	13	-1	-7	6	10	1
g	9574	365	1906	12	14	-1	-7	7	10	1
g	9575	385	1897	12	14	-1	2	16	10	1
g	9576	405	1897	12	12	-1	4	16	10	1
g	9577	425	1897	12	14	-1	2	16	10	1
g	9578	445	1897	12	23	-1	-7	16	10	1
g	9579	465	1897	12	23	-1	-7	16	10	1
g	9580	485	1897	12	23	-1	-7	16	10	1
g	9581	510	1907	7	13	4	-7	6	10	1
g	9582	525	1907	7	13	-1	-7	6	10	1
g	9583	545	1897	7	12	-1	4	16	10	1
g	9584	570	1897	7	12	4	4	16	10	1
g	9585	6	1929	11	20	0	-5	15	10	1
g	9586	26	1929	11	20	0	-5	15	10	1
g	9587	46	1929	11	20	0	-5	15	10	1
g	9588	65	1938	7	2	-1	4	6	10	1
g	9589	90	1928	2	12	4	4	16	10	1
g	9590	110	1938	7	2	4	4	6	10	1
g	9591	130	1938	2	13	4	-7	6	10	1
g	9592	145	1938	7	3	-1	3	6	10	1
g	9593	169	1928	4	12	3	4	16	10	1
g	9594	190	1938	7	3	4	3	6	10	1
g	9595	209	1938	4	13	3	-7	6	10	1
g	9596	225	1938	12	3	-1	3	6	10	1
g	9597	249	1928	4	23	3	-7	16	10	1
g	9598	265	1938	12	3	-1	3	6	10	1
g	9599	289	1928	4	23	3	-7	16	10	1
g	9600	306	1928	11	12	0	4	16	10	1
g	9601	326	1947	11	4	0	-7	-3	10	1
g	9602	346	1944	11	7	0	-7	0	10	1
g	9603	366	1942	11	9	0	-7	2	10	1
g	9604	386	1939	11	12	0	-7	5	10	1
g	9605	406	1936	11	15	0	-7	8	10	1
g	9606	426	1933	11	18	0	-7	11	10	1
g	9607	446	1931	11	20	0	-7	13	10	1
g	9608	466	1928	11	23	0	-7	16	10	1
g	9609	486	1928	9	23	0	-7	16	10	1
g	9610	506	1928	8	23	0	-7	16	10	1
g	9611	526	1928	7	23	0	-7	16	10	1
g	9612	546	1928	6	23	0	-7	16	10	1
g	9613	566	1928	4	23	0	-7	16	10	1
g	9614	6	1959	3	23	0	-7	16	10	1
g	9615	26	1959	2	23	0	-7	16	10	1
g	9616	51	1959	6	23	5	-7	16	10	1
g	9617	65	1958	11	23	-1	-6	17	10	1
g	9618	85	1958	11	23	-1	-6	17	10	1
g	9619	105	1957	11	24	-1	-6	18	10	1
g	9620	126	1959	11	4	0	12	16	10	1
g	9621	154	1959	3	23	8	-7	16	10	1
g	9622	166	1970	6	12	0	-7	5	10	1
g	9623	191	1970	6	12	5	-7	5	10	1
g	9624	206	1959	6	12	0	4	16	10	1
g	9625	226	1959	11	23	0	-7	16	10	1
g	9626	246	1959	11	23	0	-7	16	10	1
g	9627	266	1959	11	23	0	-7	16	10	1
g	9628	286	1959	11	23	0	-7	16	10	1
g	9629	311	1959	6	12	5	4	16	10	1
g	9630	326	1959	11	23	0	-7	16	10	1
g	9631	346	1959	11	23	0	-7	16	10	1
g	9674	366	1963	10	13	0	-1	12	10	1
g	10003	386	1963	11	13	0	-1	12	10	1
g	10060	406	1963	10	13	0	-1	12	10	1
g	11022	426	1965	10	10	0	0	10	10	1
g	11023	446	1964	10	10	0	1	11	10	1
g	11024	466	1965	10	10	0	0	10	10	1
g	11025	486	1964	10	10	0	1	11	10	1
g	63191	502	1959	8	7	-4	9	16	0	1
g	63192	522	1959	8	7	-4	9	16	0	1
g	64257	546	1962	10	14	0	-1	13	10	1
g	64258	566	1962	9	14	0	-1	13	10	1
