atlas	2048	1024	64	65.92	15.168	81.088
g	124928	2	2	35	47	1.92	0.014	46.094	38.219
g	124929	84	2	35	57	1.92	0.014	56.142	38.219
g	124930	166	2	35	57	3.584	0.014	56.142	43
g	124931	248	2	36	47	1.92	0.014	46.094	38.219
g	124932	330	2	49	24	3.84	11.534	35.342	55.75
g	124933	412	2	61	22	3.2	12.75	34.382	66.688
g	124934	494	2	31	57	3.2	-0.242	56.142	36.75
g	124935	576	2	18	47	4.096	-0.754	45.71	25.469
g	124936	658	2	41	48	3.2	-0.754	46.542	47.5
g	124937	740	2	41	48	3.2	-0.754	46.542	47.5
g	124938	822	2	41	48	3.2	-0.754	46.542	47.5
g	124939	904	2	47	40	5.76	2.574	41.614	54.969
g	124940	986	2	58	36	3.2	2.51	38.03	63.75
g	124941	1068	2	45	46	3.2	0.014	45.71	50.813
g	124942	1150	2	43	48	3.2	-0.754	46.542	47.5
g	124943	1232	2	57	40	3.2	2.51	41.998	62.469
g	124944	2	72	60	48	3.2	-0.754	46.542	64.25
g	124945	84	72	78	32	3.84	7.63	39.246	84.156
g	124946	166	72	51	48	3.2	-0.754	46.542	55.75
g	124947	248	72	27	46	3.2	0.014	45.71	35.063
g	124948	330	72	34	48	3.84	0.014	47.182	40.063
g	124949	412	72	34	48	3.84	0.014	47.182	40.063
g	124950	494	72	34	48	3.84	0.014	47.182	40.063
g	124951	576	72	34	48	3.84	0.014	47.182	40.063
g	124952	658	72	53	37	3.2	5.454	41.614	59.406
g	124953	740	72	42	46	3.2	0.014	45.71	47.563
g	124954	822	72	22	47	5.76	-1.266	45.71	30.469
g	124955	904	72	22	46	3.2	0.014	45.71	30.406
g	124956	986	72	22	51	3.2	0.014	50.702	30.406
g	124957	1068	72	22	54	3.2	0.014	53.262	30.406
g	124958	1150	72	31	48	3.2	-1.906	45.71	36.688
g	124959	1232	72	50	47	1.28	0.014	46.094	52.094
g	124960	2	142	43	46	1.92	0.014	45.71	46.719
g	124961	84	142	37	40	5.76	2.574	41.614	47.875
g	124962	166	142	5	46	6.4	0.014	45.71	17.531
g	124963	248	142	18	46	6.4	0.014	45.71	25.469
g	124964	330	142	18	46	6.4	0.014	45.71	25.469
g	124965	412	142	61	18	2.56	7.63	25.614	65.156
g	124966	494	142	14	59	1.984	0.014	58.894	17.531
g	124967	576	142	37	37	3.84	5.454	41.614	44.031
g	124968	658	142	58	42	2.56	2.574	44.494	62.719
g	124969	740	142	14	60	2.432	-13.746	45.71	17.531
g	124970	822	142	21	46	3.2	0.014	45.71	26.75
g	124971	904	142	7	53	5.376	-7.026	45.71	17.531
g	124972	986	142	32	51	3.392	0.014	50.382	37.938
g	124973	1068	142	51	47	0.64	0.014	46.094	52.094
g	124974	1150	142	30	46	6.4	0.014	45.71	41.844
g	124975	1232	142	30	46	6.4	0.014	45.71	41.844
g	124976	2	212	30	46	6.4	0.014	45.71	41.844
g	124977	84	212	56	28	5.76	8.334	35.534	63.688
g	124978	166	212	59	35	2.56	6.094	40.974	63.219
g	124979	248	212	32	46	3.2	-0.626	45.262	40.719
g	124980	330	212	60	27	3.2	12.75	39.31	65.656
g	124981	412	212	34	48	3.84	-0.754	46.478	38.281
g	124982	494	212	51	29	3.2	10.382	38.862	56.188
g	124983	576	212	51	29	3.2	10.382	38.862	56.188
g	124984	658	212	51	29	3.2	10.382	38.862	56.188
g	124985	740	212	33	46	1.728	0.014	45.71	38.531
g	124986	822	212	60	47	2.56	-0.754	45.71	64.375
g	124987	904	212	23	48	2.56	-1.266	46.542	28.031
g	124988	986	212	16	50	5.12	-3.25	46.734	26.063
g	124989	1068	212	69	48	2.56	-0.754	46.414	73.531
g	124990	1150	212	60	19	3.2	12.75	31.182	65.656
g	124991	1232	212	60	27	3.2	12.75	39.31	65.656
g	124992	2	282	60	27	3.2	12.75	39.31	65.656
g	124993	84	282	61	21	2.56	21.262	41.998	65.156
g	124994	166	282	18	47	1.92	-1.266	45.71	21.625
g	124995	248	282	57	26	2.56	7.502	32.974	61.625
g	124996	330	282	22	48	5.76	0.014	47.054	29.813
g	124997	412	282	22	48	5.76	0.014	47.054	29.813
g	124998	494	282	22	48	5.76	0.014	47.054	29.813
g	124999	576	282	29	48	1.92	-0.818	46.542	33.344
g	125000	658	282	31	48	3.2	0.014	47.054	36.219
g	125001	740	282	34	47	1.92	0.014	46.542	37.625
g	125002	822	282	68	23	3.2	12.302	34.574	73.781
g	125003	904	282	33	46	3.2	0.014	45.71	38.906
g	125004	986	282	33	57	3.2	0.014	56.142	38.906
g	125005	1068	282	33	57	3.2	0.014	56.142	38.906
g	125006	1150	282	46	46	3.2	0.014	45.71	50.375
g	125007	1232	282	53	38	2.56	-0.818	36.238	58.125
g	125008	2	352	60	42	3.2	-1.458	40.526	65.656
g	125009	84	352	43	37	2.56	7.182	43.534	47.219
g	125010	166	352	52	41	2.56	2.574	42.894	55.875
g	125011	248	352	34	46	3.2	0.014	45.71	40.25
g	125012	330	352	34	46	3.2	0.014	45.71	40.25
g	125013	412	352	34	46	3.2	0.014	45.71	40.25
g	125014	494	352	60	41	3.2	1.87	41.934	65.656
g	125015	576	352	52	48	1.92	-0.946	46.67	54.844
g	125016	658	352	46	29	2.56	8.334	36.622	49.031
g	125017	740	352	43	44	2.56	0.014	43.278	47.219
g	125018	822	352	37	37	3.84	5.454	41.614	44.031
g	125019	904	352	37	48	3.84	5.454	52.942	44.031
g	125020	986	352	37	48	3.84	5.454	52.942	44.031
g	125021	1068	352	37	55	3.84	-12.85	41.614	44.031
g	125022	1150	352	46	46	1.92	0.014	45.71	48.375
g	125023	1232	352	41	46	2.56	0.014	45.71	45.625
g	125024	2	422	68	48	2.56	-0.754	46.414	73.094
g	125025	84	422	65	28	3.84	8.078	35.534	70.656
g	125026	166	422	20	48	4.48	-0.754	46.542	28.031
g	125027	248	422	45	33	3.2	0.014	32.654	49.906
g	125028	330	422	45	37	3.2	0.014	36.942	49.906
g	125029	412	422	45	37	3.2	0.014	36.942	49.906
g	125030	494	422	45	33	3.2	0.014	32.654	49.906
g	125031	576	422	19	49	2.56	-0.306	48.462	23.563
g	125032	658	422	44	46	3.2	0.014	45.71	49.531
g	125033	740	422	50	36	1.92	7.566	42.702	53.813
g	125034	822	422	30	46	1.92	0.014	45.71	33.594
g	125035	904	422	50	24	1.92	7.566	30.99	53.813
g	125036	986	422	26	40	5.76	2.574	41.614	40.563
g	125037	1068	422	50	36	1.92	7.566	42.702	53.813
g	125038	1150	422	25	46	2.56	0.014	45.71	29.813
g	125039	1232	422	51	35	3.2	4.878	39.054	56.844
g	125040	2	492	54	35	3.2	7.566	41.614	59.844
g	125041	84	492	24	48	3.84	-0.754	46.542	31.563
g	125042	166	492	31	47	3.84	0.014	46.862	37.938
g	125043	248	492	33	46	1.28	0.014	45.71	35.531
g	125044	330	492	38	49	1.28	-0.754	47.822	40.313
g	125045	412	492	32	46	1.28	0.014	45.71	33.844
g	125046	494	492	42	42	2.432	3.214	44.878	46.719
g	125047	576	492	41	47	1.92	0.014	46.094	43.844
g	125048	658	492	51	29	3.2	10.382	38.862	56.188
g	125049	740	492	29	46	3.84	0.014	45.71	33.781
g	125050	822	492	41	47	1.92	0.014	46.094	44.031
g	125051	904	492	43	46	2.56	0.014	45.71	48.563
g	125052	986	492	61	29	3.2	9.422	37.774	66.688
g	125053	1068	492	31	47	3.2	-0.242	46.542	36.75
g	125054	1150	492	35	47	1.92	0.014	46.094	38.219
g	125055	1232	492	72	30	2.56	7.502	37.326	77
g	125056	2	562	72	32	3.2	6.094	37.326	77
g	125057	84	562	39	48	3.968	-0.754	46.542	46.719
g	125058	166	562	31	47	6.4	-0.754	45.71	40.25
g	125059	248	562	41	47	1.92	0.014	46.094	43.844
g	125060	330	562	46	34	3.2	7.182	40.846	51.906
g	125061	412	562	54	47	3.2	1.998	48.014	60.344
g	125062	494	562	40	48	1.92	-0.946	46.094	42.938
g	125063	576	562	66	36	3.2	4.878	40.654	72.063
g	125064	658	562	47	46	3.2	0.014	45.774	52.75
g	125065	740	562	31	47	6.4	-0.946	45.71	40.25
g	125066	822	562	42	42	2.432	3.214	44.878	46.719
g	125067	904	562	42	42	2.432	3.214	44.878	46.719
g	125068	986	562	41	48	1.92	-1.266	46.542	44.75
g	125069	1068	562	44	54	1.28	-7.666	45.71	46.281
g	125070	1150	562	35	51	3.2	-0.37	49.742	39.281
g	125071	1232	562	46	57	-0.832	-10.546	45.71	46.281
g	125072	2	632	35	46	3.2	0.014	45.71	38.656
g	125073	84	632	45	48	0.32	-0.754	46.542	46.906
g	125074	166	632	51	42	3.84	1.998	43.534	57.719
g	125075	248	632	39	46	3.2	0.014	45.71	44.531
g	125076	330	632	35	48	1.28	-0.754	46.542	37.438
g	125077	412	632	33	46	1.28	0.014	45.71	35.469
g	125078	494	632	36	48	3.2	-0.754	46.542	41.594
g	125079	576	632	48	47	1.28	-0.754	45.71	50.063
g	125080	658	632	35	48	1.28	-0.754	46.542	37.438
g	125081	740	632	34	48	0.64	-0.754	46.478	38.281
g	125082	822	632	46	34	5.76	6.414	39.95	52.813
g	125083	904	632	40	48	1.28	-0.754	46.542	42.5
g	125084	986	632	49	29	2.56	6.414	34.446	52.219
g	125085	1068	632	68	18	3.2	13.134	31.054	74.313
g	125086	1150	632	25	47	3.84	-0.754	45.71	31.875
g	125087	1232	632	67	22	3.2	11.982	33.23	72.844
g	125088	2	702	57	26	1.28	5.966	31.822	59.063
g	125089	84	702	37	37	3.84	5.454	41.614	44.031
g	125090	166	702	67	22	3.2	11.982	33.23	72.844
g	125091	248	702	27	47	2.56	-0.626	45.71	31.375
g	125092	330	702	49	47	3.2	0.014	46.542	54.594
g	125093	412	702	46	48	3.2	-0.754	46.414	50.188
g	125094	494	702	33	47	1.92	0.014	46.542	36.219
g	125095	576	702	39	46	3.2	0.014	45.71	44.531
g	125096	658	702	37	37	3.84	5.454	41.614	44.031
g	125097	740	702	33	47	1.92	0.014	46.542	36.219
g	125098	822	702	48	37	3.2	3.79	39.95	52.875
g	125099	904	702	37	37	3.84	5.454	41.614	44.031
g	125100	986	702	46	32	3.2	13.39	45.07	50.188
g	125101	1068	702	28	47	0	-0.69	45.71	28.875
g	125102	1150	702	58	30	1.28	7.694	37.518	60.219
g	125103	1232	702	57	44	3.2	2.574	45.71	63.156
g	125104	2	772	60	47	3.2	-1.842	44.558	65.656
g	125105	84	772	60	30	3.2	1.934	31.182	65.656
g	125106	166	772	32	48	1.28	-1.202	46.35	33.781
g	125107	248	772	26	47	3.2	0.014	46.542	31.875
g	125108	330	772	39	47	1.92	-0.754	45.71	42.5
g	125109	412	772	58	30	1.92	8.334	38.222	60.875
g	125110	494	772	33	66	3.2	0.014	65.102	38.906
g	125111	576	772	60	30	3.2	12.75	42.574	65.656
g	125112	658	772	52	29	2.56	8.334	36.622	55.438
g	125113	740	772	37	37	3.84	5.454	41.614	44.031
g	125114	822	772	41	47	3.84	5.454	51.662	44.031
g	125115	904	772	48	48	3.84	-0.754	46.286	52.281
g	125116	986	772	37	50	3.84	-7.666	41.614	44.031
g	125117	1068	772	61	29	1.28	10.51	39.31	63.281
g	125118	1150	772	42	46	1.28	0.014	45.71	44.469
g	125119	1232	772	33	47	3.2	-0.754	45.71	39.219
g	125120	2	842	50	47	1.28	0.014	46.094	52.094
g	125121	84	842	44	46	3.2	0.014	45.71	47.5
g	125122	166	842	60	22	1.92	12.174	33.294	62.656
g	125123	248	842	39	41	3.84	2.446	43.342	43.719
g	125124	330	842	46	46	1.28	0.014	45.71	48.25
