atlas	1024	1024	64	76.352	18.496	94.848
g	32	2	2	0	0	0	76.352	76.352	17.92
g	33	65	2	11	52	2.944	0.008	51.72	16.448
g	34	128	2	21	20	1.6	32.584	51.848	23.04
g	35	191	2	29	52	3.008	0.008	51.848	34.176
g	36	254	2	29	66	1.408	-7.032	58.504	31.04
g	37	317	2	59	52	2.88	-0.056	51.912	64.384
g	38	380	2	32	54	2.496	-0.952	52.616	36.48
g	39	443	2	9	20	1.6	32.584	51.848	10.88
g	40	506	2	16	64	3.968	-11.426	52.424	21.632
g	41	569	2	16	64	2.24	-11.426	52.424	20.992
g	42	632	2	24	24	2.56	28.808	51.848	27.072
g	43	695	2	26	27	1.664	13.256	39.56	28.736
g	44	758	2	10	19	2.752	-8.952	9.864	15.232
g	45	821	2	17	7	2.048	15.496	22.216	20.736
g	46	884	2	10	10	2.944	0.008	9.864	15.616
g	47	947	2	22	52	2.752	0.008	51.848	27.008
g	48	2	77	29	54	3.456	-0.952	52.616	35.2
g	49	65	77	18	52	1.408	0.008	51.848	24.64
g	50	128	77	29	53	2.496	0.008	52.552	32.896
g	51	191	77	29	54	2.432	-0.952	52.616	32.896
g	52	254	77	31	52	1.6	0.008	51.848	33.536
g	53	317	77	28	53	2.752	-0.952	51.848	32.576
g	54	380	77	29	54	3.328	-0.76	52.552	34.432
g	55	443	77	25	52	1.28	0.008	51.848	28.096
g	56	506	77	29	54	2.432	-0.824	52.552	33.344
g	57	569	77	29	54	2.496	-0.76	52.552	34.432
g	58	632	77	10	33	4.288	3.592	36.104	17.792
g	59	695	77	10	45	4.288	-7.48	36.808	18.24
g	60	758	77	20	29	3.456	12.488	40.648	25.472
g	61	821	77	21	19	4.032	17.416	35.656	28.288
g	62	884	77	20	29	3.456	12.488	40.648	25.472
g	63	947	77	27	53	1.984	0.008	52.552	30.912
g	64	2	152	56	60	3.136	-8.056	51.848	60.8
g	65	65	152	33	52	1.344	0.008	51.848	35.264
g	66	128	152	32	52	3.84	0.008	51.848	37.632
g	67	191	152	31	54	3.136	-0.76	52.552	36.032
g	68	254	152	31	52	3.84	0.008	51.848	37.504
g	69	317	152	24	52	3.84	0.008	51.848	28.608
g	70	380	152	23	52	3.84	0.008	51.848	27.776
g	71	443	152	31	54	3.136	-0.76	52.552	37.248
g	72	506	152	31	52	4.032	0.008	51.848	39.04
g	73	569	152	12	52	3.904	0.008	51.848	19.264
g	74	632	152	18	54	0.832	-1.336	51.848	22.336
g	75	695	152	32	52	3.84	0.008	51.848	36.288
g	76	758	152	24	52	3.84	0.008	51.848	28.352
g	77	821	152	38	52	3.648	0.008	51.848	45.056
g	78	884	152	29	52	3.84	0.008	51.848	35.904
g	79	947	152	32	54	3.136	-0.76	52.552	37.504
g	80	2	227	32	52	3.84	0.008	51.848	36.544
g	81	65	227	32	63	3.136	-10.168	52.552	37.504
g	82	128	227	33	52	3.84	0.008	51.848	38.4
g	83	191	227	29	54	2.688	-0.76	52.552	32.896
g	84	254	227	28	52	0.704	0.008	51.848	28.48
g	85	317	227	31	53	3.456	-0.76	51.848	37.632
g	86	380	227	31	52	1.408	0.008	51.848	33.664
g	87	443	227	42	52	1.728	0.008	51.848	44.608
g	88	506	227	33	52	0.448	0.008	51.848	32.96
g	89	569	227	31	52	0.512	0.008	51.848	31.552
g	90	632	227	25	52	1.856	0.008	51.848	27.712
g	91	695	227	17	64	3.264	-11.832	51.848	21.248
g	92	758	227	22	52	2.752	0.008	51.848	27.008
g	93	821	227	17	64	1.344	-11.832	51.848	20.736
g	94	884	227	27	22	1.92	30.408	51.848	30.464
g	95	947	227	24	7	0	-10.68	-3.704	23.552
g	96	2	302	15	13	2.624	38.92	51.848	19.648
g	97	65	302	26	39	1.28	-0.632	37.64	29.44
g	98	128	302	27	53	3.264	-0.632	51.848	32.384
g	99	191	302	26	39	2.496	-0.632	37.64	29.952
g	100	254	302	27	53	2.688	-0.632	51.848	32.192
g	101	317	302	26	39	2.496	-0.632	37.64	30.08
g	102	380	302	19	51	1.088	0.008	50.568	20.48
g	103	443	302	32	53	1.6	-12.792	39.24	32.128
g	104	506	302	27	52	3.328	0.008	51.848	32.576
g	105	569	302	11	51	3.264	0.008	50.504	16.96
g	106	632	302	16	63	-1.088	-11.512	50.504	17.216
g	107	695	302	30	52	3.264	0.008	51.848	32.64
g	108	758	302	11	52	3.712	0.008	51.848	17.536
g	109	821	302	42	38	3.264	0.008	37.704	48.192
g	110	884	302	27	38	3.264	0.008	37.64	32.448
g	111	947	302	26	39	2.496	-0.632	37.64	30.912
g	112	2	377	27	50	3.264	-12.152	37.64	32.32
g	113	65	377	27	50	2.688	-12.152	37.64	32.256
g	114	128	377	20	38	3.392	0.008	37.448	24.512
g	115	191	377	25	39	1.28	-0.632	37.64	27.136
g	116	254	377	21	49	0.896	-0.376	48.264	22.464
g	117	317	377	27	38	2.88	-0.632	37	32.256
g	118	380	377	26	37	0.64	0.008	37	26.944
g	119	443	377	36	37	1.344	0.008	37	38.208
g	120	506	377	28	37	0.704	0.008	37	28.288
g	121	569	377	28	48	0.192	-10.744	37	28.672
g	122	632	377	22	37	2.24	0.008	37	25.088
g	123	695	377	19	66	3.072	-12.344	53	23.936
g	124	758	377	9	64	4.096	-11.512	51.848	16.768
g	125	821	377	19	66	2.368	-12.344	53	24.256
g	126	884	377	27	11	2.56	21.32	32.264	30.784
g	192	947	377	33	69	1.344	0.008	68.808	35.264
g	193	2	452	33	69	1.344	0.008	68.808	35.264
g	194	65	452	33	69	1.344	0.008	68.68	35.264
g	195	128	452	33	68	1.344	0.008	67.08	35.264
g	196	191	452	33	67	1.344	0.008	66.696	35.264
g	197	254	452	33	69	1.344	0.008	68.68	35.264
g	198	317	452	45	52	-0.832	0.008	51.848	45.312
g	199	380	452	31	71	3.136	-17.72	52.552	36.032
g	200	443	452	24	69	3.84	0.008	68.808	28.608
g	201	506	452	24	69	3.84	0.008	68.808	28.608
g	202	569	452	24	69	3.84	0.008	68.68	28.608
g	203	632	452	24	67	3.84	0.008	66.696	28.608
g	204	695	452	17	69	-1.6	0.008	68.808	19.264
g	205	758	452	17	69	3.904	0.008	68.808	19.264
g	206	821	452	21	69	-0.832	0.008	68.68	19.264
g	207	884	452	23	67	-1.536	0.008	66.696	19.264
g	208	947	452	34	52	0.448	0.008	51.848	36.032
g	209	2	527	29	68	3.84	0.008	67.08	35.904
g	210	65	527	32	70	3.136	-0.76	68.808	37.504
g	211	128	527	32	70	3.136	-0.76	68.808	37.504
g	212	191	527	32	70	3.136	-0.76	68.68	37.504
g	213	254	527	32	68	3.136	-0.76	67.08	37.504
g	214	317	527	32	68	3.136	-0.76	66.696	37.504
g	215	380	527	25	25	3.456	14.536	38.792	31.104
g	216	443	527	32	63	3.136	-5.752	56.584	36.608
g	217	506	527	31	70	3.456	-0.76	68.808	37.632
g	218	569	527	31	70	3.456	-0.76	68.808	37.632
g	219	632	527	31	70	3.456	-0.76	68.68	37.632
g	220	695	527	31	68	3.456	-0.76	66.696	37.632
g	221	758	527	31	69	0.512	0.008	68.808	31.552
g	222	821	527	32	52	3.264	0.008	51.848	35.968
g	223	884	527	31	54	2.944	-0.952	52.616	34.688
g	224	947	527	26	55	1.28	-0.632	53.96	29.44
g	225	2	602	26	55	1.28	-0.632	53.96	29.44
g	226	65	602	26	55	1.28	-0.632	53.832	29.44
g	227	128	602	26	53	1.28	-0.632	52.232	29.44
g	228	191	602	26	53	1.28	-0.632	51.848	29.44
g	229	254	602	26	55	1.28	-0.632	53.832	29.44
g	230	317	602	39	39	2.304	-0.76	37.64	43.392
g	231	380	602	26	56	2.496	-17.72	37.64	29.952
g	232	443	602	26	55	2.496	-0.632	53.96	30.08
g	233	506	602	26	55	2.496	-0.632	53.96	30.08
g	234	569	602	26	55	2.496	-0.632	53.832	30.08
g	235	632	602	26	53	2.496	-0.632	51.848	30.08
g	236	695	602	17	54	-2.176	0.008	53.96	17.92
g	237	758	602	17	54	3.776	0.008	53.96	17.92
g	238	821	602	21	54	-1.408	0.008	53.832	17.92
g	239	884	602	23	52	-2.112	0.008	51.848	17.92
g	240	947	602	28	55	3.456	-0.888	54.024	33.28
g	241	2	677	27	53	3.264	0.008	52.232	32.448
g	242	65	677	26	55	2.496	-0.632	53.96	30.912
g	243	128	677	26	55	2.496	-0.632	53.96	30.912
g	244	191	677	26	55	2.496	-0.632	53.832	30.912
g	245	254	677	26	53	2.496	-0.632	52.232	30.912
g	246	317	677	26	53	2.496	-0.632	51.848	30.912
g	247	380	677	25	31	2.24	11.208	41.864	29.184
g	248	443	677	26	49	2.496	-5.688	43.08	30.528
g	249	506	677	27	55	2.88	-0.632	53.96	32.256
g	250	569	677	27	55	2.88	-0.632	53.96	32.256
g	251	632	677	27	55	2.88	-0.632	53.832	32.256
g	252	695	677	27	53	2.88	-0.632	51.848	32.256
g	253	758	677	28	65	0.192	-10.744	53.96	28.672
g	254	821	677	27	64	2.944	-12.152	51.848	31.616
g	255	884	677	28	63	0.192	-10.744	51.848	28.672
