atlas	1024	1024	18	21.474	5.202	26.676
g	13	2	2	0	0	0	21.474	21.474	5.04
g	32	28	2	0	0	0	21.474	21.474	5.04
g	33	54	2	2	15	0.9	0.002	14.582	3.744
g	34	80	2	5	5	0.36	10.118	14.582	4.788
g	35	106	2	8	15	0.576	0.002	14.582	8.748
g	36	132	2	8	18	0.702	-1.384	15.914	8.838
g	37	158	2	15	15	0.648	-0.088	14.69	16.038
g	38	184	2	9	15	1.044	-0.16	14.708	10.908
g	39	210	2	2	5	0.36	10.118	14.582	2.286
g	40	236	2	4	19	1.314	-3.49	14.708	5.364
g	41	262	2	4	19	0.522	-3.49	14.708	4.68
g	42	288	2	7	7	0.81	8.444	14.564	7.164
g	43	314	2	7	8	0.45	3.818	11.144	7.47
g	44	340	2	2	5	0.72	-2.356	2.072	3.366
g	45	366	2	5	2	0.72	4.502	5.96	5.454
g	46	392	2	2	3	0.882	0.002	2.144	3.384
g	47	418	2	6	15	0.522	0.002	14.582	6.642
g	48	444	2	8	15	1.044	-0.16	14.708	9.306
g	49	470	2	5	15	0.54	0.002	14.582	6.804
g	50	496	2	8	15	0.738	0.002	14.708	8.604
g	51	522	2	8	15	0.72	-0.16	14.708	8.586
g	52	548	2	8	15	0.72	0.002	14.582	8.694
g	53	574	2	8	15	0.846	-0.142	14.582	8.568
g	54	600	2	8	15	1.044	-0.16	14.708	9.054
g	55	2	30	6	15	0.396	0.002	14.582	6.948
g	56	28	30	8	15	0.9	-0.16	14.708	8.982
g	57	54	30	8	15	0.792	-0.16	14.708	9.036
g	58	80	30	2	8	1.08	1.73	9.524	3.546
g	59	106	30	3	11	1.044	-0.826	10.172	3.87
g	60	132	30	6	8	0.504	3.782	11.216	6.714
g	61	158	30	6	5	0.972	5.15	9.812	7.47
g	62	184	30	6	8	1.044	3.782	11.216	6.714
g	63	210	30	8	15	0.9	0.002	14.708	8.694
g	64	236	30	15	17	1.062	-2.41	14.582	16.272
g	65	262	30	9	15	0.342	0.002	14.582	8.856
g	66	288	30	8	15	1.134	0.002	14.582	9.432
g	67	314	30	8	15	0.864	-0.16	14.708	9.27
g	68	340	30	8	15	1.134	0.002	14.582	9.486
g	69	366	30	6	15	1.134	0.002	14.582	7.326
g	70	392	30	6	15	1.134	0.002	14.582	7.038
g	71	418	30	8	15	0.864	-0.178	14.708	9.63
g	72	444	30	8	15	1.134	0.002	14.582	10.098
g	73	470	30	2	15	1.242	0.002	14.582	4.464
g	74	496	30	5	15	0.126	-0.34	14.582	5.418
g	75	522	30	8	15	1.134	0.002	14.582	8.91
g	76	548	30	6	15	1.134	0.002	14.582	7.146
g	77	574	30	10	15	1.098	0.002	14.582	11.88
g	78	600	30	8	15	1.134	0.002	14.582	9.504
g	79	2	58	8	15	0.864	-0.16	14.708	9.702
g	80	28	58	8	15	1.134	0.002	14.582	8.64
g	81	54	58	8	18	0.864	-2.95	14.708	9.738
g	82	80	58	8	15	1.134	0.002	14.582	9.342
g	83	106	58	8	15	0.702	-0.16	14.708	8.514
g	84	132	58	7	15	0.27	0.002	14.582	7.434
g	85	158	58	8	15	1.008	-0.16	14.582	9.774
g	86	184	58	9	15	0.414	0.002	14.582	9.09
g	87	210	58	12	15	0.648	0.002	14.582	13.122
g	88	236	58	9	15	0.234	0.002	14.582	8.676
g	89	262	58	9	15	0.216	0.002	14.582	8.658
g	90	288	58	7	15	0.684	0.002	14.582	7.506
g	91	314	58	4	18	1.134	-3.31	14.582	6.12
g	92	340	58	6	15	0.522	0.002	14.582	6.642
g	93	366	58	4	18	0.468	-3.31	14.582	5.58
g	94	392	58	7	6	0.612	8.768	14.582	7.974
g	95	418	58	7	2	0	-2.41	-0.952	6.192
g	96	444	58	3	4	1.026	11.018	14.582	5.004
g	97	470	58	7	11	0.45	-0.142	10.55	7.362
g	98	496	58	7	15	1.008	-0.142	14.582	8.046
g	99	522	58	6	11	0.774	-0.142	10.55	7.398
g	100	548	58	7	15	0.774	-0.142	14.582	7.956
g	101	574	58	7	11	0.774	-0.142	10.55	7.578
g	102	600	58	5	15	0.342	0.002	14.06	5.166
g	103	2	86	8	14	0.36	-3.256	10.64	7.938
g	104	28	86	7	15	1.026	0.002	14.582	8.01
g	105	54	86	2	14	1.098	0.002	13.97	4.122
g	106	80	86	4	17	-0.342	-2.626	13.97	4.14
g	107	106	86	7	15	1.008	0.002	14.6	7.722
g	108	132	86	2	15	1.152	0.002	14.582	4.122
g	109	158	86	11	11	0.972	0.002	10.586	12.24
g	110	184	86	7	11	0.972	0.002	10.55	7.902
g	111	210	86	7	11	0.792	-0.142	10.55	7.65
g	112	236	86	7	14	0.972	-3.418	10.55	8.028
g	113	262	86	7	14	0.792	-3.418	10.55	7.974
g	114	288	86	5	11	1.026	0.002	10.532	5.778
g	115	314	86	6	11	0.45	-0.142	10.55	6.732
g	116	340	86	5	14	0.396	-0.142	13.448	5.544
g	117	366	86	7	11	0.9	-0.142	10.406	7.92
g	118	392	86	7	11	0.27	0.002	10.406	6.93
g	119	418	86	10	11	0.504	0.002	10.406	10.584
g	120	444	86	7	11	0.162	0.002	10.406	7.002
g	121	470	86	7	14	0.216	-2.608	10.406	7.056
g	122	496	86	6	11	0.576	0.002	10.406	6.246
g	123	522	86	5	19	0.72	-3.436	14.708	5.4
g	124	548	86	2	18	1.242	-2.662	14.582	4.302
g	125	574	86	5	19	0.792	-3.436	14.708	5.778
g	126	600	86	7	3	0.63	6.176	8.75	8.046
g	160	2	114	0	0	0	21.474	21.474	4.122
g	161	28	114	2	15	0.9	-3.202	11.378	3.744
g	162	54	114	6	14	0.774	-1.42	11.81	6.984
g	163	80	114	7	15	0.036	0.002	14.708	7.164
g	164	106	114	9	9	0.684	3.35	11.882	9.9
g	165	132	114	9	15	0.18	0.002	14.582	8.226
g	166	158	114	2	18	1.134	-2.752	14.582	3.816
g	167	184	114	7	15	0.756	-0.142	14.708	7.686
g	168	210	114	6	2	1.08	12.584	14.582	7.2
g	169	236	114	15	16	0.522	-0.196	15.014	15.516
g	170	262	114	6	10	0.72	5.78	14.798	6.714
g	171	288	114	7	10	0.558	0.74	9.884	8.19
g	172	314	114	6	4	0.72	5.6	9.074	6.966
g	174	340	114	15	16	0.828	-0.232	14.816	15.984
g	175	366	114	4	2	0.828	13.412	14.582	5.112
g	176	392	114	7	7	1.044	8.66	14.708	8.154
g	177	418	114	7	9	0.45	3.332	11.414	7.47
g	178	444	114	6	9	1.368	7.796	16.166	7.596
g	179	470	114	6	9	1.404	7.616	16.166	7.668
g	180	496	114	3	4	1.008	11.018	14.582	4.986
g	181	522	114	7	14	0.918	-3.148	10.406	7.938
g	182	548	114	8	17	0.576	-1.726	14.582	8.856
g	183	574	114	2	2	0.648	5.798	7.778	3.168
g	184	600	114	4	5	1.44	-4.228	0.002	6.336
g	185	2	142	4	9	1.44	7.796	15.986	6.12
g	186	28	142	6	10	0.99	5.762	14.798	7.542
g	187	54	142	7	10	1.026	0.74	9.884	8.658
g	188	80	142	13	15	1.656	0.002	14.582	17.01
g	189	106	142	15	15	1.026	0.002	14.582	17.01
g	190	132	142	15	15	1.062	0.002	14.708	15.732
g	191	158	142	8	15	1.062	-3.4	11.306	8.64
g	192	184	142	9	20	0.342	0.002	19.01	8.856
g	193	210	142	9	20	0.342	0.002	19.01	8.856
g	194	236	142	9	19	0.342	0.002	18.758	8.856
g	195	262	142	9	19	0.342	0.002	18.866	8.856
g	196	288	142	9	19	0.342	0.002	18.758	8.856
g	197	314	142	9	19	0.342	0.002	18.92	8.856
g	198	340	142	12	15	-0.918	0.002	14.582	11.43
g	199	366	142	8	19	0.864	-4.228	14.708	9.27
g	200	392	142	6	20	1.134	0.002	19.01	7.326
g	201	418	142	6	20	1.134	0.002	19.01	7.326
g	202	444	142	6	19	1.134	0.002	18.758	7.326
g	203	470	142	6	19	1.134	0.002	18.758	7.326
g	204	496	142	4	20	-0.216	0.002	19.01	4.464
g	205	522	142	4	20	1.242	0.002	19.01	4.464
g	206	548	142	6	19	-0.306	0.002	18.758	4.464
g	207	574	142	6	19	-0.288	0.002	18.758	4.464
g	208	600	142	9	15	0.252	0.002	14.582	9.324
g	209	2	170	8	19	1.134	0.002	18.866	9.504
g	210	28	170	8	20	0.864	-0.16	19.01	9.702
g	211	54	170	8	20	0.864	-0.16	19.01	9.702
g	212	80	170	8	19	0.864	-0.16	18.758	9.702
g	213	106	170	8	20	0.864	-0.16	18.866	9.702
g	214	132	170	8	19	0.864	-0.16	18.758	9.702
g	215	158	170	6	6	0.882	4.844	9.992	6.894
g	216	184	170	8	18	0.864	-1.33	15.842	9.72
g	217	210	170	8	20	1.008	-0.16	19.01	9.774
g	218	236	170	8	20	1.008	-0.16	19.01	9.774
g	219	262	170	8	19	1.008	-0.16	18.758	9.774
g	220	288	170	8	19	1.008	-0.16	18.758	9.774
g	221	314	170	9	20	0.216	0.002	19.01	8.658
g	222	340	170	8	15	1.134	0.002	14.582	9.054
g	223	366	170	8	15	1.062	-0.16	14.744	9.27
g	224	392	170	7	15	0.45	-0.142	14.834	7.362
g	225	418	170	7	15	0.45	-0.142	14.834	7.362
g	226	444	170	7	15	0.45	-0.142	14.582	7.362
g	227	470	170	7	15	0.45	-0.142	14.69	7.362
g	228	496	170	7	15	0.45	-0.142	14.582	7.362
g	229	522	170	7	15	0.45	-0.142	14.744	7.362
g	230	548	170	11	11	0.756	-0.142	10.55	11.718
g	231	574	170	6	15	0.774	-4.228	10.55	7.398
g	232	600	170	7	15	0.774	-0.142	14.834	7.578
g	233	2	198	7	15	0.774	-0.142	14.834	7.578
g	234	28	198	7	15	0.774	-0.142	14.582	7.578
g	235	54	198	7	15	0.774	-0.142	14.582	7.578
g	236	80	198	4	15	-0.378	0.002	14.834	4.032
g	237	106	198	4	15	1.098	0.002	14.834	4.032
g	238	132	198	6	15	-0.468	0.002	14.582	4.032
g	239	158	198	6	15	-0.45	0.002	14.582	4.032
g	240	184	198	8	15	0.936	-0.16	14.744	8.478
g	241	210	198	7	15	0.972	0.002	14.69	7.902
g	242	236	198	7	15	0.792	-0.142	14.834	7.65
g	243	262	198	7	15	0.792	-0.142	14.834	7.65
g	244	288	198	7	15	0.792	-0.142	14.582	7.65
g	245	314	198	7	15	0.792	-0.142	14.69	7.65
g	246	340	198	7	15	0.792	-0.142	14.582	7.65
g	247	366	198	6	9	0.342	3.368	11.594	6.228
g	248	392	198	7	14	0.792	-1.708	12.026	7.632
g	249	418	198	7	15	0.9	-0.142	14.834	7.92
g	250	444	198	7	15	0.9	-0.142	14.834	7.92
g	251	470	198	7	15	0.9	-0.142	14.582	7.92
g	252	496	198	7	15	0.9	-0.142	14.582	7.92
g	253	522	198	7	18	0.216	-2.608	14.834	7.056
g	254	548	198	7	18	0.99	-3.418	14.582	8.046
g	255	574	198	7	18	0.216	-2.608	14.582	7.056
g	256	600	198	9	18	0.342	0.002	17.678	8.856
g	257	2	226	7	14	0.45	-0.142	13.502	7.362
g	258	28	226	9	19	0.342	0.002	18.164	8.856
g	259	54	226	7	15	0.45	-0.142	13.988	7.362
g	260	80	226	9	19	0.342	-4.156	14.582	8.856
g	261	106	226	7	15	0.45	-4.156	10.55	7.362
g	262	132	226	8	20	0.864	-0.16	19.01	9.27
g	263	158	226	6	15	0.774	-0.142	14.834	7.398
g	264	184	226	8	19	0.864	-0.16	18.758	9.27
g	265	210	226	6	15	0.774	-0.142	14.582	7.398
g	266	236	226	8	19	0.864	-0.16	18.398	9.27
g	267	262	226	6	15	0.774	-0.142	14.222	7.398
g	268	288	226	8	19	0.864	-0.16	18.758	9.27
g	269	314	226	6	15	0.774	-0.142	14.582	7.398
g	270	340	226	8	19	1.134	0.002	18.758	9.486
g	271	366	226	10	15	0.774	-0.142	14.582	9.468
g	272	392	226	9	15	0.306	0.002	14.582	9.522
g	273	418	226	8	15	0.774	-0.142	14.582	8.172
g	274	444	226	6	18	1.134	0.002	17.678	7.326
g	275	470	226	7	14	0.774	-0.142	13.502	7.578
g	276	496	226	6	19	1.134	0.002	18.164	7.326
g	277	522	226	7	15	0.774	-0.142	13.988	7.578
g	278	548	226	6	19	1.134	0.002	18.398	7.326
g	279	574	226	7	15	0.774	-0.142	14.222	7.578
g	280	600	226	6	19	1.134	-4.156	14.582	7.326
g	281	2	254	7	15	0.774	-3.976	10.55	7.578
g	282	28	254	6	19	1.134	0.002	18.758	7.326
g	283	54	254	7	15	0.774	-0.142	14.582	7.578
g	284	80	254	8	19	0.864	-0.178	18.758	9.63
g	285	106	254	8	18	0.36	-3.256	14.582	7.938
g	286	132	254	8	19	0.864	-0.178	18.164	9.63
g	287	158	254	8	18	0.36	-3.256	13.988	7.938
g	288	184	254	8	19	0.864	-0.178	18.398	9.63
g	289	210	254	8	18	0.36	-3.256	14.222	7.938
g	290	236	254	8	20	0.864	-5.164	14.708	9.63
g	291	262	254	8	19	0.36	-3.256	15.554	7.938
g	292	288	254	8	19	1.134	0.002	18.758	10.098
g	293	314	254	8	19	-0.54	0.002	18.758	8.01
g	294	340	254	10	15	0.288	0.002	14.582	10.098
g	295	366	254	8	15	-0.108	0.002	14.582	8.01
g	296	392	254	6	19	-0.468	0.002	18.866	4.464
g	297	418	254	6	15	-0.63	0.002	14.69	4.032
g	298	444	254	4	18	0.504	0.002	17.678	4.464
g	299	470	254	4	14	0.342	0.002	13.502	4.032
g	300	496	254	5	19	-0.126	0.002	18.164	4.464
g	301	522	254	5	14	-0.288	0.002	13.988	4.032
g	302	548	254	4	19	-0.216	-4.156	14.582	4.464
g	303	574	254	4	19	-0.396	-4.156	13.97	4.122
g	304	600	254	2	19	1.242	0.002	18.398	4.464
g	305	2	282	2	11	1.098	0.002	10.406	4.032
g	306	28	282	8	15	1.242	-0.34	14.582	9.882
g	307	54	282	7	17	1.098	-2.626	13.97	8.262
g	308	80	282	6	20	0.126	-0.34	18.758	5.418
g	309	106	282	6	18	-0.342	-2.626	14.582	4.14
g	310	132	282	8	20	1.134	-5.164	14.582	8.91
g	311	158	282	7	20	1.008	-5.164	14.6	7.722
g	312	184	282	7	11	1.062	0.002	10.406	7.74
g	313	210	282	6	20	1.134	0.002	19.01	7.146
g	314	236	282	4	20	1.152	0.002	19.01	4.122
g	315	262	282	6	20	1.134	-5.164	14.582	7.146
g	316	288	282	2	20	1.134	-5.164	14.582	4.122
g	317	314	282	6	15	1.134	0.002	14.582	7.146
g	318	340	282	5	15	1.152	0.002	14.582	5.562
g	319	366	282	6	15	1.134	0.002	14.582	7.146
g	320	392	282	5	15	1.152	0.002	14.582	5.112
g	321	418	282	8	15	-0.108	0.002	14.582	7.146
g	322	444	282	5	15	0.306	0.002	14.582	4.806
g	323	470	282	8	20	1.134	0.002	19.01	9.504
g	324	496	282	7	15	0.972	0.002	14.834	7.902
g	325	522	282	8	20	1.134	-5.164	14.582	9.504
g	326	548	282	7	16	0.972	-5.164	10.55	7.902
g	327	574	282	8	19	1.134	0.002	18.758	9.504
g	328	600	282	7	15	0.972	0.002	14.582	7.902
g	329	2	310	9	16	0.18	0.002	15.302	9.018
g	330	28	310	8	18	1.134	-3.292	14.582	9.558
g	331	54	310	7	14	0.792	-3.31	10.55	6.984
g	332	80	310	8	18	0.864	-0.16	17.678	9.702
g	333	106	310	7	14	0.792	-0.142	13.502	7.65
g	334	132	310	8	19	0.864	-0.16	18.164	9.702
g	335	158	310	7	15	0.792	-0.142	13.988	7.65
g	336	184	310	8	19	0.864	-0.16	18.776	9.702
g	337	210	310	7	15	0.792	-0.142	14.6	7.65
g	338	236	310	11	15	0.864	0.002	14.582	12.294
g	339	262	310	11	11	1.026	-0.142	10.55	12.33
g	340	288	310	8	20	1.134	0.002	19.01	9.342
g	341	314	310	5	15	1.026	0.002	14.834	5.778
g	342	340	310	8	20	1.134	-5.164	14.582	9.342
g	343	366	310	5	16	1.008	-5.164	10.532	5.778
g	344	392	310	8	19	1.134	0.002	18.758	9.342
g	345	418	310	6	15	0.792	0.002	14.582	5.778
g	346	444	310	8	20	0.702	-0.16	19.01	8.514
g	347	470	310	6	15	0.45	-0.142	14.834	6.732
g	348	496	310	8	19	0.702	-0.16	18.758	8.514
g	349	522	310	6	15	0.45	-0.142	14.582	6.732
g	350	548	310	8	19	0.702	-4.228	14.708	8.514
g	351	574	310	6	15	0.45	-4.228	10.55	6.732
g	352	600	310	8	19	0.702	-0.16	18.758	8.514
g	353	2	338	6	15	0.45	-0.142	14.582	6.732
g	354	28	338	7	19	0.27	-4.228	14.582	7.434
g	355	54	338	6	18	0.396	-4.228	13.448	5.544
g	356	80	338	7	19	0.27	0.002	18.758	7.434
g	357	106	338	6	16	0.396	-0.142	15.572	5.958
g	358	132	338	7	15	0.27	0.002	14.582	7.434
g	359	158	338	5	14	0.396	-0.142	13.448	4.392
g	360	184	338	8	20	1.008	-0.16	18.866	9.774
g	361	210	338	7	15	0.9	-0.142	14.69	7.92
g	362	236	338	8	18	1.008	-0.16	17.678	9.774
g	363	262	338	7	14	0.9	-0.142	13.502	7.92
g	364	288	338	8	19	1.008	-0.16	18.164	9.774
g	365	314	338	7	15	0.9	-0.142	13.988	7.92
g	366	340	338	8	20	1.008	-0.16	18.92	9.774
g	367	366	338	7	15	0.9	-0.142	14.744	7.92
g	368	392	338	8	19	1.008	-0.16	18.776	9.774
g	369	418	338	7	15	0.9	-0.142	14.6	7.92
g	370	444	338	8	19	1.008	-4.156	14.582	9.774
g	371	470	338	7	15	0.9	-4.156	10.406	7.92
g	372	496	338	12	19	0.648	0.002	18.758	13.122
g	373	522	338	10	15	0.504	0.002	14.582	10.584
g	374	548	338	9	19	0.216	0.002	18.758	8.658
g	375	574	338	7	18	0.216	-2.608	14.582	7.056
g	376	600	338	9	19	0.216	0.002	18.758	8.658
g	377	2	366	7	20	0.684	0.002	19.01	7.506
g	378	28	366	6	15	0.576	0.002	14.834	6.246
g	379	54	366	7	19	0.684	0.002	18.398	7.506
g	380	80	366	6	15	0.576	0.002	14.222	6.246
g	381	106	366	7	19	0.684	0.002	18.758	7.506
g	382	132	366	6	15	0.576	0.002	14.582	6.246
g	383	158	366	5	15	0.342	0.002	14.06	5.166
g	399	184	366	8	15	0.792	-0.16	14.708	9.63
g	402	210	366	7	17	-0.018	-2.14	14.06	6.84
g	416	236	366	8	17	0.864	-0.16	15.914	9.702
g	417	262	366	7	12	0.792	-0.142	11.738	7.65
g	431	288	366	10	17	1.008	-0.16	15.914	9.774
g	432	314	366	8	12	0.9	-0.142	11.738	7.92
g	439	340	366	8	15	0.54	-0.16	14.582	8.208
g	452	366	366	16	19	1.134	0.002	18.758	16.938
g	453	392	366	15	15	1.134	0.002	14.582	15.732
g	454	418	366	14	15	0.774	-0.142	14.582	14.202
g	455	444	366	11	15	1.134	-0.34	14.582	12.564
g	456	470	366	10	18	1.134	-2.626	14.582	11.286
g	457	496	366	7	18	1.152	-2.626	14.582	8.262
g	458	522	366	13	15	1.134	-0.34	14.582	14.922
g	459	548	366	12	18	1.134	-2.626	14.582	13.644
g	460	574	366	11	17	0.972	-2.626	13.97	12.042
g	461	600	366	9	19	0.342	0.002	18.758	8.856
g	462	2	394	7	15	0.45	-0.142	14.582	7.362
g	467	28	394	8	19	1.008	-0.16	18.758	9.774
g	468	54	394	7	15	0.9	-0.142	14.582	7.92
g	484	80	394	9	15	0.864	-0.178	14.708	9.63
g	485	106	394	9	14	-0.27	-3.22	10.604	7.83
g	486	132	394	8	19	0.864	-0.178	18.758	9.63
g	487	158	394	8	18	0.36	-3.256	14.582	7.938
g	488	184	394	8	19	1.134	0.002	18.758	8.91
g	489	210	394	7	18	1.008	0.002	17.84	7.722
g	490	236	394	8	19	0.864	-4.156	14.708	9.702
g	491	262	394	7	15	0.792	-4.012	10.55	7.65
g	494	288	394	8	19	0.54	-0.16	18.758	8.208
g	495	314	394	8	19	0.54	-3.526	14.582	8.244
g	497	340	394	16	15	1.134	0.002	14.582	16.938
g	498	366	394	15	15	1.134	0.002	14.582	15.732
g	499	392	394	14	15	0.774	-0.142	14.582	14.202
g	500	418	394	8	20	0.864	-0.178	19.01	9.63
g	501	444	394	8	19	0.36	-3.256	14.834	7.938
g	506	470	394	9	24	0.342	0.002	23.348	8.856
g	507	496	394	7	20	0.45	-0.142	19.172	7.362
g	508	522	394	12	20	-0.918	0.002	19.01	11.43
g	509	548	394	11	15	0.756	-0.142	14.834	11.718
g	510	574	394	8	21	0.864	-1.33	19.01	9.72
g	511	600	394	7	17	0.792	-1.708	14.834	7.632
g	512	2	422	9	19	0.342	0.002	18.758	8.856
g	513	28	422	7	15	0.09	-0.142	14.582	7.362
g	514	54	422	9	19	0.342	0.002	18.758	8.856
g	515	80	422	7	15	0.45	-0.142	14.582	7.362
g	516	106	422	7	19	0.486	0.002	18.758	7.326
g	517	132	422	7	15	0.252	-0.142	14.582	7.578
g	518	158	422	6	19	1.134	0.002	18.758	7.326
g	519	184	422	7	15	0.774	-0.142	14.582	7.578
g	520	210	422	6	19	-1.314	0.002	18.758	4.464
g	521	236	422	6	15	-1.476	0.002	14.582	4.032
g	522	262	422	5	19	-0.144	0.002	18.758	4.464
g	523	288	422	5	15	-0.306	0.002	14.582	4.032
g	524	314	422	8	19	0.864	-0.16	18.758	9.702
g	525	340	422	7	15	0.288	-0.142	14.582	7.65
g	526	366	422	8	19	0.864	-0.16	18.758	9.702
g	527	392	422	7	15	0.792	-0.142	14.582	7.65
g	528	418	422	8	19	1.134	0.002	18.758	9.342
g	529	444	422	6	15	-0.234	0.002	14.582	5.778
g	530	470	422	8	19	1.134	0.002	18.758	9.342
g	531	496	422	5	15	0.936	0.002	14.582	5.778
g	532	522	422	8	19	1.008	-0.16	18.758	9.774
g	533	548	422	7	15	0.414	-0.142	14.582	7.92
g	534	574	422	8	19	1.008	-0.16	18.758	9.774
g	535	600	422	7	15	0.9	-0.142	14.582	7.92
g	536	2	450	8	20	0.702	-5.164	14.708	8.514
g	537	28	450	6	16	0.45	-5.164	10.55	6.732
g	538	54	450	7	20	0.27	-5.164	14.582	7.434
g	539	80	450	5	19	0.396	-5.164	13.448	5.544
g	542	106	450	8	19	1.134	0.002	18.758	10.098
g	543	132	450	7	18	1.026	0.002	17.75	8.01
g	554	158	450	8	23	0.864	-0.16	21.854	9.702
g	555	184	450	7	18	0.792	-0.142	17.678	7.65
g	556	210	450	8	22	0.864	-0.16	21.242	9.702
g	557	236	450	7	18	0.792	-0.142	17.066	7.65
g	560	262	450	8	22	0.864	-0.16	21.494	9.702
g	561	288	450	7	18	0.792	-0.142	17.318	7.65
g	562	314	450	9	18	0.216	0.002	17.678	8.658
g	563	340	450	7	17	0.216	-2.608	13.502	7.056
g	567	366	450	4	14	-0.342	-2.626	10.406	4.14
g	601	392	450	7	11	0.774	-0.16	10.55	7.578
g	658	418	450	8	14	0.54	-3.526	10.406	8.244
g	699	444	450	3	5	0.54	10.424	15.176	3.744
g	700	470	450	2	5	0.36	10.118	14.582	6.588
g	710	496	450	6	4	0.558	11.198	14.582	6.174
g	711	522	450	6	4	0.54	11.468	14.582	6.066
g	713	548	450	4	2	0.828	13.412	14.582	5.112
g	728	574	450	5	3	0.774	11.9	14.582	6.264
g	729	600	450	2	3	0.576	11.756	13.772	3.096
g	730	2	478	5	5	0.594	10.73	14.744	5.202
g	731	28	478	4	5	1.44	-4.156	0.002	6.354
g	732	54	478	6	3	1.116	12.602	14.702	7.632
g	733	80	478	6	4	0.972	11.522	14.6	7.2
g	768	106	478	3	4	-2.448	11.27	14.834	0
g	769	132	478	3	4	-0.504	11.27	14.834	0
g	770	158	478	6	4	-2.538	11.432	14.582	0
g	771	184	478	6	3	-2.7	12.602	14.69	0
g	772	210	478	4	2	-1.728	12.332	13.502	0
g	774	236	478	5	3	-2.376	11.54	13.988	0
g	775	262	478	2	3	-0.972	12.08	14.222	0
g	776	288	478	6	2	-2.52	12.584	14.582	0
g	777	314	478	4	4	-1.44	11.45	14.942	0
g	778	340	478	5	5	-2.016	10.73	14.744	0
g	779	366	478	6	4	-1.548	11.522	14.6	0
g	780	392	478	6	4	-2.52	11.468	14.582	0
g	783	418	478	6	4	-3.546	11.522	14.582	0
g	785	444	478	5	3	-2.376	11.9	14.582	0
g	786	470	478	2	5	-0.972	11.522	15.554	0
g	795	496	478	3	3	-0.18	9.398	11.738	0
g	803	522	478	2	3	-0.972	-3.166	-1.132	0
g	804	548	478	6	2	-2.52	-3.13	-1.132	0
g	806	574	478	2	5	-0.99	-5.164	-1.132	0
g	807	600	478	4	5	-0.972	-4.228	0.002	0
g	808	2	506	4	5	-2.466	-4.156	0.002	0
g	814	28	506	5	3	-2.376	-4.264	-1.816	0
g	817	54	506	4	2	-1.728	-3.454	-2.284	0
g	821	80	506	4	2	-1.728	5.852	7.022	0
g	928	106	506	8	15	1.134	0.002	14.582	10.044
g	960	132	506	9	11	0.306	-0.16	10.406	9.486
g	1024	158	506	6	20	1.134	0.002	19.01	7.326
g	1025	184	506	6	19	1.134	0.002	18.758	7.326
g	1026	210	506	11	15	0.234	-0.16	14.582	11.412
g	1027	236	506	6	20	1.134	0.002	19.01	7.038
g	1028	262	506	8	15	0.864	-0.16	14.708	9.054
g	1029	288	506	8	15	0.702	-0.16	14.708	8.514
g	1030	314	506	2	15	1.242	0.002	14.582	4.464
g	1031	340	506	6	19	-0.288	0.002	18.758	4.464
g	1032	366	506	5	15	0.126	-0.34	14.582	5.418
g	1033	392	506	15	15	0.252	-0.04	14.582	15.048
g	1034	418	506	13	15	1.134	0.002	14.6	14.076
g	1035	444	506	11	15	0.18	0.002	14.582	11.394
g	1036	470	506	8	20	1.134	0.002	19.01	9.144
g	1037	496	506	8	20	1.134	0.002	19.01	9.81
g	1038	522	506	8	21	0.342	-2.644	18.164	8.136
g	1039	548	506	8	18	1.134	-2.644	14.582	9.846
g	1040	574	506	9	15	0.342	0.002	14.582	8.856
g	1041	600	506	8	15	1.134	0.002	14.582	8.892
g	1042	2	534	8	15	1.134	0.002	14.582	9.432
g	1043	28	534	6	15	1.134	0.002	14.582	7.038
g	1044	54	534	11	18	0.198	-2.644	14.582	11.286
g	1045	80	534	6	15	1.134	0.002	14.582	7.326
g	1046	106	534	13	15	0.072	0.002	14.582	12.168
g	1047	132	534	8	15	0.45	-0.16	14.708	8.64
g	1048	158	534	8	15	1.134	0.002	14.582	9.81
g	1049	184	534	8	19	1.134	0.002	18.164	9.81
g	1050	210	534	8	15	1.134	0.002	14.582	9.144
g	1051	236	534	10	15	0.036	-0.046	14.582	10.458
g	1052	262	534	10	15	1.098	0.002	14.582	11.88
g	1053	288	534	8	15	1.134	0.002	14.582	10.098
g	1054	314	534	8	15	0.864	-0.16	14.708	9.702
g	1055	340	534	9	15	1.134	0.002	14.582	10.296
g	1056	366	534	8	15	1.134	0.002	14.582	8.64
g	1057	392	534	8	15	0.864	-0.16	14.708	9.27
g	1058	418	534	7	15	0.27	0.002	14.582	7.434
g	1059	444	534	8	18	0.342	-2.644	14.582	8.136
g	1060	470	534	11	17	0.864	-0.646	15.896	11.916
g	1061	496	534	9	15	0.234	0.002	14.582	8.676
g	1062	522	534	10	18	1.134	-2.644	14.582	11.196
g	1063	548	534	8	15	0.9	0.002	14.582	9.918
g	1064	574	534	12	15	1.134	0.002	14.582	13.5
g	1065	600	534	13	18	1.134	-2.644	14.582	14.22
g	1066	2	562	10	15	0.09	0.002	14.582	10.206
g	1067	28	562	11	15	1.134	0.002	14.582	13.104
g	1068	54	562	8	15	1.134	0.002	14.582	8.892
g	1069	80	562	8	15	0.882	0.038	14.924	9.342
g	1070	106	562	11	15	1.134	-0.16	14.708	12.942
g	1071	132	562	9	15	0.234	0.002	14.582	9.81
g	1072	158	562	7	11	0.45	-0.142	10.55	7.362
g	1073	184	562	7	16	0.936	-0.142	15.176	7.884
g	1074	210	562	6	11	0.972	0.002	10.406	7.47
g	1075	236	562	5	11	0.972	0.002	10.406	5.22
g	1076	262	562	9	14	0.576	-2.644	10.406	9.468
g	1077	288	562	7	11	0.774	-0.142	10.55	7.578
g	1078	314	562	11	11	0.072	0.002	10.406	10.422
g	1079	340	562	6	11	0.522	-0.178	10.55	6.75
g	1080	366	562	7	11	0.972	0.002	10.406	8.226
g	1081	392	562	7	14	0.972	0.002	13.988	8.226
g	1082	418	562	7	11	0.972	0.002	10.406	7.47
g	1083	444	562	8	11	0.306	-0.088	10.406	8.73
g	1084	470	562	8	11	0.918	0.002	10.406	9.522
g	1085	496	562	7	11	0.972	0.002	10.406	8.262
g	1086	522	562	7	11	0.792	-0.142	10.55	7.65
g	1087	548	562	7	11	0.972	0.002	10.406	7.992
g	1088	574	562	7	14	0.972	-3.418	10.55	8.028
g	1089	600	562	6	11	0.774	-0.142	10.55	7.398
g	1090	2	590	6	11	0.198	0.002	10.406	6.228
g	1091	28	590	7	14	0.216	-2.608	10.406	7.056
g	1092	54	590	10	18	0.774	-3.418	14.582	10.908
g	1093	80	590	7	11	0.162	0.002	10.406	7.002
g	1094	106	590	8	14	0.972	-2.644	10.406	8.766
g	1095	132	590	7	11	0.666	0.002	10.406	7.794
g	1096	158	590	10	11	0.972	0.002	10.406	11.25
g	1097	184	590	11	14	0.972	-2.644	10.406	11.646
g	1098	210	590	9	11	-0.072	0.002	10.406	8.64
g	1099	236	590	10	11	0.972	0.002	10.406	11.214
g	1100	262	590	7	11	0.972	0.002	10.406	7.47
g	1101	288	590	6	11	0.756	-0.142	10.532	7.416
g	1102	314	590	9	11	0.972	-0.142	10.55	10.314
g	1103	340	590	7	11	0.18	0.002	10.406	7.776
g	1104	366	590	7	15	0.774	-0.142	14.834	7.578
g	1105	392	590	7	15	0.774	-0.142	14.582	7.578
g	1106	418	590	8	18	-0.09	-2.644	14.582	8.226
g	1107	444	590	5	15	0.972	0.002	14.834	5.22
g	1108	470	590	6	11	0.792	-0.142	10.55	7.146
g	1109	496	590	6	11	0.45	-0.142	10.55	6.732
g	1110	522	590	2	14	1.098	0.002	13.97	4.122
g	1111	548	590	6	15	-0.45	0.002	14.582	4.032
g	1112	574	590	4	17	-0.342	-2.626	13.97	4.14
g	1113	600	590	12	11	0.09	-0.088	10.406	11.862
g	1114	2	618	10	11	0.972	0.002	10.406	11.34
g	1115	28	618	8	15	-0.09	0.002	14.582	8.226
g	1116	54	618	7	15	0.972	0.002	14.834	7.47
g	1117	80	618	7	15	0.972	0.002	14.834	8.226
g	1118	106	618	7	17	0.216	-2.608	13.988	7.056
g	1119	132	618	7	14	0.972	-2.644	10.406	8.028
g	1122	158	618	9	15	-0.18	0.002	14.582	9.072
g	1123	184	618	8	15	-0.18	0.002	14.582	7.722
g	1130	210	618	12	15	0.072	0.002	14.582	11.79
g	1131	236	618	10	11	0.054	0.002	10.406	9.54
g	1138	262	618	8	15	0.864	-0.16	14.708	9.72
g	1139	288	618	7	11	0.792	-0.142	10.55	7.632
g	1140	314	618	10	15	0.414	0.002	14.87	10.62
g	1141	340	618	8	11	0.27	0.002	10.64	7.596
g	1162	366	618	9	21	1.134	-2.644	18.164	10.26
g	1163	392	618	8	17	0.972	-2.662	13.988	8.874
g	1164	418	618	9	15	-0.18	0.002	14.582	9.018
g	1165	444	618	8	15	0.18	0.002	14.582	8.082
g	1166	470	618	8	15	1.134	0.002	14.582	8.64
g	1167	496	618	8	14	0.972	-3.418	10.55	8.028
g	1168	522	618	6	17	1.134	0.002	16.526	6.786
g	1169	548	618	5	13	0.99	0.002	12.098	5.328
g	1170	574	618	7	15	0.252	0.002	14.582	7.362
g	1171	600	618	6	11	0.36	0.002	10.406	5.796
g	1172	2	646	8	18	1.134	-2.644	14.582	9.684
g	1173	28	646	7	14	1.134	-2.644	10.406	8.226
g	1174	54	646	13	18	0.072	-2.644	14.582	12.69
g	1175	80	646	11	14	0.072	-2.644	10.406	10.746
g	1176	106	646	8	18	0.45	-2.644	14.708	8.64
g	1177	132	646	6	14	0.522	-2.644	10.55	6.75
g	1178	158	646	9	18	1.134	-2.644	14.582	9.45
g	1179	184	646	8	14	0.972	-2.644	10.406	7.884
g	1180	210	646	10	15	1.134	0.002	14.582	10.908
g	1181	236	646	8	11	0.972	0.002	10.406	8.928
g	1182	262	646	10	15	-0.288	0.002	14.582	9.144
g	1183	288	646	8	15	0.324	0.002	14.582	8.28
g	1184	314	646	11	15	0.378	0.002	14.582	10.746
g	1185	340	646	9	11	0.198	0.002	10.406	8.64
g	1186	366	646	10	18	1.134	-2.644	14.582	10.53
g	1187	392	646	8	14	0.972	-2.644	10.406	8.73
g	1188	418	646	12	15	1.134	0.002	14.582	12.708
g	1189	444	646	9	11	0.972	0.002	10.406	9.612
g	1190	470	646	14	18	1.134	-2.644	14.582	15.678
g	1191	496	646	11	14	0.972	-2.644	10.406	12.186
g	1192	522	646	12	15	1.08	-0.16	14.708	12.708
g	1193	548	646	10	11	0.702	-0.16	10.55	11.106
g	1194	574	646	8	18	0.864	-2.644	14.708	9.27
g	1195	600	646	6	14	0.774	-2.644	10.55	7.398
g	1196	2	674	7	18	0.27	-2.644	14.582	7.434
g	1197	28	674	6	14	0.198	-2.644	10.406	6.228
g	1198	54	674	9	15	0.216	0.002	14.582	8.658
g	1199	80	674	7	14	0.216	-3.076	10.406	6.984
g	1200	106	674	9	15	0.216	0.002	14.582	8.586
g	1201	132	674	7	14	0.216	-3.076	10.406	7.074
g	1202	158	674	9	18	0.234	-2.644	14.582	9.09
g	1203	184	674	8	14	0.162	-2.644	10.406	7.614
g	1204	210	674	13	18	0.27	-2.644	14.582	12.978
g	1205	236	674	10	14	0.198	-2.644	10.406	10.044
g	1206	262	674	10	18	0.882	-2.644	14.582	10.332
g	1207	288	674	8	14	0.666	-2.644	10.406	8.244
g	1208	314	674	9	15	0.9	0.002	14.582	10.098
g	1209	340	674	7	11	0.324	0.002	10.406	7.974
g	1210	366	674	8	15	1.134	0.002	14.582	9.9
g	1211	392	674	7	15	1.026	0.002	14.582	8.01
g	1212	418	674	12	15	0.288	-0.16	14.708	12.51
g	1213	444	674	10	11	0.306	-0.142	10.55	10.098
g	1214	470	674	12	22	0.288	-2.644	18.758	12.33
g	1215	496	674	10	18	0.306	-2.644	14.582	9.558
g	1216	522	674	2	15	1.242	0.002	14.582	4.464
g	1217	548	674	13	19	0.072	0.002	18.164	12.168
g	1218	574	674	11	14	0.072	0.002	13.988	10.422
g	1219	600	674	8	18	1.134	-2.644	14.582	9.45
g	1220	2	702	7	14	0.972	-2.644	10.406	8.298
g	1221	28	702	11	18	0.036	-2.644	14.582	10.89
g	1222	54	702	9	14	0.306	-2.644	10.406	9.198
g	1223	80	702	8	18	1.134	-2.644	14.582	10.098
g	1224	106	702	7	14	0.972	-2.644	10.406	8.262
g	1225	132	702	10	18	1.134	-2.644	14.582	10.53
g	1226	158	702	8	14	0.972	-2.644	10.406	8.73
g	1227	184	702	8	18	0.882	-2.644	14.582	9.9
g	1228	210	702	7	14	0.666	-2.644	10.406	7.794
g	1229	236	702	12	18	1.098	-2.644	14.582	12.348
g	1230	262	702	9	14	0.918	-2.644	10.406	10.044
g	1231	288	702	2	15	1.152	0.002	14.582	4.23
g	1232	314	702	9	19	0.342	0.002	18.164	8.856
g	1233	340	702	7	15	0.45	-0.142	13.988	7.362
g	1234	366	702	9	19	0.342	0.002	18.758	8.856
g	1235	392	702	7	15	0.45	-0.142	14.582	7.362
g	1236	418	702	12	15	-0.918	0.002	14.582	11.43
g	1237	444	702	11	11	0.756	-0.142	10.55	11.718
g	1238	470	702	6	19	1.134	0.002	18.164	7.326
g	1239	496	702	7	15	0.774	-0.142	13.988	7.578
g	1240	522	702	8	15	0.792	-0.16	14.708	9.63
g	1241	548	702	7	11	0.774	-0.16	10.55	7.578
g	1242	574	702	8	19	0.792	-0.16	18.758	9.63
g	1243	600	702	7	15	0.774	-0.16	14.582	7.578
g	1244	2	730	13	19	0.072	0.002	18.758	12.168
g	1245	28	730	11	15	0.072	0.002	14.582	10.422
g	1246	54	730	8	19	0.45	-0.16	18.758	8.64
g	1247	80	730	6	15	0.522	-0.178	14.582	6.75
g	1248	106	730	8	15	0.54	-0.16	14.582	8.208
g	1249	132	730	8	14	0.54	-3.526	10.406	8.244
g	1250	158	730	8	18	1.134	0.002	17.678	9.81
g	1251	184	730	7	14	0.972	0.002	13.502	8.226
g	1252	210	730	8	19	1.134	0.002	18.758	9.81
g	1253	236	730	7	15	0.972	0.002	14.582	8.226
g	1254	262	730	8	19	0.864	-0.16	18.758	9.702
g	1255	288	730	7	15	0.792	-0.142	14.582	7.65
g	1256	314	730	8	15	0.864	-0.16	14.708	9.72
g	1257	340	730	7	11	0.792	-0.142	10.55	7.632
g	1258	366	730	8	19	0.864	-0.16	18.758	9.72
g	1259	392	730	7	15	0.792	-0.142	14.582	7.632
g	1260	418	730	8	19	0.882	0.038	18.758	9.342
g	1261	444	730	6	15	0.756	-0.142	14.582	7.416
g	1262	470	730	8	21	0.342	-2.644	17.678	8.136
g	1263	496	730	7	17	0.216	-2.608	13.502	7.056
g	1264	522	730	8	22	0.342	-2.644	18.758	8.136
g	1265	548	730	7	18	0.216	-2.608	14.582	7.056
g	1266	574	730	8	22	0.342	-2.644	18.776	8.136
g	1267	600	730	8	18	0.216	-2.608	14.6	7.056
g	1268	2	758	8	19	0.9	0.002	18.758	9.918
g	1269	28	758	7	15	0.666	0.002	14.582	7.794
g	1270	54	758	6	18	1.134	-2.644	14.582	6.948
g	1271	80	758	5	14	0.972	-2.644	10.406	5.22
g	1272	106	758	11	19	1.134	0.002	18.758	13.104
g	1273	132	758	10	15	0.972	0.002	14.582	11.214
g	1274	158	758	7	18	0.252	-2.644	14.582	7.362
g	1275	184	758	6	14	0.36	-2.644	10.406	6.336
g	1276	210	758	9	18	0.234	-2.644	14.582	9
g	1277	236	758	7	14	0.162	-2.644	10.406	7.38
g	1278	262	758	9	15	0.234	0.002	14.582	8.676
g	1279	288	758	7	11	0.162	0.002	10.406	7.002
g	1296	314	758	8	15	0.72	-0.16	14.708	8.64
g	1297	340	758	6	11	0.576	-0.178	10.55	6.75
g	1298	366	758	10	18	0.036	-2.644	14.582	10.458
g	1299	392	758	8	14	0.306	-2.626	10.406	8.73
g	1308	418	758	12	15	0.648	0.002	14.582	13.122
g	1309	444	758	10	11	0.504	0.002	10.406	10.584
g	1316	470	758	10	18	1.134	-2.644	14.582	10.476
g	1317	496	758	8	14	0.972	-2.644	10.406	8.46
g	1318	522	758	10	18	1.134	-2.644	14.582	10.584
g	1319	548	758	8	18	1.026	-2.644	14.582	8.55
g	1320	574	758	10	18	0.36	-2.644	14.582	10.908
g	1321	600	758	10	18	0.36	-2.644	14.582	10.908
g	1326	2	786	11	18	0.036	-2.644	14.582	10.872
g	1327	28	786	9	14	0.306	-2.644	10.406	9.198
g	7682	54	786	8	19	1.134	0.002	18.398	9.432
g	7683	80	786	7	19	1.008	-0.142	18.398	8.046
g	7690	106	786	8	19	1.134	0.002	18.398	9.486
g	7691	132	786	7	19	0.774	-0.142	18.398	7.956
g	7710	158	786	6	19	1.134	0.002	18.398	7.038
g	7711	184	786	5	18	0.342	0.002	17.786	5.166
g	7744	210	786	10	19	1.098	0.002	18.398	11.88
g	7745	236	786	11	15	0.972	0.002	14.222	12.24
g	7766	262	786	8	19	1.134	0.002	18.398	8.64
g	7767	288	786	7	18	0.972	-3.418	14.222	8.028
g	7776	314	786	8	19	0.702	-0.16	18.398	8.514
g	7777	340	786	6	15	0.45	-0.142	14.222	6.732
g	7786	366	786	7	19	0.27	0.002	18.398	7.434
g	7787	392	786	5	18	0.396	-0.142	17.264	5.544
g	7808	418	786	12	20	0.648	0.002	19.01	13.122
g	7809	444	786	10	15	0.504	0.002	14.834	10.584
g	7810	470	786	12	20	0.648	0.002	19.01	13.122
g	7811	496	786	10	15	0.504	0.002	14.834	10.584
g	7812	522	786	12	19	0.648	0.002	18.758	13.122
g	7813	548	786	10	15	0.504	0.002	14.582	10.584
g	7838	574	786	9	15	1.008	-0.16	14.708	9.702
g	7840	600	786	9	18	0.342	-3.166	14.582	8.856
g	7841	2	814	7	14	0.45	-3.166	10.55	7.362
g	7842	28	814	9	20	0.342	0.002	19.118	8.856
g	7843	54	814	7	16	0.45	-0.142	14.942	7.362
g	7844	80	814	9	20	0.342	0.002	19.55	8.856
g	7845	106	814	9	16	0.45	-0.142	15.374	7.362
g	7846	132	814	9	20	0.342	0.002	19.55	8.856
g	7847	158	814	8	16	0.45	-0.142	15.374	7.362
g	7848	184	814	9	21	0.342	0.002	20.576	8.856
g	7849	210	814	8	17	0.45	-0.142	16.4	7.362
g	7850	236	814	9	22	0.342	0.002	21.314	8.856
g	7851	262	814	7	18	0.45	-0.142	17.138	7.362
g	7852	288	814	9	22	0.342	-3.166	18.398	8.856
g	7853	314	814	7	18	0.45	-3.166	14.222	7.362
g	7854	340	814	9	21	0.342	0.002	20.828	8.856
g	7855	366	814	7	17	0.45	-0.142	16.652	7.362
g	7856	392	814	9	21	0.342	0.002	20.828	8.856
g	7857	418	814	7	17	0.45	-0.142	16.652	7.362
g	7858	444	814	9	22	0.342	0.002	21.674	8.856
g	7859	470	814	7	18	0.45	-0.142	17.498	7.362
g	7860	496	814	9	22	0.342	0.002	21.134	8.856
g	7861	522	814	7	18	0.45	-0.142	16.958	7.362
g	7862	548	814	9	22	0.342	-3.166	18.164	8.856
g	7863	574	814	7	18	0.45	-3.166	13.988	7.362
g	7864	600	814	6	18	1.134	-3.166	14.582	7.326
g	7865	2	842	7	14	0.774	-3.166	10.55	7.578
g	7866	28	842	6	20	1.134	0.002	19.118	7.326
g	7867	54	842	7	16	0.774	-0.142	14.942	7.578
g	7868	80	842	6	19	1.134	0.002	18.866	7.326
g	7869	106	842	7	15	0.774	-0.142	14.69	7.578
g	7870	132	842	8	20	1.134	0.002	19.55	7.326
g	7871	158	842	8	16	0.774	-0.142	15.374	7.578
g	7872	184	842	7	20	1.134	0.002	19.55	7.326
g	7873	210	842	7	16	0.774	-0.142	15.374	7.578
g	7874	236	842	8	21	1.134	0.002	20.576	7.326
g	7875	262	842	8	17	0.774	-0.142	16.4	7.578
g	7876	288	842	6	22	1.134	0.002	21.314	7.326
g	7877	314	842	7	18	0.774	-0.142	17.138	7.578
g	7878	340	842	6	22	1.134	-3.166	18.398	7.326
g	7879	366	842	7	18	0.774	-3.166	14.222	7.578
g	7880	392	842	4	20	0.792	0.002	19.118	4.464
g	7881	418	842	4	15	0.63	0.002	14.942	4.032
g	7882	444	842	2	18	1.242	-3.166	14.582	4.464
g	7883	470	842	2	18	1.098	-3.166	13.97	4.122
g	7884	496	842	8	18	0.864	-3.166	14.708	9.702
g	7885	522	842	7	14	0.792	-3.166	10.55	7.65
g	7886	548	842	8	20	0.864	-0.16	19.118	9.702
g	7887	574	842	7	16	0.792	-0.142	14.942	7.65
g	7888	600	842	9	20	0.864	-0.16	19.55	9.702
g	7889	2	870	8	16	0.792	-0.142	15.374	7.65
g	7890	28	870	8	20	0.864	-0.16	19.55	9.702
g	7891	54	870	7	16	0.792	-0.142	15.374	7.65
g	7892	80	870	9	21	0.864	-0.16	20.576	9.702
g	7893	106	870	8	17	0.792	-0.142	16.4	7.65
g	7894	132	870	8	22	0.864	-0.16	21.314	9.702
g	7895	158	870	7	18	0.792	-0.142	17.138	7.65
g	7896	184	870	8	22	0.864	-3.166	18.398	9.702
g	7897	210	870	7	18	0.792	-3.166	14.222	7.65
g	7898	236	870	8	20	0.864	-0.16	19.01	9.702
g	7899	262	870	7	15	0.792	-0.142	14.834	7.65
g	7900	288	870	8	20	0.864	-0.16	19.01	9.702
g	7901	314	870	7	15	0.792	-0.142	14.834	7.65
g	7902	340	870	8	20	0.864	-0.16	19.118	9.702
g	7903	366	870	7	16	0.792	-0.142	14.942	7.65
g	7904	392	870	8	20	0.864	-0.16	18.866	9.702
g	7905	418	870	7	15	0.792	-0.142	14.69	7.65
g	7906	444	870	8	20	0.864	-3.166	15.914	9.702
g	7907	470	870	7	15	0.792	-3.166	11.738	7.65
g	7908	496	870	8	18	1.008	-3.166	14.582	9.774
g	7909	522	870	7	14	0.9	-3.166	10.406	7.92
g	7910	548	870	8	20	1.008	-0.16	19.118	9.774
g	7911	574	870	7	16	0.9	-0.142	14.942	7.92
g	7912	600	870	10	20	1.008	-0.16	19.01	9.774
g	7913	2	898	8	15	0.9	-0.142	14.834	7.92
g	7914	28	898	10	20	1.008	-0.16	19.01	9.774
g	7915	54	898	8	15	0.9	-0.142	14.834	7.92
g	7916	80	898	10	20	1.008	-0.16	19.118	9.774
g	7917	106	898	8	16	0.9	-0.142	14.942	7.92
g	7918	132	898	10	20	1.008	-0.16	18.866	9.774
g	7919	158	898	8	15	0.9	-0.142	14.69	7.92
g	7920	184	898	10	20	1.008	-3.166	15.914	9.774
g	7921	210	898	8	15	0.9	-3.166	11.738	7.92
g	7922	236	898	9	20	0.216	0.002	19.01	8.658
g	7923	262	898	7	18	0.216	-2.608	14.834	7.056
g	7924	288	898	9	18	0.216	-3.166	14.582	8.658
g	7925	314	898	7	14	0.216	-3.166	10.406	7.056
g	7926	340	898	9	20	0.216	0.002	19.118	8.658
g	7927	366	898	7	18	0.216	-2.608	14.942	7.056
g	7928	392	898	9	19	0.216	0.002	18.866	8.658
g	7929	418	898	7	18	0.216	-2.608	14.69	7.056
g	8208	444	898	5	2	0.72	4.502	5.96	5.454
g	8211	470	898	9	2	0.72	4.502	5.96	10.062
g	8212	496	898	18	2	0.72	4.502	5.906	18.54
g	8216	522	898	3	5	0.54	10.424	15.176	3.204
g	8217	548	898	3	5	0.54	9.812	14.582	3.204
g	8218	574	898	3	5	0.54	-2.392	2.378	3.204
g	8220	600	898	6	5	0.54	10.424	15.176	6.372
g	8221	2	926	5	5	0.54	9.812	14.582	5.85
g	8222	28	926	6	5	0.54	-2.392	2.378	6.372
g	8224	54	926	6	15	0.756	0.002	14.456	6.768
g	8225	80	926	6	15	0.63	0.002	14.474	6.858
g	8226	106	926	5	5	1.224	4.898	9.128	6.534
g	8230	132	926	9	3	0.684	0.002	2.144	9.954
g	8240	158	926	22	15	0.666	-0.088	14.69	22.68
g	8242	184	926	3	5	0.54	10.406	14.582	3.096
g	8243	210	926	5	4	0.54	10.766	14.582	5.814
g	8249	236	926	4	10	0.774	0.74	9.884	4.95
g	8250	262	926	4	10	1.08	1.676	10.838	5.256
g	8260	288	926	9	15	-2.88	0.002	14.582	3.294
g	8274	314	926	7	15	1.08	0.002	14.6	8.748
g	8308	340	926	6	9	1.404	7.796	15.986	7.812
g	8353	366	926	8	18	0.864	-1.384	15.914	9.27
g	8355	392	926	7	15	0.072	0.002	14.582	7.038
g	8356	418	926	7	15	0.036	0.002	14.708	7.164
g	8358	444	926	10	15	0.198	0.002	14.582	9.504
g	8359	470	926	19	15	1.134	-0.142	14.582	20.016
g	8361	496	926	12	15	0.648	0.002	14.582	13.122
g	8363	522	926	8	17	0.774	-2.05	14.582	8.172
g	8364	548	926	9	15	-0.18	-0.16	14.708	8.946
g	8365	574	926	10	15	-0.162	0.002	14.582	10.8
g	8366	600	926	7	15	0.27	0.002	14.582	7.434
g	8369	2	954	10	15	0.504	0.002	14.582	10.8
g	8370	28	954	8	18	0.864	-1.384	15.914	9.63
g	8372	54	954	9	15	0.144	-0.16	14.708	8.514
g	8373	80	954	8	18	0.864	-1.384	15.914	9.27
g	8376	106	954	7	15	0.27	0.002	14.582	7.434
g	8377	132	954	9	15	0.576	0.002	14.582	9.144
g	8378	158	954	9	15	0.162	0.002	14.582	9.486
g	8380	184	954	8	15	1.008	0.002	14.582	9.792
g	8381	210	954	9	15	0.504	0.002	14.582	9.018
g	8467	236	954	8	17	1.242	-0.178	16.76	9
g	8470	262	954	15	15	1.17	0.002	14.582	16.866
g	8482	288	954	12	8	0.99	6.644	14.582	13.23
g	8490	314	954	8	15	1.134	0.002	14.582	8.91
g	8491	340	954	9	19	0.342	0.002	18.362	8.856
g	8494	366	954	10	11	0.72	-0.25	10.262	11.322
g	8706	392	954	8	15	0.702	-0.214	14.762	8.586
g	8709	418	954	7	7	0.72	4.016	10.568	8.01
g	8719	444	954	8	18	1.134	-3.418	14.582	10.044
g	8721	470	954	6	18	0.468	-3.418	14.582	7.308
g	8722	496	954	6	2	0.81	6.752	8.21	7.002
g	8725	522	954	6	15	0.522	0.002	14.582	6.642
g	8729	548	954	2	2	0.648	5.798	7.778	3.168
g	8730	574	954	10	15	-0.054	0.002	14.582	9.198
g	8734	600	954	11	6	0.378	2.18	7.796	11.376
g	8747	2	982	6	19	0.234	-3.418	14.762	5.832
g	8776	28	982	7	6	0.63	4.52	10.37	8.046
g	8800	54	982	6	9	0.972	3.368	11.648	7.47
g	8804	80	982	6	9	0.504	3.332	11.756	6.714
g	8805	106	982	6	9	1.044	3.332	11.756	6.714
g	9674	132	982	8	11	0.648	0.002	10.424	8.388
g	10216	158	982	6	18	0.774	-3.544	14.168	6.534
g	10217	184	982	6	18	0.414	-3.544	14.168	6.534
g	64257	210	982	8	15	0.342	0.002	14.042	8.838
g	64258	236	982	8	15	0.342	0.002	14.42	9.27
