atlas	1024	2048	32	38.176	9.248	47.424
g	13	2	2	0	0	0	38.176	38.176	8.96
g	32	44	2	0	0	0	38.176	38.176	8.96
g	33	86	2	4	26	1.6	0.004	25.924	6.656
g	34	128	2	8	8	0.64	17.988	25.924	8.512
g	35	170	2	14	26	1.024	0.004	25.924	15.552
g	36	212	2	14	31	1.248	-2.46	28.292	15.712
g	37	254	2	27	27	1.152	-0.156	26.116	28.512
g	38	296	2	16	27	1.856	-0.284	26.148	19.392
g	39	338	2	4	8	0.64	17.988	25.924	4.064
g	40	380	2	7	33	2.336	-6.204	26.148	9.536
g	41	422	2	7	33	0.928	-6.204	26.148	8.32
g	42	464	2	11	11	1.44	15.012	25.892	12.736
g	43	506	2	12	14	0.8	6.788	19.812	13.28
g	44	548	2	4	8	1.28	-4.188	3.684	5.984
g	45	590	2	8	3	1.28	8.004	10.596	9.696
g	46	632	2	4	4	1.568	0.004	3.812	6.016
g	47	674	2	10	26	0.928	0.004	25.924	11.808
g	48	716	2	13	27	1.856	-0.284	26.148	16.544
g	49	758	2	8	26	0.96	0.004	25.924	12.096
g	50	800	2	13	27	1.312	0.004	26.148	15.296
g	51	2	48	13	27	1.28	-0.284	26.148	15.264
g	52	44	48	14	26	1.28	0.004	25.924	15.456
g	53	86	48	13	27	1.504	-0.252	25.924	15.232
g	54	128	48	13	27	1.856	-0.284	26.148	16.096
g	55	170	48	11	26	0.704	0.004	25.924	12.352
g	56	212	48	13	27	1.6	-0.284	26.148	15.968
g	57	254	48	13	27	1.408	-0.284	26.148	16.064
g	58	296	48	4	14	1.92	3.076	16.932	6.304
g	59	338	48	4	20	1.856	-1.468	18.084	6.88
g	60	380	48	10	14	0.896	6.724	19.94	11.936
g	61	422	48	10	9	1.728	9.156	17.444	13.28
g	62	464	48	10	14	1.856	6.724	19.94	11.936
g	63	506	48	13	27	1.6	0.004	26.148	15.456
g	64	548	48	26	31	1.888	-4.284	25.924	28.928
g	65	590	48	15	26	0.608	0.004	25.924	15.744
g	66	632	48	14	26	2.016	0.004	25.924	16.768
g	67	674	48	14	27	1.536	-0.284	26.148	16.48
g	68	716	48	14	26	2.016	0.004	25.924	16.864
g	69	758	48	11	26	2.016	0.004	25.924	13.024
g	70	800	48	11	26	2.016	0.004	25.924	12.512
g	71	2	94	14	27	1.536	-0.316	26.148	17.12
g	72	44	94	14	26	2.016	0.004	25.924	17.952
g	73	86	94	4	26	2.208	0.004	25.924	7.936
g	74	128	94	8	27	0.224	-0.604	25.924	9.632
g	75	170	94	14	26	2.016	0.004	25.924	15.84
g	76	212	94	11	26	2.016	0.004	25.924	12.704
g	77	254	94	18	26	1.952	0.004	25.924	21.12
g	78	296	94	13	26	2.016	0.004	25.924	16.896
g	79	338	94	15	27	1.536	-0.284	26.148	17.248
g	80	380	94	13	26	2.016	0.004	25.924	15.36
g	81	422	94	15	32	1.536	-5.244	26.148	17.312
g	82	464	94	14	26	2.016	0.004	25.924	16.608
g	83	506	94	14	27	1.248	-0.284	26.148	15.136
g	84	548	94	13	26	0.48	0.004	25.924	13.216
g	85	590	94	14	27	1.792	-0.284	25.924	17.376
g	86	632	94	15	26	0.736	0.004	25.924	16.16
g	87	674	94	22	26	1.152	0.004	25.924	23.328
g	88	716	94	15	26	0.416	0.004	25.924	15.424
g	89	758	94	15	26	0.384	0.004	25.924	15.392
g	90	800	94	12	26	1.216	0.004	25.924	13.344
g	91	2	140	8	32	2.016	-5.884	25.924	10.88
g	92	44	140	10	26	0.928	0.004	25.924	11.808
g	93	86	140	8	32	0.832	-5.884	25.924	9.92
g	94	128	140	13	11	1.088	15.588	25.924	14.176
g	95	170	140	12	3	0	-4.284	-1.692	11.008
g	96	212	140	6	7	1.824	19.588	25.924	8.896
g	97	254	140	12	20	0.8	-0.252	18.756	13.088
g	98	296	140	12	27	1.792	-0.252	25.924	14.304
g	99	338	140	11	20	1.376	-0.252	18.756	13.152
g	100	380	140	12	27	1.376	-0.252	25.924	14.144
g	101	422	140	11	20	1.376	-0.252	18.756	13.472
g	102	464	140	9	25	0.608	0.004	24.996	9.184
g	103	506	140	14	25	0.64	-5.788	18.916	14.112
g	104	548	140	11	26	1.824	0.004	25.924	14.24
g	105	590	140	4	25	1.952	0.004	24.836	7.328
g	106	632	140	7	30	-0.608	-4.668	24.836	7.36
g	107	674	140	12	26	1.792	0.004	25.956	13.728
g	108	716	140	4	26	2.048	0.004	25.924	7.328
g	109	758	140	19	19	1.728	0.004	18.82	21.76
g	110	800	140	11	19	1.728	0.004	18.756	14.048
g	111	2	186	11	20	1.408	-0.252	18.756	13.6
g	112	44	186	12	25	1.728	-6.076	18.756	14.272
g	113	86	186	12	25	1.408	-6.076	18.756	14.176
g	114	128	186	9	19	1.824	0.004	18.724	10.272
g	115	170	186	11	20	0.8	-0.252	18.756	11.968
g	116	212	186	9	25	0.704	-0.252	23.908	9.856
g	117	254	186	11	19	1.6	-0.252	18.5	14.08
g	118	296	186	12	19	0.48	0.004	18.5	12.32
g	119	338	186	18	19	0.896	0.004	18.5	18.816
g	120	380	186	12	19	0.288	0.004	18.5	12.448
g	121	422	186	12	24	0.384	-4.636	18.5	12.544
g	122	464	186	10	19	1.024	0.004	18.5	11.104
g	123	506	186	8	33	1.28	-6.108	26.148	9.6
g	124	548	186	4	31	2.208	-4.732	25.924	7.648
g	125	590	186	8	33	1.408	-6.108	26.148	10.272
g	126	632	186	13	5	1.12	10.98	15.556	14.304
g	160	674	186	0	0	0	38.176	38.176	7.328
g	161	716	186	4	26	1.6	-5.692	20.228	6.656
g	162	758	186	11	24	1.376	-2.524	20.996	12.416
g	163	800	186	12	27	0.064	0.004	26.148	12.736
g	164	2	232	16	16	1.216	5.956	21.124	17.6
g	165	44	232	15	26	0.32	0.004	25.924	14.624
g	166	86	232	3	31	2.016	-4.892	25.924	6.784
g	167	128	232	12	27	1.344	-0.252	26.148	13.664
g	168	170	232	9	4	1.92	22.372	25.924	12.8
g	169	212	232	26	28	0.928	-0.348	26.692	27.584
g	170	254	232	10	17	1.28	10.276	26.308	11.936
g	171	296	232	12	17	0.992	1.316	17.572	14.56
g	172	338	232	11	7	1.28	9.956	16.132	12.384
g	174	380	232	26	27	1.472	-0.412	26.34	28.416
g	175	422	232	7	3	1.472	23.844	25.924	9.088
g	176	464	232	11	11	1.856	15.396	26.148	14.496
g	177	506	232	12	15	0.8	5.924	20.292	13.28
g	178	548	232	10	15	2.432	13.86	28.74	13.504
g	179	590	232	10	16	2.496	13.54	28.74	13.632
g	180	632	232	6	7	1.792	19.588	25.924	8.864
g	181	674	232	11	25	1.632	-5.596	18.5	14.112
g	182	716	232	13	29	1.024	-3.068	25.924	15.744
g	183	758	232	4	4	1.152	10.308	13.828	5.632
g	184	800	232	7	8	2.56	-7.516	0.004	11.264
g	185	2	278	6	15	2.56	13.86	28.42	10.88
g	186	44	278	10	17	1.76	10.244	26.308	13.408
g	187	86	278	12	17	1.824	1.316	17.572	15.392
g	188	128	278	23	26	2.944	0.004	25.924	30.24
g	189	170	278	26	26	1.824	0.004	25.924	30.24
g	190	212	278	25	27	1.888	0.004	26.148	27.968
g	191	254	278	13	27	1.888	-6.044	20.1	15.36
g	192	296	278	15	34	0.608	0.004	33.796	15.744
g	193	338	278	15	34	0.608	0.004	33.796	15.744
g	194	380	278	15	34	0.608	0.004	33.348	15.744
g	195	422	278	15	34	0.608	0.004	33.54	15.744
g	196	464	278	15	34	0.608	0.004	33.348	15.744
g	197	506	278	15	34	0.608	0.004	33.636	15.744
g	198	548	278	21	26	-1.632	0.004	25.924	20.32
g	199	590	278	14	34	1.536	-7.516	26.148	16.48
g	200	632	278	11	34	2.016	0.004	33.796	13.024
g	201	674	278	11	34	2.016	0.004	33.796	13.024
g	202	716	278	11	34	2.016	0.004	33.348	13.024
g	203	758	278	11	34	2.016	0.004	33.348	13.024
g	204	800	278	7	34	-0.384	0.004	33.796	7.936
g	205	2	324	7	34	2.208	0.004	33.796	7.936
g	206	44	324	10	34	-0.544	0.004	33.348	7.936
g	207	86	324	9	34	-0.512	0.004	33.348	7.936
g	208	128	324	15	26	0.448	0.004	25.924	16.576
g	209	170	324	13	34	2.016	0.004	33.54	16.896
g	210	212	324	15	35	1.536	-0.284	33.796	17.248
g	211	254	324	15	35	1.536	-0.284	33.796	17.248
g	212	296	324	15	34	1.536	-0.284	33.348	17.248
g	213	338	324	15	34	1.536	-0.284	33.54	17.248
g	214	380	324	15	34	1.536	-0.284	33.348	17.248
g	215	422	324	10	10	1.568	8.612	17.764	12.256
g	216	464	324	15	31	1.536	-2.364	28.164	17.28
g	217	506	324	14	35	1.792	-0.284	33.796	17.376
g	218	548	324	14	35	1.792	-0.284	33.796	17.376
g	219	590	324	14	34	1.792	-0.284	33.348	17.376
g	220	632	324	14	34	1.792	-0.284	33.348	17.376
g	221	674	324	15	34	0.384	0.004	33.796	15.392
g	222	716	324	14	26	2.016	0.004	25.924	16.096
g	223	758	324	13	27	1.888	-0.284	26.212	16.48
g	224	800	324	12	27	0.8	-0.252	26.372	13.088
g	225	2	370	12	27	0.8	-0.252	26.372	13.088
g	226	44	370	12	27	0.8	-0.252	25.924	13.088
g	227	86	370	12	27	0.8	-0.252	26.116	13.088
g	228	128	370	12	27	0.8	-0.252	25.924	13.088
g	229	170	370	12	27	0.8	-0.252	26.212	13.088
g	230	212	370	19	20	1.344	-0.252	18.756	20.832
g	231	254	370	11	27	1.376	-7.516	18.756	13.152
g	232	296	370	11	27	1.376	-0.252	26.372	13.472
g	233	338	370	11	27	1.376	-0.252	26.372	13.472
g	234	380	370	11	27	1.376	-0.252	25.924	13.472
g	235	422	370	11	27	1.376	-0.252	25.924	13.472
g	236	464	370	7	27	-0.672	0.004	26.372	7.168
g	237	506	370	7	27	1.952	0.004	26.372	7.168
g	238	548	370	10	26	-0.832	0.004	25.924	7.168
g	239	590	370	9	26	-0.8	0.004	25.924	7.168
g	240	632	370	13	27	1.664	-0.284	26.212	15.072
g	241	674	370	11	27	1.728	0.004	26.116	14.048
g	242	716	370	11	27	1.408	-0.252	26.372	13.6
g	243	758	370	11	27	1.408	-0.252	26.372	13.6
g	244	800	370	11	27	1.408	-0.252	25.924	13.6
g	245	2	416	11	27	1.408	-0.252	26.116	13.6
g	246	44	416	11	27	1.408	-0.252	25.924	13.6
g	247	86	416	10	15	0.608	5.988	20.612	11.072
g	248	128	416	11	25	1.408	-3.036	21.38	13.568
g	249	170	416	11	27	1.6	-0.252	26.372	14.08
g	250	212	416	11	27	1.6	-0.252	26.372	14.08
g	251	254	416	11	27	1.6	-0.252	25.924	14.08
g	252	296	416	11	27	1.6	-0.252	25.924	14.08
g	253	338	416	12	32	0.384	-4.636	26.372	12.544
g	254	380	416	12	32	1.76	-6.076	25.924	14.304
g	255	422	416	12	31	0.384	-4.636	25.924	12.544
g	256	464	416	15	32	0.608	0.004	31.428	15.744
g	257	506	416	12	25	0.8	-0.252	24.004	13.088
g	258	548	416	15	33	0.608	0.004	32.292	15.744
g	259	590	416	12	26	0.8	-0.252	24.868	13.088
g	260	632	416	15	34	0.608	-7.388	25.924	15.744
g	261	674	416	12	27	0.8	-7.388	18.756	13.088
g	262	716	416	14	35	1.536	-0.284	33.796	16.48
g	263	758	416	11	27	1.376	-0.252	26.372	13.152
g	264	800	416	14	34	1.536	-0.284	33.348	16.48
g	265	2	462	11	27	1.376	-0.252	25.924	13.152
g	266	44	462	14	33	1.536	-0.284	32.708	16.48
g	267	86	462	11	26	1.376	-0.252	25.284	13.152
g	268	128	462	14	34	1.536	-0.284	33.348	16.48
g	269	170	462	11	27	1.376	-0.252	25.924	13.152
g	270	212	462	14	34	2.016	0.004	33.348	16.864
g	271	254	462	17	27	1.376	-0.252	25.924	16.832
g	272	296	462	15	26	0.544	0.004	25.924	16.928
g	273	338	462	13	27	1.376	-0.252	25.924	14.528
g	274	380	462	11	32	2.016	0.004	31.428	13.024
g	275	422	462	11	25	1.376	-0.252	24.004	13.472
g	276	464	462	11	33	2.016	0.004	32.292	13.024
g	277	506	462	11	26	1.376	-0.252	24.868	13.472
g	278	548	462	11	33	2.016	0.004	32.708	13.024
g	279	590	462	11	26	1.376	-0.252	25.284	13.472
g	280	632	462	11	34	2.016	-7.388	25.924	13.024
g	281	674	462	11	26	1.376	-7.068	18.756	13.472
g	282	716	462	11	34	2.016	0.004	33.348	13.024
g	283	758	462	11	27	1.376	-0.252	25.924	13.472
g	284	800	462	14	34	1.536	-0.316	33.348	17.12
g	285	2	508	14	32	0.64	-5.788	25.924	14.112
g	286	44	508	14	33	1.536	-0.316	32.292	17.12
g	287	86	508	14	31	0.64	-5.788	24.868	14.112
g	288	128	508	14	34	1.536	-0.316	32.708	17.12
g	289	170	508	14	32	0.64	-5.788	25.284	14.112
g	290	212	508	14	36	1.536	-9.18	26.148	17.12
g	291	254	508	14	34	0.64	-5.788	27.652	14.112
g	292	296	508	14	34	2.016	0.004	33.348	17.952
g	293	338	508	14	34	-0.96	0.004	33.348	14.24
g	294	380	508	17	26	0.512	0.004	25.924	17.952
g	295	422	508	13	26	-0.192	0.004	25.924	14.24
g	296	464	508	10	34	-0.832	0.004	33.54	7.936
g	297	506	508	10	27	-1.12	0.004	26.116	7.168
g	298	548	508	7	32	0.896	0.004	31.428	7.936
g	299	590	508	7	24	0.608	0.004	24.004	7.168
g	300	632	508	9	33	-0.224	0.004	32.292	7.936
g	301	674	508	9	25	-0.512	0.004	24.868	7.168
g	302	716	508	7	34	-0.384	-7.388	25.924	7.936
g	303	758	508	7	33	-0.704	-7.388	24.836	7.328
g	304	800	508	4	33	2.208	0.004	32.708	7.936
g	305	2	554	4	19	1.952	0.004	18.5	7.168
g	306	44	554	14	27	2.208	-0.604	25.924	17.568
g	307	86	554	12	30	1.952	-4.668	24.836	14.688
g	308	128	554	11	34	0.224	-0.604	33.348	9.632
g	309	170	554	10	31	-0.608	-4.668	25.924	7.36
g	310	212	554	14	36	2.016	-9.18	25.924	15.84
g	311	254	554	12	36	1.792	-9.18	25.956	13.728
g	312	296	554	12	19	1.888	0.004	18.5	13.76
g	313	338	554	11	34	2.016	0.004	33.796	12.704
g	314	380	554	7	34	2.048	0.004	33.796	7.328
g	315	422	554	11	36	2.016	-9.18	25.924	12.704
g	316	464	554	4	36	2.016	-9.18	25.924	7.328
g	317	506	554	11	26	2.016	0.004	25.924	12.704
g	318	548	554	9	26	2.048	0.004	25.924	9.888
g	319	590	554	11	26	2.016	0.004	25.924	12.704
g	320	632	554	8	26	2.048	0.004	25.924	9.088
g	321	674	554	13	26	-0.192	0.004	25.924	12.704
g	322	716	554	8	26	0.544	0.004	25.924	8.544
g	323	758	554	13	34	2.016	0.004	33.796	16.896
g	324	800	554	11	27	1.728	0.004	26.372	14.048
g	325	2	600	13	36	2.016	-9.18	25.924	16.896
g	326	44	600	11	28	1.728	-9.18	18.756	14.048
g	327	86	600	13	34	2.016	0.004	33.348	16.896
g	328	128	600	11	26	1.728	0.004	25.924	14.048
g	329	170	600	15	28	0.32	0.004	27.204	16.032
g	330	212	600	13	32	2.016	-5.852	25.924	16.992
g	331	254	600	11	25	1.408	-5.884	18.756	12.416
g	332	296	600	15	32	1.536	-0.284	31.428	17.248
g	333	338	600	11	25	1.408	-0.252	24.004	13.6
g	334	380	600	15	33	1.536	-0.284	32.292	17.248
g	335	422	600	11	26	1.408	-0.252	24.868	13.6
g	336	464	600	15	34	1.536	-0.284	33.38	17.248
g	337	506	600	12	27	1.408	-0.252	25.956	13.6
g	338	548	600	20	26	1.536	0.004	25.924	21.856
g	339	590	600	19	20	1.824	-0.252	18.756	21.92
g	340	632	600	14	34	2.016	0.004	33.796	16.608
g	341	674	600	9	27	1.824	0.004	26.372	10.272
g	342	716	600	14	36	2.016	-9.18	25.924	16.608
g	343	758	600	9	28	1.792	-9.18	18.724	10.272
g	344	800	600	14	34	2.016	0.004	33.348	16.608
g	345	2	646	9	26	1.408	0.004	25.924	10.272
g	346	44	646	14	35	1.248	-0.284	33.796	15.136
g	347	86	646	11	27	0.8	-0.252	26.372	11.968
g	348	128	646	14	34	1.248	-0.284	33.348	15.136
g	349	170	646	11	27	0.8	-0.252	25.924	11.968
g	350	212	646	14	34	1.248	-7.516	26.148	15.136
g	351	254	646	11	27	0.8	-7.516	18.756	11.968
g	352	296	646	14	34	1.248	-0.284	33.348	15.136
g	353	338	646	11	27	0.8	-0.252	25.924	11.968
g	354	380	646	13	34	0.48	-7.516	25.924	13.216
g	355	422	646	11	32	0.704	-7.516	23.908	9.856
g	356	464	646	13	34	0.48	0.004	33.348	13.216
g	357	506	646	11	28	0.704	-0.252	27.684	10.592
g	358	548	646	13	26	0.48	0.004	25.924	13.216
g	359	590	646	9	25	0.704	-0.252	23.908	7.808
g	360	632	646	14	34	1.792	-0.284	33.54	17.376
g	361	674	646	11	27	1.6	-0.252	26.116	14.08
g	362	716	646	14	32	1.792	-0.284	31.428	17.376
g	363	758	646	11	25	1.6	-0.252	24.004	14.08
g	364	800	646	14	33	1.792	-0.284	32.292	17.376
g	365	2	692	11	26	1.6	-0.252	24.868	14.08
g	366	44	692	14	34	1.792	-0.284	33.636	17.376
g	367	86	692	11	27	1.6	-0.252	26.212	14.08
g	368	128	692	14	34	1.792	-0.284	33.38	17.376
g	369	170	692	13	27	1.6	-0.252	25.956	14.08
g	370	212	692	14	34	1.792	-7.388	25.924	17.376
g	371	254	692	11	26	1.6	-7.388	18.5	14.08
g	372	296	692	22	34	1.152	0.004	33.348	23.328
g	373	338	692	18	26	0.896	0.004	25.924	18.816
g	374	380	692	15	34	0.384	0.004	33.348	15.392
g	375	422	692	12	31	0.384	-4.636	25.924	12.544
g	376	464	692	15	34	0.384	0.004	33.348	15.392
g	377	506	692	12	34	1.216	0.004	33.796	13.344
g	378	548	692	10	27	1.024	0.004	26.372	11.104
g	379	590	692	12	33	1.216	0.004	32.708	13.344
g	380	632	692	10	26	1.024	0.004	25.284	11.104
g	381	674	692	12	34	1.216	0.004	33.348	13.344
g	382	716	692	10	26	1.024	0.004	25.924	11.104
g	383	758	692	9	25	0.608	0.004	24.996	9.184
g	399	800	692	15	27	1.408	-0.284	26.148	17.12
g	402	2	738	13	29	-0.032	-3.804	24.996	12.16
g	416	44	738	15	29	1.536	-0.284	28.292	17.248
g	417	86	738	11	22	1.408	-0.252	20.868	13.6
g	431	128	738	17	29	1.792	-0.284	28.292	17.376
g	432	170	738	13	22	1.6	-0.252	20.868	14.08
g	439	212	738	13	27	0.96	-0.284	25.924	14.592
g	452	254	738	28	34	2.016	0.004	33.348	30.112
g	453	296	738	26	26	2.016	0.004	25.924	27.968
g	454	338	738	24	27	1.376	-0.252	25.924	25.248
g	455	380	738	19	27	2.016	-0.604	25.924	22.336
g	456	422	738	17	31	2.016	-4.668	25.924	20.064
g	457	464	738	11	31	2.048	-4.668	25.924	14.688
g	458	506	738	23	27	2.016	-0.604	25.924	26.528
g	459	548	738	21	31	2.016	-4.668	25.924	24.256
g	460	590	738	18	30	1.728	-4.668	24.836	21.408
g	461	632	738	15	34	0.608	0.004	33.348	15.744
g	462	674	738	12	27	0.8	-0.252	25.924	13.088
g	467	716	738	14	34	1.792	-0.284	33.348	17.376
g	468	758	738	11	27	1.6	-0.252	25.924	14.08
g	484	800	738	16	27	1.536	-0.316	26.148	17.12
g	485	2	784	15	25	-0.48	-5.724	18.852	13.92
g	486	44	784	14	34	1.536	-0.316	33.348	17.12
g	487	86	784	14	32	0.64	-5.788	25.924	14.112
g	488	128	784	14	34	2.016	0.004	33.348	15.84
g	489	170	784	12	32	1.792	0.004	31.716	13.728
g	490	212	784	15	34	1.536	-7.388	26.148	17.248
g	491	254	784	11	26	1.408	-7.132	18.756	13.6
g	494	296	784	13	34	0.96	-0.284	33.348	14.592
g	495	338	784	13	33	0.96	-6.268	25.924	14.656
g	497	380	784	28	26	2.016	0.004	25.924	30.112
g	498	422	784	26	26	2.016	0.004	25.924	27.968
g	499	464	784	24	27	1.376	-0.252	25.924	25.248
g	500	506	784	14	35	1.536	-0.316	33.796	17.12
g	501	548	784	14	33	0.64	-5.788	26.372	14.112
g	506	590	784	15	42	0.608	0.004	41.508	15.744
g	507	632	784	12	35	0.8	-0.252	34.084	13.088
g	508	674	784	21	34	-1.632	0.004	33.796	20.32
g	509	716	784	19	27	1.344	-0.252	26.372	20.832
g	510	758	784	15	37	1.536	-2.364	33.796	17.28
g	511	800	784	11	30	1.408	-3.036	26.372	13.568
g	512	2	830	15	34	0.608	0.004	33.348	15.744
g	513	44	830	12	27	0.16	-0.252	25.924	13.088
g	514	86	830	15	34	0.608	0.004	33.348	15.744
g	515	128	830	12	27	0.8	-0.252	25.924	13.088
g	516	170	830	12	34	0.864	0.004	33.348	13.024
g	517	212	830	12	27	0.448	-0.252	25.924	13.472
g	518	254	830	11	34	2.016	0.004	33.348	13.024
g	519	296	830	11	27	1.376	-0.252	25.924	13.472
g	520	338	830	10	34	-2.336	0.004	33.348	7.936
g	521	380	830	10	26	-2.624	0.004	25.924	7.168
g	522	422	830	9	34	-0.256	0.004	33.348	7.936
g	523	464	830	9	26	-0.544	0.004	25.924	7.168
g	524	506	830	15	34	1.536	-0.284	33.348	17.248
g	525	548	830	12	27	0.512	-0.252	25.924	13.6
g	526	590	830	15	34	1.536	-0.284	33.348	17.248
g	527	632	830	11	27	1.408	-0.252	25.924	13.6
g	528	674	830	14	34	2.016	0.004	33.348	16.608
g	529	716	830	11	26	-0.416	0.004	25.924	10.272
g	530	758	830	14	34	2.016	0.004	33.348	16.608
g	531	800	830	9	26	1.664	0.004	25.924	10.272
g	532	2	876	14	34	1.792	-0.284	33.348	17.376
g	533	44	876	12	27	0.736	-0.252	25.924	14.08
g	534	86	876	14	34	1.792	-0.284	33.348	17.376
g	535	128	876	11	27	1.6	-0.252	25.924	14.08
g	536	170	876	14	36	1.248	-9.18	26.148	15.136
g	537	212	876	11	28	0.8	-9.18	18.756	11.968
g	538	254	876	13	36	0.48	-9.18	25.924	13.216
g	539	296	876	9	34	0.704	-9.18	23.908	9.856
g	542	338	876	14	34	2.016	0.004	33.348	17.952
g	543	380	876	12	32	1.824	0.004	31.556	14.24
g	554	422	876	15	40	1.536	-0.284	38.852	17.248
g	555	464	876	11	32	1.408	-0.252	31.428	13.6
g	556	506	876	15	39	1.536	-0.284	37.764	17.248
g	557	548	876	11	31	1.408	-0.252	30.34	13.6
g	560	590	876	15	39	1.536	-0.284	38.212	17.248
g	561	632	876	11	32	1.408	-0.252	30.788	13.6
g	562	674	876	15	32	0.384	0.004	31.428	15.392
g	563	716	876	12	29	0.384	-4.636	24.004	12.544
g	567	758	876	7	24	-0.608	-4.668	18.5	7.36
g	601	800	876	11	20	1.376	-0.284	18.756	13.472
g	658	2	922	13	25	0.96	-6.268	18.5	14.656
g	699	44	922	4	9	0.96	18.532	26.98	6.656
g	700	86	922	4	8	0.64	17.988	25.924	11.712
g	710	128	922	10	7	0.992	19.908	25.924	10.976
g	711	170	922	9	6	0.96	20.388	25.924	10.784
g	713	212	922	7	3	1.472	23.844	25.924	9.088
g	728	254	922	9	5	1.376	21.156	25.924	11.136
g	729	296	922	4	4	1.024	20.9	24.484	5.504
g	730	338	922	8	8	1.056	19.076	26.212	9.248
g	731	380	922	7	8	2.56	-7.388	0.004	11.296
g	732	422	922	10	4	1.984	22.404	26.137	13.568
g	733	464	922	10	6	1.728	20.484	25.956	12.8
g	768	506	922	6	7	-4.352	20.036	26.372	0
g	769	548	922	6	7	-0.896	20.036	26.372	0
g	770	590	922	10	6	-4.512	20.324	25.924	0
g	771	632	922	10	4	-4.8	22.404	26.116	0
g	772	674	922	7	3	-3.072	21.924	24.004	0
g	774	716	922	9	5	-4.224	20.516	24.868	0
g	775	758	922	4	4	-1.728	21.476	25.284	0
g	776	800	922	9	4	-4.48	22.372	25.924	0
g	777	2	968	7	7	-2.56	20.356	26.564	0
g	778	44	968	8	8	-3.584	19.076	26.212	0
g	779	86	968	10	6	-2.752	20.484	25.956	0
g	780	128	968	9	6	-4.48	20.388	25.924	0
g	783	170	968	10	6	-6.304	20.484	25.924	0
g	785	212	968	9	5	-4.224	21.156	25.924	0
g	786	254	968	4	8	-1.728	20.484	27.652	0
g	795	296	968	5	5	-0.32	16.708	20.868	0
g	803	338	968	4	4	-1.728	-5.628	-2.012	0
g	804	380	968	9	4	-4.48	-5.564	-2.012	0
g	806	422	968	4	8	-1.76	-9.18	-2.012	0
g	807	464	968	7	8	-1.728	-7.516	0.004	0
g	808	506	968	7	8	-4.384	-7.388	0.004	0
g	814	548	968	9	5	-4.224	-7.58	-3.228	0
g	817	590	968	7	3	-3.072	-6.14	-4.06	0
g	821	632	968	7	3	-3.072	10.404	12.484	0
g	928	674	968	14	26	2.016	0.004	25.924	17.856
g	960	716	968	16	19	0.544	-0.284	18.5	16.864
g	1024	758	968	11	34	2.016	0.004	33.796	13.024
g	1025	800	968	11	34	2.016	0.004	33.348	13.024
g	1026	2	1014	19	27	0.416	-0.284	25.924	20.288
g	1027	44	1014	11	34	2.016	0.004	33.796	12.512
g	1028	86	1014	14	27	1.536	-0.284	26.148	16.096
g	1029	128	1014	14	27	1.248	-0.284	26.148	15.136
g	1030	170	1014	4	26	2.208	0.004	25.924	7.936
g	1031	212	1014	9	34	-0.512	0.004	33.348	7.936
g	1032	254	1014	8	27	0.224	-0.604	25.924	9.632
g	1033	296	1014	26	26	0.448	-0.071	25.924	26.752
g	1034	338	1014	23	26	2.016	0.004	25.956	25.024
g	1035	380	1014	19	26	0.32	0.004	25.924	20.256
g	1036	422	1014	14	34	2.016	0.004	33.796	16.256
g	1037	464	1014	14	34	2.016	0.004	33.796	17.44
g	1038	506	1014	14	37	0.608	-4.7	32.292	14.464
g	1039	548	1014	14	31	2.016	-4.7	25.924	17.504
g	1040	590	1014	15	26	0.608	0.004	25.924	15.744
g	1041	632	1014	13	26	2.016	0.004	25.924	15.808
g	1042	674	1014	14	26	2.016	0.004	25.924	16.768
g	1043	716	1014	11	26	2.016	0.004	25.924	12.512
g	1044	758	1014	20	31	0.352	-4.7	25.924	20.064
g	1045	800	1014	11	26	2.016	0.004	25.924	13.024
g	1046	2	1060	22	26	0.128	0.004	25.924	21.632
g	1047	44	1060	14	27	0.8	-0.284	26.148	15.36
g	1048	86	1060	14	26	2.016	0.004	25.924	17.44
g	1049	128	1060	14	33	2.016	0.004	32.292	17.44
g	1050	170	1060	14	26	2.016	0.004	25.924	16.256
g	1051	212	1060	17	27	0.064	-0.081	25.924	18.592
g	1052	254	1060	18	26	1.952	0.004	25.924	21.12
g	1053	296	1060	14	26	2.016	0.004	25.924	17.952
g	1054	338	1060	15	27	1.536	-0.284	26.148	17.248
g	1055	380	1060	15	26	2.016	0.004	25.924	18.304
g	1056	422	1060	13	26	2.016	0.004	25.924	15.36
g	1057	464	1060	14	27	1.536	-0.284	26.148	16.48
g	1058	506	1060	13	26	0.48	0.004	25.924	13.216
g	1059	548	1060	14	31	0.608	-4.7	25.924	14.464
g	1060	590	1060	19	30	1.536	-1.148	28.26	21.184
g	1061	632	1060	15	26	0.416	0.004	25.924	15.424
g	1062	674	1060	18	31	2.016	-4.7	25.924	19.904
g	1063	716	1060	15	26	1.6	0.004	25.924	17.632
g	1064	758	1060	20	26	2.016	0.004	25.924	24
g	1065	800	1060	23	31	2.016	-4.7	25.924	25.28
g	1066	2	1106	18	26	0.16	0.004	25.924	18.144
g	1067	44	1106	20	26	2.016	0.004	25.924	23.296
g	1068	86	1106	13	26	2.016	0.004	25.924	15.808
g	1069	128	1106	14	27	1.568	0.068	26.532	16.608
g	1070	170	1106	20	27	2.016	-0.284	26.148	23.008
g	1071	212	1106	16	26	0.416	0.004	25.924	17.44
g	1072	254	1106	12	20	0.8	-0.252	18.756	13.088
g	1073	296	1106	11	28	1.664	-0.252	26.98	14.016
g	1074	338	1106	11	19	1.728	0.004	18.5	13.28
g	1075	380	1106	8	19	1.728	0.004	18.5	9.28
g	1076	422	1106	16	24	1.024	-4.7	18.5	16.832
g	1077	464	1106	11	20	1.376	-0.252	18.756	13.472
g	1078	506	1106	19	19	0.128	0.004	18.5	18.528
g	1079	548	1106	11	20	0.928	-0.316	18.756	12
g	1080	590	1106	12	19	1.728	0.004	18.5	14.624
g	1081	632	1106	12	25	1.728	0.004	24.868	14.624
g	1082	674	1106	12	19	1.728	0.004	18.5	13.28
g	1083	716	1106	14	19	0.544	-0.156	18.5	15.52
g	1084	758	1106	14	19	1.632	0.004	18.5	16.928
g	1085	800	1106	12	19	1.728	0.004	18.5	14.688
g	1086	2	1152	11	20	1.408	-0.252	18.756	13.6
g	1087	44	1152	11	19	1.728	0.004	18.5	14.208
g	1088	86	1152	12	25	1.728	-6.076	18.756	14.272
g	1089	128	1152	11	20	1.376	-0.252	18.756	13.152
g	1090	170	1152	11	19	0.352	0.004	18.5	11.072
g	1091	212	1152	12	24	0.384	-4.636	18.5	12.544
g	1092	254	1152	17	32	1.376	-6.076	25.924	19.392
g	1093	296	1152	12	19	0.288	0.004	18.5	12.448
g	1094	338	1152	14	24	1.728	-4.7	18.5	15.584
g	1095	380	1152	11	19	1.184	0.004	18.5	13.856
g	1096	422	1152	17	19	1.728	0.004	18.5	20
g	1097	464	1152	19	24	1.728	-4.7	18.5	20.704
g	1098	506	1152	15	19	-0.128	0.004	18.5	15.36
g	1099	548	1152	17	19	1.728	0.004	18.5	19.936
g	1100	590	1152	11	19	1.728	0.004	18.5	13.28
g	1101	632	1152	11	19	1.344	-0.252	18.724	13.184
g	1102	674	1152	16	20	1.728	-0.252	18.756	18.336
g	1103	716	1152	12	19	0.32	0.004	18.5	13.824
g	1104	758	1152	11	27	1.376	-0.252	26.372	13.472
g	1105	800	1152	11	27	1.376	-0.252	25.924	13.472
g	1106	2	1198	14	31	-0.16	-4.7	25.924	14.624
g	1107	44	1198	9	27	1.728	0.004	26.372	9.28
g	1108	86	1198	11	20	1.408	-0.252	18.756	12.704
g	1109	128	1198	11	20	0.8	-0.252	18.756	11.968
g	1110	170	1198	4	25	1.952	0.004	24.836	7.328
g	1111	212	1198	9	26	-0.8	0.004	25.924	7.168
g	1112	254	1198	7	30	-0.608	-4.668	24.836	7.36
g	1113	296	1198	21	19	0.16	-0.156	18.5	21.088
g	1114	338	1198	18	19	1.728	0.004	18.5	20.16
g	1115	380	1198	14	26	-0.16	0.004	25.924	14.624
g	1116	422	1198	12	27	1.728	0.004	26.372	13.28
g	1117	464	1198	12	27	1.728	0.004	26.372	14.624
g	1118	506	1198	12	30	0.384	-4.636	24.868	12.544
g	1119	548	1198	11	24	1.728	-4.7	18.5	14.272
g	1122	590	1198	16	26	-0.32	0.004	25.924	16.128
g	1123	632	1198	14	26	-0.32	0.004	25.924	13.728
g	1130	674	1198	21	26	0.128	0.004	25.924	20.96
g	1131	716	1198	17	19	0.096	0.004	18.5	16.96
g	1138	758	1198	15	27	1.536	-0.284	26.148	17.28
g	1139	800	1198	11	20	1.408	-0.252	18.756	13.568
g	1140	2	1244	17	27	0.736	0.004	26.436	18.88
g	1141	44	1244	13	19	0.48	0.004	18.916	13.504
g	1162	86	1244	16	37	2.016	-4.7	32.292	18.24
g	1163	128	1244	14	30	1.728	-4.732	24.868	15.776
g	1164	170	1244	16	26	-0.32	0.004	25.924	16.032
g	1165	212	1244	14	26	0.32	0.004	25.924	14.368
g	1166	254	1244	14	26	2.016	0.004	25.924	15.36
g	1167	296	1244	13	25	1.728	-6.076	18.756	14.272
g	1168	338	1244	10	30	2.016	0.004	29.38	12.064
g	1169	380	1244	8	22	1.76	0.004	21.508	9.472
g	1170	422	1244	13	26	0.448	0.004	25.924	13.088
g	1171	464	1244	10	19	0.64	0.004	18.5	10.304
g	1172	506	1244	14	31	2.016	-4.7	25.924	17.216
g	1173	548	1244	11	24	2.016	-4.7	18.5	14.624
g	1174	590	1244	23	31	0.128	-4.7	25.924	22.56
g	1175	632	1244	20	24	0.128	-4.7	18.5	19.104
g	1176	674	1244	14	31	0.8	-4.7	26.148	15.36
g	1177	716	1244	11	24	0.928	-4.7	18.756	12
g	1178	758	1244	15	31	2.016	-4.7	25.924	16.8
g	1179	800	1244	13	24	1.728	-4.7	18.5	14.016
g	1180	2	1290	17	26	2.016	0.004	25.924	19.392
g	1181	44	1290	14	19	1.728	0.004	18.5	15.872
g	1182	86	1290	17	26	-0.512	0.004	25.924	16.256
g	1183	128	1290	14	26	0.576	0.004	25.924	14.72
g	1184	170	1290	19	26	0.672	0.004	25.924	19.104
g	1185	212	1290	15	19	0.352	0.004	18.5	15.36
g	1186	254	1290	17	31	2.016	-4.7	25.924	18.72
g	1187	296	1290	14	24	1.728	-4.7	18.5	15.52
g	1188	338	1290	21	26	2.016	0.004	25.924	22.592
g	1189	380	1290	16	19	1.728	0.004	18.5	17.088
g	1190	422	1290	25	31	2.016	-4.7	25.924	27.872
g	1191	464	1290	19	24	1.728	-4.7	18.5	21.664
g	1192	506	1290	20	27	1.92	-0.284	26.148	22.592
g	1193	548	1290	18	20	1.248	-0.284	18.756	19.744
g	1194	590	1290	14	31	1.536	-4.7	26.148	16.48
g	1195	632	1290	11	24	1.376	-4.7	18.756	13.152
g	1196	674	1290	13	31	0.48	-4.7	25.924	13.216
g	1197	716	1290	11	24	0.352	-4.7	18.5	11.072
g	1198	758	1290	15	26	0.384	0.004	25.924	15.392
g	1199	800	1290	12	24	0.384	-5.468	18.5	12.416
g	1200	2	1336	15	26	0.384	0.004	25.924	15.264
g	1201	44	1336	12	24	0.384	-5.468	18.5	12.576
g	1202	86	1336	16	31	0.416	-4.7	25.924	16.16
g	1203	128	1336	13	24	0.288	-4.7	18.5	13.536
g	1204	170	1336	22	31	0.48	-4.7	25.924	23.072
g	1205	212	1336	18	24	0.352	-4.7	18.5	17.856
g	1206	254	1336	17	31	1.568	-4.7	25.924	18.368
g	1207	296	1336	14	24	1.184	-4.7	18.5	14.656
g	1208	338	1336	15	26	1.6	0.004	25.924	17.952
g	1209	380	1336	12	19	0.576	0.004	18.5	14.176
g	1210	422	1336	15	26	2.016	0.004	25.924	17.6
g	1211	464	1336	11	26	1.824	0.004	25.924	14.24
g	1212	506	1336	21	27	0.512	-0.284	26.148	22.24
g	1213	548	1336	17	20	0.544	-0.252	18.756	17.952
g	1214	590	1336	21	39	0.512	-4.7	33.348	21.92
g	1215	632	1336	17	31	0.544	-4.7	25.924	16.992
g	1216	674	1336	4	26	2.208	0.004	25.924	7.936
g	1217	716	1336	22	33	0.128	0.004	32.292	21.632
g	1218	758	1336	19	25	0.128	0.004	24.868	18.528
g	1219	800	1336	14	31	2.016	-4.7	25.924	16.8
g	1220	2	1382	12	24	1.728	-4.7	18.5	14.752
g	1221	44	1382	19	31	0.064	-4.7	25.924	19.36
g	1222	86	1382	16	24	0.544	-4.7	18.5	16.352
g	1223	128	1382	14	31	2.016	-4.7	25.924	17.952
g	1224	170	1382	12	24	1.728	-4.7	18.5	14.688
g	1225	212	1382	17	31	2.016	-4.7	25.924	18.72
g	1226	254	1382	14	24	1.728	-4.7	18.5	15.52
g	1227	296	1382	15	31	1.568	-4.7	25.924	17.6
g	1228	338	1382	11	24	1.184	-4.7	18.5	13.856
g	1229	380	1382	20	31	1.952	-4.7	25.924	21.952
g	1230	422	1382	16	24	1.632	-4.7	18.5	17.856
g	1231	464	1382	4	26	2.048	0.004	25.924	7.52
g	1232	506	1382	15	33	0.608	0.004	32.292	15.744
g	1233	548	1382	12	26	0.8	-0.252	24.868	13.088
g	1234	590	1382	15	34	0.608	0.004	33.348	15.744
g	1235	632	1382	12	27	0.8	-0.252	25.924	13.088
g	1236	674	1382	21	26	-1.632	0.004	25.924	20.32
g	1237	716	1382	19	20	1.344	-0.252	18.756	20.832
g	1238	758	1382	11	33	2.016	0.004	32.292	13.024
g	1239	800	1382	11	26	1.376	-0.252	24.868	13.472
g	1240	2	1428	15	27	1.408	-0.284	26.148	17.12
g	1241	44	1428	11	20	1.376	-0.284	18.756	13.472
g	1242	86	1428	15	34	1.408	-0.284	33.348	17.12
g	1243	128	1428	11	27	1.376	-0.284	25.924	13.472
g	1244	170	1428	22	34	0.128	0.004	33.348	21.632
g	1245	212	1428	19	26	0.128	0.004	25.924	18.528
g	1246	254	1428	14	34	0.8	-0.284	33.348	15.36
g	1247	296	1428	11	27	0.928	-0.316	25.924	12
g	1248	338	1428	13	27	0.96	-0.284	25.924	14.592
g	1249	380	1428	13	25	0.96	-6.268	18.5	14.656
g	1250	422	1428	14	32	2.016	0.004	31.428	17.44
g	1251	464	1428	12	24	1.728	0.004	24.004	14.624
g	1252	506	1428	14	34	2.016	0.004	33.348	17.44
g	1253	548	1428	12	26	1.728	0.004	25.924	14.624
g	1254	590	1428	15	34	1.536	-0.284	33.348	17.248
g	1255	632	1428	11	27	1.408	-0.252	25.924	13.6
g	1256	674	1428	15	27	1.536	-0.284	26.148	17.28
g	1257	716	1428	11	20	1.408	-0.252	18.756	13.568
g	1258	758	1428	15	34	1.536	-0.284	33.348	17.28
g	1259	800	1428	11	27	1.408	-0.252	25.924	13.568
g	1260	2	1474	14	34	1.568	0.068	33.348	16.608
g	1261	44	1474	11	27	1.344	-0.252	25.924	13.184
g	1262	86	1474	14	37	0.608	-4.7	31.428	14.464
g	1263	128	1474	12	29	0.384	-4.636	24.004	12.544
g	1264	170	1474	14	39	0.608	-4.7	33.348	14.464
g	1265	212	1474	12	31	0.384	-4.636	25.924	12.544
g	1266	254	1474	14	39	0.608	-4.7	33.38	14.464
g	1267	296	1474	13	31	0.384	-4.636	25.956	12.544
g	1268	338	1474	15	34	1.6	0.004	33.348	17.632
g	1269	380	1474	11	26	1.184	0.004	25.924	13.856
g	1270	422	1474	10	31	2.016	-4.7	25.924	12.352
g	1271	464	1474	8	24	1.728	-4.7	18.5	9.28
g	1272	506	1474	20	34	2.016	0.004	33.348	23.296
g	1273	548	1474	17	26	1.728	0.004	25.924	19.936
g	1274	590	1474	13	31	0.448	-4.7	25.924	13.088
g	1275	632	1474	10	24	0.64	-4.7	18.5	11.264
g	1276	674	1474	15	31	0.416	-4.7	25.924	16
g	1277	716	1474	13	24	0.288	-4.7	18.5	13.12
g	1278	758	1474	15	26	0.416	0.004	25.924	15.424
g	1279	800	1474	12	19	0.288	0.004	18.5	12.448
g	1296	2	1520	14	27	1.28	-0.284	26.148	15.36
g	1297	44	1520	11	20	1.024	-0.316	18.756	12
g	1298	86	1520	17	31	0.064	-4.7	25.924	18.592
g	1299	128	1520	14	24	0.544	-4.668	18.5	15.52
g	1308	170	1520	22	26	1.152	0.004	25.924	23.328
g	1309	212	1520	18	19	0.896	0.004	18.5	18.816
g	1316	254	1520	17	31	2.016	-4.7	25.924	18.624
g	1317	296	1520	13	24	1.728	-4.7	18.5	15.04
g	1318	338	1520	17	31	2.016	-4.7	25.924	18.816
g	1319	380	1520	14	31	1.824	-4.7	25.924	15.2
g	1320	422	1520	17	31	0.64	-4.7	25.924	19.392
g	1321	464	1520	17	31	0.64	-4.7	25.924	19.392
g	1326	506	1520	19	31	0.064	-4.7	25.924	19.328
g	1327	548	1520	16	24	0.544	-4.7	18.5	16.352
g	7682	590	1520	14	33	2.016	0.004	32.708	16.768
g	7683	632	1520	12	33	1.792	-0.252	32.708	14.304
g	7690	674	1520	14	33	2.016	0.004	32.708	16.864
g	7691	716	1520	12	33	1.376	-0.252	32.708	14.144
g	7710	758	1520	11	33	2.016	0.004	32.708	12.512
g	7711	800	1520	9	32	0.608	0.004	31.62	9.184
g	7744	2	1566	18	33	1.952	0.004	32.708	21.12
g	7745	44	1566	19	26	1.728	0.004	25.284	21.76
g	7766	86	1566	13	33	2.016	0.004	32.708	15.36
g	7767	128	1566	12	32	1.728	-6.076	25.284	14.272
g	7776	170	1566	14	33	1.248	-0.284	32.708	15.136
g	7777	212	1566	11	26	0.8	-0.252	25.284	11.968
g	7786	254	1566	13	33	0.48	0.004	32.708	13.216
g	7787	296	1566	9	31	0.704	-0.252	30.692	9.856
g	7808	338	1566	22	34	1.152	0.004	33.796	23.328
g	7809	380	1566	18	27	0.896	0.004	26.372	18.816
g	7810	422	1566	22	34	1.152	0.004	33.796	23.328
g	7811	464	1566	18	27	0.896	0.004	26.372	18.816
g	7812	506	1566	22	34	1.152	0.004	33.348	23.328
g	7813	548	1566	18	26	0.896	0.004	25.924	18.816
g	7838	590	1566	15	27	1.792	-0.284	26.148	17.248
g	7840	632	1566	15	32	0.608	-5.628	25.924	15.744
g	7841	674	1566	12	25	0.8	-5.628	18.756	13.088
g	7842	716	1566	15	34	0.608	0.004	33.988	15.744
g	7843	758	1566	12	27	0.8	-0.252	26.564	13.088
g	7844	800	1566	16	35	0.608	0.004	34.756	15.744
g	7845	2	1612	15	28	0.8	-0.252	27.332	13.088
g	7846	44	1612	15	35	0.608	0.004	34.756	15.744
g	7847	86	1612	13	28	0.8	-0.252	27.332	13.088
g	7848	128	1612	16	37	0.608	0.004	36.58	15.744
g	7849	170	1612	14	30	0.8	-0.252	29.156	13.088
g	7850	212	1612	15	38	0.608	0.004	37.892	15.744
g	7851	254	1612	12	31	0.8	-0.252	30.468	13.088
g	7852	296	1612	15	39	0.608	-5.628	32.708	15.744
g	7853	338	1612	12	31	0.8	-5.628	25.284	13.088
g	7854	380	1612	15	38	0.608	0.004	37.028	15.744
g	7855	422	1612	12	30	0.8	-0.252	29.604	13.088
g	7856	464	1612	15	38	0.608	0.004	37.028	15.744
g	7857	506	1612	12	30	0.8	-0.252	29.604	13.088
g	7858	548	1612	15	39	0.608	0.004	38.532	15.744
g	7859	590	1612	12	32	0.8	-0.252	31.108	13.088
g	7860	632	1612	15	38	0.608	0.004	37.572	15.744
g	7861	674	1612	12	31	0.8	-0.252	30.148	13.088
g	7862	716	1612	15	38	0.608	-5.628	32.292	15.744
g	7863	758	1612	12	31	0.8	-5.628	24.868	13.088
g	7864	800	1612	11	32	2.016	-5.628	25.924	13.024
g	7865	2	1658	11	25	1.376	-5.628	18.756	13.472
g	7866	44	1658	11	34	2.016	0.004	33.988	13.024
g	7867	86	1658	11	27	1.376	-0.252	26.564	13.472
g	7868	128	1658	11	34	2.016	0.004	33.54	13.024
g	7869	170	1658	11	27	1.376	-0.252	26.116	13.472
g	7870	212	1658	14	35	2.016	0.004	34.756	13.024
g	7871	254	1658	15	28	1.376	-0.252	27.332	13.472
g	7872	296	1658	13	35	2.016	0.004	34.756	13.024
g	7873	338	1658	13	28	1.376	-0.252	27.332	13.472
g	7874	380	1658	13	37	2.016	0.004	36.58	13.024
g	7875	422	1658	14	30	1.376	-0.252	29.156	13.472
g	7876	464	1658	11	38	2.016	0.004	37.892	13.024
g	7877	506	1658	11	31	1.376	-0.252	30.468	13.472
g	7878	548	1658	11	39	2.016	-5.628	32.708	13.024
g	7879	590	1658	11	31	1.376	-5.628	25.284	13.472
g	7880	632	1658	7	34	1.408	0.004	33.988	7.936
g	7881	674	1658	7	27	1.12	0.004	26.564	7.168
g	7882	716	1658	4	32	2.208	-5.628	25.924	7.936
g	7883	758	1658	4	31	1.952	-5.628	24.836	7.328
g	7884	800	1658	15	32	1.536	-5.628	26.148	17.248
g	7885	2	1704	11	25	1.408	-5.628	18.756	13.6
g	7886	44	1704	15	35	1.536	-0.284	33.988	17.248
g	7887	86	1704	11	27	1.408	-0.252	26.564	13.6
g	7888	128	1704	16	36	1.536	-0.284	34.756	17.248
g	7889	170	1704	15	28	1.408	-0.252	27.332	13.6
g	7890	212	1704	15	36	1.536	-0.284	34.756	17.248
g	7891	254	1704	13	28	1.408	-0.252	27.332	13.6
g	7892	296	1704	15	37	1.536	-0.284	36.58	17.248
g	7893	338	1704	14	30	1.408	-0.252	29.156	13.6
g	7894	380	1704	15	39	1.536	-0.284	37.892	17.248
g	7895	422	1704	11	31	1.408	-0.252	30.468	13.6
g	7896	464	1704	15	39	1.536	-5.628	32.708	17.248
g	7897	506	1704	11	31	1.408	-5.628	25.284	13.6
g	7898	548	1704	15	35	1.536	-0.284	33.796	17.248
g	7899	590	1704	11	27	1.408	-0.252	26.372	13.6
g	7900	632	1704	15	35	1.536	-0.284	33.796	17.248
g	7901	674	1704	11	27	1.408	-0.252	26.372	13.6
g	7902	716	1704	15	35	1.536	-0.284	33.988	17.248
g	7903	758	1704	11	27	1.408	-0.252	26.564	13.6
g	7904	800	1704	15	34	1.536	-0.284	33.54	17.248
g	7905	2	1750	11	27	1.408	-0.252	26.116	13.6
g	7906	44	1750	15	34	1.536	-5.628	28.292	17.248
g	7907	86	1750	11	27	1.408	-5.628	20.868	13.6
g	7908	128	1750	14	32	1.792	-5.628	25.924	17.376
g	7909	170	1750	11	25	1.6	-5.628	18.5	14.08
g	7910	212	1750	14	35	1.792	-0.284	33.988	17.376
g	7911	254	1750	11	27	1.6	-0.252	26.564	14.08
g	7912	296	1750	17	35	1.792	-0.284	33.796	17.376
g	7913	338	1750	13	27	1.6	-0.252	26.372	14.08
g	7914	380	1750	17	35	1.792	-0.284	33.796	17.376
g	7915	422	1750	13	27	1.6	-0.252	26.372	14.08
g	7916	464	1750	17	35	1.792	-0.284	33.988	17.376
g	7917	506	1750	13	27	1.6	-0.252	26.564	14.08
g	7918	548	1750	17	34	1.792	-0.284	33.54	17.376
g	7919	590	1750	13	27	1.6	-0.252	26.116	14.08
g	7920	632	1750	17	34	1.792	-5.628	28.292	17.376
g	7921	674	1750	13	27	1.6	-5.628	20.868	14.08
g	7922	716	1750	15	34	0.384	0.004	33.796	15.392
g	7923	758	1750	12	32	0.384	-4.636	26.372	12.544
g	7924	800	1750	15	32	0.384	-5.628	25.924	15.392
g	7925	2	1796	12	25	0.384	-5.628	18.5	12.544
g	7926	44	1796	15	34	0.384	0.004	33.988	15.392
g	7927	86	1796	12	32	0.384	-4.636	26.564	12.544
g	7928	128	1796	15	34	0.384	0.004	33.54	15.392
g	7929	170	1796	12	31	0.384	-4.636	26.116	12.544
g	8208	212	1796	8	3	1.28	8.004	10.596	9.696
g	8211	254	1796	16	3	1.28	8.004	10.596	17.888
g	8212	296	1796	31	3	1.28	8.004	10.5	32.96
g	8216	338	1796	4	9	0.96	18.532	26.98	5.696
g	8217	380	1796	4	9	0.96	17.444	25.924	5.696
g	8218	422	1796	4	9	0.96	-4.252	4.228	5.696
g	8220	464	1796	10	9	0.96	18.532	26.98	11.328
g	8221	506	1796	9	9	0.96	17.444	25.924	10.4
g	8222	548	1796	10	9	0.96	-4.252	4.228	11.328
g	8224	590	1796	10	26	1.344	0.004	25.7	12.032
g	8225	632	1796	10	26	1.12	0.004	25.732	12.192
g	8226	674	1796	8	8	2.176	8.708	16.228	11.616
g	8230	716	1796	16	4	1.216	0.004	3.812	17.696
g	8240	758	1796	38	27	1.184	-0.156	26.116	40.32
g	8242	800	1796	4	8	0.96	18.5	25.924	5.504
g	8243	2	1842	9	7	0.96	19.14	25.924	10.336
g	8249	44	1842	7	17	1.376	1.316	17.572	8.8
g	8250	86	1842	7	17	1.92	2.98	19.268	9.344
g	8260	128	1842	15	26	-5.12	0.004	25.924	5.856
g	8274	170	1842	12	26	1.92	0.004	25.956	15.552
g	8308	212	1842	10	15	2.496	13.86	28.42	13.888
g	8353	254	1842	14	31	1.536	-2.46	28.292	16.48
g	8355	296	1842	12	26	0.128	0.004	25.924	12.512
g	8356	338	1842	12	27	0.064	0.004	26.148	12.736
g	8358	380	1842	17	26	0.352	0.004	25.924	16.896
g	8359	422	1842	33	27	2.016	-0.252	25.924	35.584
g	8361	464	1842	22	26	1.152	0.004	25.924	23.328
g	8363	506	1842	13	30	1.376	-3.644	25.924	14.528
g	8364	548	1842	16	27	-0.32	-0.284	26.148	15.904
g	8365	590	1842	18	26	-0.288	0.004	25.924	19.2
g	8366	632	1842	13	26	0.48	0.004	25.924	13.216
g	8369	674	1842	17	26	0.896	0.004	25.924	19.2
g	8370	716	1842	14	31	1.536	-2.46	28.292	17.12
g	8372	758	1842	15	27	0.256	-0.284	26.148	15.136
g	8373	800	1842	14	31	1.536	-2.46	28.292	16.48
g	8376	2	1888	13	26	0.48	0.004	25.924	13.216
g	8377	44	1888	15	26	1.024	0.004	25.924	16.256
g	8378	86	1888	16	26	0.288	0.004	25.924	16.864
g	8380	128	1888	14	26	1.792	0.004	25.924	17.408
g	8381	170	1888	15	26	0.896	0.004	25.924	16.032
g	8467	212	1888	14	31	2.208	-0.316	29.796	16
g	8470	254	1888	27	26	2.08	0.004	25.924	29.984
g	8482	296	1888	20	15	1.76	11.812	25.924	23.52
g	8490	338	1888	14	26	2.016	0.004	25.924	15.84
g	8491	380	1888	15	33	0.608	0.004	32.644	15.744
g	8494	422	1888	18	19	1.28	-0.444	18.244	20.128
g	8706	464	1888	13	27	1.248	-0.38	26.244	15.264
g	8709	506	1888	12	12	1.28	7.14	18.788	14.24
g	8719	548	1888	14	32	2.016	-6.076	25.924	17.856
g	8721	590	1888	11	32	0.832	-6.076	25.924	12.992
g	8722	632	1888	10	3	1.44	12.004	14.596	12.448
g	8725	674	1888	10	26	0.928	0.004	25.924	11.808
g	8729	716	1888	4	4	1.152	10.308	13.828	5.632
g	8730	758	1888	17	26	-0.096	0.004	25.924	16.352
g	8734	800	1888	19	10	0.672	3.876	13.86	20.224
g	8747	2	1934	10	33	0.416	-6.076	26.244	10.368
g	8776	44	1934	13	11	1.12	8.036	18.436	14.304
g	8800	86	1934	10	15	1.728	5.988	20.708	13.28
g	8804	128	1934	10	15	0.896	5.924	20.9	11.936
g	8805	170	1934	10	15	1.856	5.924	20.9	11.936
g	9674	212	1934	13	19	1.152	0.004	18.532	14.912
g	10216	254	1934	10	32	1.376	-6.3	25.188	11.616
g	10217	296	1934	10	32	0.736	-6.3	25.188	11.616
g	64257	338	1934	14	25	0.608	0.004	24.964	15.712
g	64258	380	1934	15	26	0.608	0.004	25.636	16.48
