atlas	1024	1024	20	23.86	5.78	29.64
g	13	6	28	0	0	0	0	0	6	0
g	32	39	28	0	0	0	0	0	6	0
g	33	72	11	4	17	0	0	17	4	0
g	34	105	11	6	6	0	11	17	5	0
g	35	138	11	10	17	0	0	17	10	0
g	36	171	10	9	20	0	-2	18	10	0
g	37	204	11	18	18	0	-1	17	18	0
g	38	238	11	10	18	1	-1	17	12	0
g	39	270	11	3	6	0	11	17	3	0
g	40	304	11	5	21	1	-4	17	6	0
g	41	336	11	5	21	0	-4	17	5	0
g	42	369	11	8	8	0	9	17	8	0
g	43	402	15	8	9	0	4	13	8	0
g	44	435	25	4	6	0	-3	3	4	0
g	45	468	21	6	2	0	5	7	6	0
g	46	501	25	4	3	0	0	3	4	0
g	47	534	11	7	17	0	0	17	7	0
g	48	568	11	9	18	1	-1	17	10	0
g	49	600	11	6	17	0	0	17	8	0
g	50	633	11	9	17	0	0	17	10	0
g	51	666	11	9	18	0	-1	17	10	0
g	52	699	11	10	17	0	0	17	10	0
g	53	732	11	9	18	0	-1	17	10	0
g	54	766	11	9	18	1	-1	17	10	0
g	55	798	11	7	17	0	0	17	8	0
g	56	831	11	9	18	0	-1	17	10	0
g	57	864	11	9	18	0	-1	17	10	0
g	58	898	17	3	10	1	1	11	4	0
g	59	931	16	3	13	1	-1	12	4	0
g	60	963	15	7	9	0	4	13	7	0
g	61	997	17	7	6	1	5	11	8	0
g	62	7	51	6	9	1	4	13	7	0
g	63	39	47	9	17	0	0	17	10	0
g	64	73	47	17	20	1	-3	17	18	0
g	65	105	47	10	17	0	0	17	10	0
g	66	139	47	9	17	1	0	17	10	0
g	67	171	47	10	18	0	-1	17	10	0
g	68	205	47	9	17	1	0	17	11	0
g	69	238	47	7	17	1	0	17	8	0
g	70	271	47	7	17	1	0	17	8	0
g	71	303	47	10	18	0	-1	17	11	0
g	72	337	47	9	17	1	0	17	11	0
g	73	370	47	3	17	1	0	17	5	0
g	74	402	47	5	18	0	-1	17	6	0
g	75	436	47	9	17	1	0	17	10	0
g	76	469	47	7	17	1	0	17	8	0
g	77	502	47	11	17	1	0	17	13	0
g	78	535	47	9	17	1	0	17	11	0
g	79	567	47	10	18	0	-1	17	11	0
g	80	601	47	9	17	1	0	17	10	0
g	81	633	47	10	21	0	-4	17	11	0
g	82	667	47	9	17	1	0	17	10	0
g	83	699	47	9	18	0	-1	17	9	0
g	84	732	47	8	17	0	0	17	8	0
g	85	766	47	9	18	1	-1	17	11	0
g	86	798	47	10	17	0	0	17	10	0
g	87	831	47	14	17	0	0	17	15	0
g	88	864	47	10	17	0	0	17	10	0
g	89	897	47	10	17	0	0	17	10	0
g	90	930	47	8	17	0	0	17	8	0
g	91	964	47	5	21	1	-4	17	7	0
g	92	996	47	7	17	0	0	17	7	0
g	93	6	83	5	21	0	-4	17	6	0
g	94	39	83	9	8	0	9	17	9	0
g	95	72	101	7	2	0	-3	-1	7	0
g	96	106	83	4	5	1	12	17	6	0
g	97	138	88	8	13	0	-1	12	8	0
g	98	172	83	8	18	1	-1	17	9	0
g	99	204	88	8	13	0	-1	12	8	0
g	100	237	83	8	18	0	-1	17	9	0
g	101	270	88	8	13	0	-1	12	8	0
g	102	303	84	6	16	0	0	16	6	0
g	103	336	88	10	16	0	-4	12	9	0
g	104	370	83	7	17	1	0	17	9	0
g	105	403	84	3	16	1	0	16	5	0
g	106	434	84	5	19	-1	-3	16	5	0
g	107	469	83	8	17	1	0	17	9	0
g	108	502	83	3	17	1	0	17	5	0
g	109	535	88	12	12	1	0	12	14	0
g	110	568	88	7	12	1	0	12	9	0
g	111	600	88	8	13	0	-1	12	8	0
g	112	634	88	8	16	1	-4	12	9	0
g	113	666	88	8	16	0	-4	12	9	0
g	114	700	88	6	12	1	0	12	6	0
g	115	732	88	7	13	0	-1	12	7	0
g	116	765	85	6	16	0	-1	15	6	0
g	117	798	88	8	13	0	-1	12	9	0
g	118	831	88	8	12	0	0	12	8	0
g	119	864	88	12	12	0	0	12	12	0
g	120	897	88	8	12	0	0	12	8	0
g	121	930	88	8	15	0	-3	12	8	0
g	122	963	88	7	12	0	0	12	7	0
g	123	996	83	6	21	0	-4	17	6	0
g	124	7	119	3	20	1	-3	17	5	0
g	125	39	119	6	21	0	-4	17	6	0
g	126	72	126	9	4	0	6	10	9	0
g	160	105	136	0	0	0	0	0	5	0
g	161	138	123	4	17	0	-4	13	4	0
g	162	171	122	8	16	0	-2	14	8	0
g	163	204	119	8	17	0	0	17	8	0
g	164	237	122	11	11	0	3	14	11	0
g	165	270	119	10	17	0	0	17	9	0
g	166	304	119	2	21	1	-4	17	4	0
g	167	336	119	8	18	0	-1	17	9	0
g	168	370	119	6	4	1	13	17	8	0
g	169	402	119	17	18	0	-1	17	17	0
g	170	435	119	7	11	0	6	17	7	0
g	171	468	125	8	11	0	0	11	9	0
g	172	501	125	8	5	0	6	11	8	0
g	174	534	119	17	18	0	-1	17	18	0
g	175	567	119	5	3	0	14	17	6	0
g	176	601	119	7	8	1	9	17	9	0
g	177	633	123	8	10	0	3	13	8	0
g	178	667	118	7	10	1	8	18	8	0
g	179	700	118	7	10	1	8	18	9	0
g	180	733	119	4	5	1	12	17	6	0
g	181	766	124	7	16	1	-4	12	9	0
g	182	798	119	9	19	0	-2	17	10	0
g	183	831	127	3	3	0	6	9	4	0
g	184	865	135	5	6	1	-5	1	7	0
g	185	898	118	4	10	1	8	18	7	0
g	186	931	119	7	11	1	6	17	8	0
g	187	964	125	8	11	1	0	11	10	0
g	188	997	119	15	17	1	0	17	19	0
g	189	7	155	16	17	1	0	17	19	0
g	190	40	155	16	17	1	0	17	17	0
g	191	73	159	9	17	1	-4	13	10	0
g	192	105	150	10	22	0	0	22	10	0
g	193	138	150	10	22	0	0	22	10	0
g	194	171	151	10	21	0	0	21	10	0
g	195	204	151	10	21	0	0	21	10	0
g	196	237	151	10	21	0	0	21	10	0
g	197	270	150	10	22	0	0	22	10	0
g	198	301	155	15	17	-2	0	17	13	0
g	199	336	155	10	22	0	-5	17	10	0
g	200	370	150	7	22	1	0	22	8	0
g	201	403	150	7	22	1	0	22	8	0
g	202	436	151	7	21	1	0	21	8	0
g	203	469	151	7	21	1	0	21	8	0
g	204	500	150	5	22	-1	0	22	5	0
g	205	535	150	5	22	1	0	22	5	0
g	206	566	151	7	21	-1	0	21	5	0
g	207	599	151	7	21	-1	0	21	5	0
g	208	633	155	10	17	0	0	17	10	0
g	209	667	151	9	21	1	0	21	11	0
g	210	699	150	10	23	0	-1	22	11	0
g	211	732	150	10	23	0	-1	22	11	0
g	212	765	151	10	22	0	-1	21	11	0
g	213	798	151	10	22	0	-1	21	11	0
g	214	831	151	10	22	0	-1	21	11	0
g	215	864	160	7	7	0	5	12	8	0
g	216	897	154	10	20	0	-2	18	11	0
g	217	931	150	9	23	1	-1	22	11	0
g	218	964	150	9	23	1	-1	22	11	0
g	219	997	151	9	22	1	-1	21	11	0
g	220	7	187	9	22	1	-1	21	11	0
g	221	39	186	10	22	0	0	22	10	0
g	222	73	191	9	17	1	0	17	10	0
g	223	106	191	9	18	1	-1	17	10	0
g	224	138	191	8	18	0	-1	17	8	0
g	225	171	191	8	18	0	-1	17	8	0
g	226	204	191	8	18	0	-1	17	8	0
g	227	237	191	8	18	0	-1	17	8	0
g	228	270	191	8	18	0	-1	17	8	0
g	229	303	191	8	18	0	-1	17	8	0
g	230	336	196	13	13	0	-1	12	13	0
g	231	369	196	8	17	0	-5	12	8	0
g	232	402	191	8	18	0	-1	17	8	0
g	233	435	191	8	18	0	-1	17	8	0
g	234	468	191	8	18	0	-1	17	8	0
g	235	501	191	8	18	0	-1	17	8	0
g	236	533	191	5	17	-1	0	17	4	0
g	237	568	191	5	17	1	0	17	4	0
g	238	599	191	7	17	-1	0	17	4	0
g	239	632	191	7	17	-1	0	17	4	0
g	240	667	191	8	18	1	-1	17	9	0
g	241	700	191	7	17	1	0	17	9	0
g	242	732	191	8	18	0	-1	17	8	0
g	243	765	191	8	18	0	-1	17	8	0
g	244	798	191	8	18	0	-1	17	8	0
g	245	831	191	8	18	0	-1	17	8	0
g	246	864	191	8	18	0	-1	17	8	0
g	247	897	195	7	10	0	3	13	7	0
g	248	930	194	8	16	0	-2	14	8	0
g	249	963	191	8	18	0	-1	17	9	0
g	250	996	191	8	18	0	-1	17	9	0
g	251	6	227	8	18	0	-1	17	9	0
g	252	39	227	8	18	0	-1	17	9	0
g	253	72	227	8	20	0	-3	17	8	0
g	254	106	227	8	21	1	-4	17	9	0
g	255	138	227	8	20	0	-3	17	8	0
g	256	171	224	10	20	0	0	20	10	0
g	257	204	228	8	17	0	-1	16	8	0
g	258	237	223	10	21	0	0	21	10	0
g	259	270	228	8	17	0	-1	16	8	0
g	260	303	227	10	22	0	-5	17	10	0
g	261	336	232	8	17	0	-5	12	8	0
g	262	369	222	10	23	0	-1	22	10	0
g	263	402	227	8	18	0	-1	17	8	0
g	264	435	223	10	22	0	-1	21	10	0
g	265	468	227	8	18	0	-1	17	8	0
g	266	501	223	10	22	0	-1	21	10	0
g	267	534	228	8	17	0	-1	16	8	0
g	268	567	223	10	22	0	-1	21	10	0
g	269	600	227	8	18	0	-1	17	8	0
g	270	634	223	9	21	1	0	21	11	0
g	271	666	227	11	18	0	-1	17	11	0
g	272	699	227	10	17	0	0	17	11	0
g	273	732	227	9	18	0	-1	17	9	0
g	274	766	224	7	20	1	0	20	8	0
g	275	798	228	8	17	0	-1	16	8	0
g	276	832	223	7	21	1	0	21	8	0
g	277	864	228	8	17	0	-1	16	8	0
g	278	898	223	7	21	1	0	21	8	0
g	279	930	228	8	17	0	-1	16	8	0
g	280	964	227	7	22	1	-5	17	8	0
g	281	996	232	8	17	0	-5	12	8	0
g	282	7	259	7	21	1	0	21	8	0
g	283	39	263	8	18	0	-1	17	8	0
g	284	72	259	10	22	0	-1	21	11	0
g	285	105	263	10	21	0	-4	17	9	0
g	286	138	259	10	22	0	-1	21	11	0
g	287	171	264	10	20	0	-4	16	9	0
g	288	204	259	10	22	0	-1	21	11	0
g	289	237	264	10	20	0	-4	16	9	0
g	290	270	263	10	23	0	-6	17	11	0
g	291	303	262	10	22	0	-4	18	9	0
g	292	337	259	9	21	1	0	21	11	0
g	293	368	259	9	21	-1	0	21	9	0
g	294	402	263	11	17	0	0	17	11	0
g	295	434	263	9	17	-1	0	17	9	0
g	296	467	259	7	21	-1	0	21	5	0
g	297	500	263	7	17	-1	0	17	4	0
g	298	534	260	5	20	0	0	20	5	0
g	299	567	264	5	16	0	0	16	4	0
g	300	599	259	7	21	-1	0	21	5	0
g	301	632	264	6	16	-1	0	16	4	0
g	302	665	263	5	22	-1	-5	17	5	0
g	303	698	264	5	21	-1	-5	16	5	0
g	304	733	259	3	21	1	0	21	5	0
g	305	766	268	3	12	1	0	12	4	0
g	306	799	263	9	18	1	-1	17	11	0
g	307	832	264	8	19	1	-3	16	9	0
g	308	864	259	7	22	0	-1	21	6	0
g	309	896	263	7	20	-1	-3	17	5	0
g	310	931	263	9	23	1	-6	17	10	0
g	311	964	263	8	23	1	-6	17	9	0
g	312	997	268	8	12	1	0	12	9	0
g	313	7	294	7	22	1	0	22	8	0
g	314	40	294	5	22	1	0	22	5	0
g	315	73	299	7	23	1	-6	17	8	0
g	316	106	299	3	23	1	-6	17	5	0
g	317	139	299	7	17	1	0	17	8	0
g	318	172	299	6	17	1	0	17	6	0
g	319	205	299	7	17	1	0	17	8	0
g	320	238	299	5	17	1	0	17	6	0
g	321	269	299	9	17	-1	0	17	8	0
g	322	303	299	6	17	0	0	17	5	0
g	323	337	294	9	22	1	0	22	11	0
g	324	370	299	7	17	1	0	17	9	0
g	325	403	299	9	23	1	-6	17	11	0
g	326	436	304	7	18	1	-6	12	9	0
g	327	469	295	9	21	1	0	21	11	0
g	328	502	299	7	17	1	0	17	9	0
g	329	534	298	10	18	0	0	18	10	0
g	330	568	299	9	21	1	-4	17	11	0
g	331	600	304	8	16	0	-4	12	8	0
g	332	633	296	10	21	0	-1	20	11	0
g	333	666	300	8	17	0	-1	16	8	0
g	334	699	295	10	22	0	-1	21	11	0
g	335	732	300	8	17	0	-1	16	8	0
g	336	765	295	10	22	0	-1	21	11	0
g	337	798	299	9	18	0	-1	17	8	0
g	338	831	299	14	17	0	0	17	14	0
g	339	865	304	12	13	1	-1	12	14	0
g	340	898	294	9	22	1	0	22	10	0
g	341	931	299	6	17	1	0	17	6	0
g	342	964	299	9	23	1	-6	17	10	0
g	343	997	304	6	18	1	-6	12	6	0
g	344	7	331	9	21	1	0	21	10	0
g	345	39	335	7	17	0	0	17	6	0
g	346	72	330	9	23	0	-1	22	9	0
g	347	105	335	7	18	0	-1	17	7	0
g	348	138	331	9	22	0	-1	21	9	0
g	349	171	335	7	18	0	-1	17	7	0
g	350	204	335	9	22	0	-5	17	9	0
g	351	237	340	7	17	0	-5	12	7	0
g	352	270	331	9	22	0	-1	21	9	0
g	353	303	335	7	18	0	-1	17	7	0
g	354	336	335	8	22	0	-5	17	8	0
g	355	369	337	7	20	0	-5	15	6	0
g	356	402	331	8	21	0	0	21	8	0
g	357	435	334	7	19	0	-1	18	7	0
g	358	468	335	8	17	0	0	17	8	0
g	359	501	337	6	16	0	-1	15	5	0
g	360	535	331	9	22	1	-1	21	11	0
g	361	567	335	8	18	0	-1	17	9	0
g	362	601	332	9	21	1	-1	20	11	0
g	363	633	336	8	17	0	-1	16	9	0
g	364	667	331	9	22	1	-1	21	11	0
g	365	699	336	8	17	0	-1	16	9	0
g	366	733	330	9	23	1	-1	22	11	0
g	367	765	335	8	18	0	-1	17	9	0
g	368	799	331	9	22	1	-1	21	11	0
g	369	831	335	9	18	0	-1	17	9	0
g	370	865	335	9	22	1	-5	17	11	0
g	371	897	340	8	17	0	-5	12	9	0
g	372	930	331	14	21	0	0	21	15	0
g	373	963	335	12	17	0	0	17	12	0
g	374	996	331	10	21	0	0	21	10	0
g	375	6	371	8	20	0	-3	17	8	0
g	376	39	367	10	21	0	0	21	10	0
g	377	72	366	8	22	0	0	22	8	0
g	378	105	371	7	17	0	0	17	7	0
g	379	138	367	8	21	0	0	21	8	0
g	380	171	372	7	16	0	0	16	7	0
g	381	204	367	8	21	0	0	21	8	0
g	382	237	371	7	17	0	0	17	7	0
g	383	270	372	6	16	0	0	16	6	0
g	399	303	371	10	18	0	-1	17	11	0
g	402	335	372	9	19	-1	-3	16	8	0
g	416	369	370	10	19	0	-1	18	11	0
g	417	402	374	8	15	0	-1	14	8	0
g	431	436	370	11	19	1	-1	18	11	0
g	432	468	374	9	15	0	-1	14	9	0
g	439	501	371	9	18	0	-1	17	9	0
g	452	535	367	18	21	1	0	21	19	0
g	453	568	371	17	17	1	0	17	17	0
g	454	600	371	16	18	0	-1	17	16	0
g	455	634	371	12	18	1	-1	17	14	0
g	456	667	371	11	20	1	-3	17	13	0
g	457	700	371	8	20	1	-3	17	9	0
g	458	733	371	15	18	1	-1	17	17	0
g	459	766	371	14	20	1	-3	17	15	0
g	460	799	372	12	19	1	-3	16	13	0
g	461	831	367	10	21	0	0	21	10	0
g	462	864	371	8	18	0	-1	17	8	0
g	467	898	367	9	22	1	-1	21	11	0
g	468	930	371	8	18	0	-1	17	9	0
g	484	963	371	11	18	0	-1	17	11	0
g	485	995	376	10	16	-1	-4	12	9	0
g	486	6	403	10	22	0	-1	21	11	0
g	487	39	407	10	21	0	-4	17	9	0
g	488	73	403	9	21	1	0	21	10	0
g	489	106	404	8	20	1	0	20	9	0
g	490	138	407	10	22	0	-5	17	11	0
g	491	171	412	8	17	0	-5	12	8	0
g	494	204	403	9	22	0	-1	21	9	0
g	495	237	407	9	21	0	-4	17	9	0
g	497	271	407	18	17	1	0	17	19	0
g	498	304	407	17	17	1	0	17	17	0
g	499	336	407	16	18	0	-1	17	16	0
g	500	369	402	10	23	0	-1	22	11	0
g	501	402	407	10	21	0	-4	17	9	0
g	506	435	398	10	26	0	0	26	10	0
g	507	468	402	8	23	0	-1	22	8	0
g	508	499	402	15	22	-2	0	22	13	0
g	509	534	407	13	18	0	-1	17	13	0
g	510	567	402	10	24	0	-2	22	11	0
g	511	600	407	8	19	0	-2	17	8	0
g	512	633	403	10	21	0	0	21	10	0
g	513	666	407	8	18	0	-1	17	8	0
g	514	699	403	10	21	0	0	21	10	0
g	515	732	407	8	18	0	-1	17	8	0
g	516	765	403	8	21	0	0	21	8	0
g	517	798	407	8	18	0	-1	17	8	0
g	518	832	403	7	21	1	0	21	8	0
g	519	864	407	8	18	0	-1	17	8	0
g	520	895	403	7	21	-2	0	21	5	0
g	521	928	407	7	17	-2	0	17	4	0
g	522	962	403	7	21	-1	0	21	5	0
g	523	995	407	6	17	-1	0	17	4	0
g	524	6	439	10	22	0	-1	21	11	0
g	525	39	443	8	18	0	-1	17	8	0
g	526	72	439	10	22	0	-1	21	11	0
g	527	105	443	8	18	0	-1	17	8	0
g	528	139	439	9	21	1	0	21	10	0
g	529	170	443	8	17	-1	0	17	6	0
g	530	205	439	9	21	1	0	21	10	0
g	531	238	443	6	17	1	0	17	6	0
g	532	271	439	9	22	1	-1	21	11	0
g	533	303	443	8	18	0	-1	17	9	0
g	534	337	439	9	22	1	-1	21	11	0
g	535	369	443	8	18	0	-1	17	9	0
g	536	402	443	9	23	0	-6	17	9	0
g	537	435	448	7	18	0	-6	12	7	0
g	538	468	443	8	23	0	-6	17	8	0
g	539	501	445	6	21	0	-6	15	6	0
g	542	535	439	9	21	1	0	21	11	0
g	543	568	440	8	20	1	0	20	9	0
g	554	600	435	10	26	0	-1	25	11	0
g	555	633	440	8	21	0	-1	20	8	0
g	556	666	436	10	25	0	-1	24	11	0
g	557	699	441	8	20	0	-1	19	8	0
g	560	732	436	10	25	0	-1	24	11	0
g	561	765	440	8	21	0	-1	20	8	0
g	562	798	440	10	20	0	0	20	10	0
g	563	831	444	8	19	0	-3	16	8	0
g	567	863	448	5	15	-1	-3	12	5	0
g	601	897	448	8	13	0	-1	12	8	0
g	658	930	448	9	16	0	-4	12	9	0
g	699	963	443	3	6	0	11	17	4	0
g	700	996	443	3	6	0	11	17	7	0
g	710	6	479	7	5	0	12	17	7	0
g	711	39	479	7	5	0	12	17	7	0
g	713	72	479	5	3	0	14	17	6	0
g	728	105	479	7	4	0	13	17	7	0
g	729	138	480	3	3	0	13	16	3	0
g	730	171	479	6	6	0	11	17	6	0
g	731	205	495	5	6	1	-5	1	7	0
g	732	238	479	7	3	1	14	17	8	0
g	733	271	479	6	5	1	12	17	8	0
g	768	300	479	4	5	-3	12	17	0	0
g	769	335	479	4	5	-1	12	17	0	0
g	770	366	479	6	5	-3	12	17	0	0
g	771	399	479	6	3	-3	14	17	0	0
g	772	433	480	4	3	-2	13	16	0	0
g	774	465	480	6	4	-3	12	16	0	0
g	775	499	480	4	3	-2	13	16	0	0
g	776	531	479	6	4	-3	13	17	0	0
g	777	565	479	5	5	-2	12	17	0	0
g	778	597	479	6	6	-3	11	17	0	0
g	779	631	479	7	5	-2	12	17	0	0
g	780	663	479	6	5	-3	12	17	0	0
g	783	695	479	6	5	-4	12	17	0	0
g	785	729	479	6	4	-3	13	17	0	0
g	786	763	478	4	6	-2	12	18	0	0
g	795	797	482	4	4	-1	10	14	0	0
g	803	829	497	4	3	-2	-4	-1	0	0
g	804	861	497	6	3	-3	-4	-1	0	0
g	806	895	497	4	5	-2	-6	-1	0	0
g	807	928	495	5	6	-2	-5	1	0	0
g	808	960	495	5	6	-3	-5	1	0	0
g	814	993	498	6	3	-3	-5	-2	0	0
g	817	4	534	4	2	-2	-4	-2	0	0
g	821	37	524	4	2	-2	6	8	0	0
g	928	73	515	9	17	1	0	17	11	0
g	960	105	520	10	13	0	-1	12	11	0
g	1024	139	510	7	22	1	0	22	8	0
g	1025	172	511	7	21	1	0	21	8	0
g	1026	204	515	12	18	0	-1	17	13	0
g	1027	238	510	7	22	1	0	22	8	0
g	1028	270	515	10	18	0	-1	17	10	0
g	1029	303	515	9	18	0	-1	17	9	0
g	1030	337	515	3	17	1	0	17	5	0
g	1031	368	511	7	21	-1	0	21	5	0
g	1032	402	515	5	18	0	-1	17	6	0
g	1033	435	515	17	18	0	-1	17	17	0
g	1034	469	515	15	17	1	0	17	16	0
g	1035	501	515	12	17	0	0	17	13	0
g	1036	535	510	9	22	1	0	22	10	0
g	1037	568	510	9	22	1	0	22	11	0
g	1038	600	511	9	24	0	-3	21	9	0
g	1039	634	515	9	20	1	-3	17	11	0
g	1040	666	515	10	17	0	0	17	10	0
g	1041	700	515	9	17	1	0	17	10	0
g	1042	733	515	9	17	1	0	17	10	0
g	1043	766	515	7	17	1	0	17	8	0
g	1044	798	515	13	20	0	-3	17	13	0
g	1045	832	515	7	17	1	0	17	8	0
g	1046	864	515	14	17	0	0	17	14	0
g	1047	897	515	9	18	0	-1	17	10	0
g	1048	931	515	9	17	1	0	17	11	0
g	1049	964	511	9	21	1	0	21	11	0
g	1050	997	515	9	17	1	0	17	10	0
g	1051	6	551	11	18	0	-1	17	12	0
g	1052	40	551	11	17	1	0	17	13	0
g	1053	73	551	9	17	1	0	17	11	0
g	1054	105	551	10	18	0	-1	17	11	0
g	1055	139	551	10	17	1	0	17	11	0
g	1056	172	551	9	17	1	0	17	10	0
g	1057	204	551	10	18	0	-1	17	10	0
g	1058	237	551	8	17	0	0	17	8	0
g	1059	270	551	9	20	0	-3	17	9	0
g	1060	303	550	13	19	0	-1	18	13	0
g	1061	336	551	10	17	0	0	17	10	0
g	1062	370	551	11	20	1	-3	17	12	0
g	1063	402	551	10	17	0	0	17	11	0
g	1064	436	551	13	17	1	0	17	15	0
g	1065	469	551	15	20	1	-3	17	16	0
g	1066	501	551	11	17	0	0	17	11	0
g	1067	535	551	13	17	1	0	17	15	0
g	1068	568	551	9	17	1	0	17	10	0
g	1069	600	551	10	17	0	0	17	10	0
g	1070	634	551	13	18	1	-1	17	14	0
g	1071	666	551	10	17	0	0	17	11	0
g	1072	699	556	8	13	0	-1	12	8	0
g	1073	733	551	7	18	1	-1	17	9	0
g	1074	766	556	7	12	1	0	12	8	0
g	1075	799	556	5	12	1	0	12	6	0
g	1076	831	556	11	15	0	-3	12	11	0
g	1077	864	556	8	13	0	-1	12	8	0
g	1078	897	556	12	12	0	0	12	12	0
g	1079	930	556	7	13	0	-1	12	8	0
g	1080	964	556	8	12	1	0	12	9	0
g	1081	997	552	8	16	1	0	16	9	0
g	1082	7	592	8	12	1	0	12	8	0
g	1083	39	592	9	13	0	-1	12	10	0
g	1084	73	592	9	12	1	0	12	11	0
g	1085	106	592	8	12	1	0	12	9	0
g	1086	138	592	8	13	0	-1	12	8	0
g	1087	172	592	7	12	1	0	12	9	0
g	1088	205	592	8	16	1	-4	12	9	0
g	1089	237	592	8	13	0	-1	12	8	0
g	1090	270	592	7	12	0	0	12	7	0
g	1091	303	592	8	15	0	-3	12	8	0
g	1092	336	587	12	21	0	-4	17	12	0
g	1093	369	592	8	12	0	0	12	8	0
g	1094	403	592	9	15	1	-3	12	10	0
g	1095	435	592	8	12	0	0	12	9	0
g	1096	469	592	11	12	1	0	12	12	0
g	1097	502	592	12	15	1	-3	12	13	0
g	1098	533	592	11	12	-1	0	12	10	0
g	1099	568	592	11	12	1	0	12	12	0
g	1100	601	592	7	12	1	0	12	8	0
g	1101	633	592	8	13	0	-1	12	8	0
g	1102	667	592	10	13	1	-1	12	11	0
g	1103	699	592	8	12	0	0	12	9	0
g	1104	732	587	8	18	0	-1	17	8	0
g	1105	765	587	8	18	0	-1	17	8	0
g	1106	797	587	10	20	-1	-3	17	9	0
g	1107	832	587	6	17	1	0	17	6	0
g	1108	864	592	8	13	0	-1	12	8	0
g	1109	897	592	7	13	0	-1	12	7	0
g	1110	931	588	3	16	1	0	16	5	0
g	1111	962	587	7	17	-1	0	17	4	0
g	1112	995	588	5	19	-1	-3	16	5	0
g	1113	6	628	13	13	0	-1	12	13	0
g	1114	40	628	12	12	1	0	12	13	0
g	1115	71	623	10	17	-1	0	17	9	0
g	1116	106	623	8	17	1	0	17	8	0
g	1117	139	623	8	17	1	0	17	9	0
g	1118	171	624	8	19	0	-3	16	8	0
g	1119	205	628	7	15	1	-3	12	9	0
g	1122	236	623	11	17	-1	0	17	10	0
g	1123	269	623	10	17	-1	0	17	9	0
g	1130	303	623	14	17	0	0	17	13	0
g	1131	336	628	11	12	0	0	12	11	0
g	1138	369	623	10	18	0	-1	17	11	0
g	1139	402	628	8	13	0	-1	12	8	0
g	1140	435	623	11	17	0	0	17	12	0
g	1141	468	628	9	12	0	0	12	8	0
g	1162	502	619	11	24	1	-3	21	11	0
g	1163	535	624	9	19	1	-3	16	10	0
g	1164	566	623	11	17	-1	0	17	10	0
g	1165	600	623	9	17	0	0	17	9	0
g	1166	634	623	9	17	1	0	17	10	0
g	1167	667	628	8	16	1	-4	12	9	0
g	1168	700	621	7	19	1	0	19	8	0
g	1169	733	626	5	14	1	0	14	6	0
g	1170	765	623	8	17	0	0	17	8	0
g	1171	798	628	7	12	0	0	12	6	0
g	1172	832	623	9	20	1	-3	17	11	0
g	1173	865	628	8	15	1	-3	12	9	0
g	1174	897	623	14	20	0	-3	17	14	0
g	1175	930	628	13	15	0	-3	12	12	0
g	1176	963	623	9	20	0	-3	17	10	0
g	1177	996	628	7	15	0	-3	12	8	0
g	1178	7	659	10	20	1	-3	17	10	0
g	1179	40	664	8	15	1	-3	12	9	0
g	1180	73	659	11	17	1	0	17	12	0
g	1181	106	664	9	12	1	0	12	10	0
g	1182	137	659	11	17	-1	0	17	10	0
g	1183	171	659	9	17	0	0	17	9	0
g	1184	204	659	12	17	0	0	17	12	0
g	1185	237	664	10	12	0	0	12	10	0
g	1186	271	659	11	20	1	-3	17	12	0
g	1187	304	664	9	15	1	-3	12	10	0
g	1188	337	659	13	17	1	0	17	14	0
g	1189	370	664	10	12	1	0	12	11	0
g	1190	403	659	16	20	1	-3	17	17	0
g	1191	436	664	12	15	1	-3	12	14	0
g	1192	469	659	13	18	1	-1	17	14	0
g	1193	501	664	12	13	0	-1	12	12	0
g	1194	534	659	10	20	0	-3	17	10	0
g	1195	567	664	8	15	0	-3	12	8	0
g	1196	600	659	8	20	0	-3	17	8	0
g	1197	633	664	7	15	0	-3	12	7	0
g	1198	666	659	10	17	0	0	17	10	0
g	1199	699	664	8	16	0	-4	12	8	0
g	1200	732	659	10	17	0	0	17	10	0
g	1201	765	664	8	16	0	-4	12	8	0
g	1202	798	659	10	20	0	-3	17	10	0
g	1203	831	664	9	15	0	-3	12	8	0
g	1204	864	659	14	20	0	-3	17	14	0
g	1205	897	664	11	15	0	-3	12	11	0
g	1206	930	659	12	20	0	-3	17	11	0
g	1207	963	664	9	15	0	-3	12	9	0
g	1208	996	659	10	17	0	0	17	11	0
g	1209	6	700	8	12	0	0	12	9	0
g	1210	40	695	10	17	1	0	17	11	0
g	1211	73	695	7	17	1	0	17	9	0
g	1212	105	695	14	18	0	-1	17	14	0
g	1213	138	700	11	13	0	-1	12	11	0
g	1214	171	691	14	24	0	-3	21	14	0
g	1215	204	695	11	20	0	-3	17	11	0
g	1216	238	695	3	17	1	0	17	5	0
g	1217	270	691	14	21	0	0	21	14	0
g	1218	303	696	12	16	0	0	16	12	0
g	1219	337	695	9	20	1	-3	17	10	0
g	1220	370	700	8	15	1	-3	12	9	0
g	1221	402	695	12	20	0	-3	17	12	0
g	1222	435	700	11	15	0	-3	12	10	0
g	1223	469	695	9	20	1	-3	17	11	0
g	1224	502	700	8	15	1	-3	12	9	0
g	1225	535	695	11	20	1	-3	17	12	0
g	1226	568	700	9	15	1	-3	12	10	0
g	1227	600	695	10	20	0	-3	17	11	0
g	1228	633	700	8	15	0	-3	12	9	0
g	1229	667	695	13	20	1	-3	17	14	0
g	1230	700	700	10	15	1	-3	12	11	0
g	1231	733	695	3	17	1	0	17	5	0
g	1232	765	691	10	21	0	0	21	10	0
g	1233	798	696	8	17	0	-1	16	8	0
g	1234	831	691	10	21	0	0	21	10	0
g	1235	864	695	8	18	0	-1	17	8	0
g	1236	895	695	15	17	-2	0	17	13	0
g	1237	930	700	13	13	0	-1	12	13	0
g	1238	964	691	7	21	1	0	21	8	0
g	1239	996	696	8	17	0	-1	16	8	0
g	1240	6	731	10	18	0	-1	17	11	0
g	1241	39	736	8	13	0	-1	12	8	0
g	1242	72	727	10	22	0	-1	21	11	0
g	1243	105	731	8	18	0	-1	17	8	0
g	1244	138	727	14	21	0	0	21	14	0
g	1245	171	731	12	17	0	0	17	12	0
g	1246	204	727	9	22	0	-1	21	10	0
g	1247	237	731	7	18	0	-1	17	8	0
g	1248	270	731	9	18	0	-1	17	9	0
g	1249	303	736	9	16	0	-4	12	9	0
g	1250	337	728	9	20	1	0	20	11	0
g	1251	370	732	8	16	1	0	16	9	0
g	1252	403	727	9	21	1	0	21	11	0
g	1253	436	731	8	17	1	0	17	9	0
g	1254	468	727	10	22	0	-1	21	11	0
g	1255	501	731	8	18	0	-1	17	8	0
g	1256	534	731	10	18	0	-1	17	11	0
g	1257	567	736	8	13	0	-1	12	8	0
g	1258	600	727	10	22	0	-1	21	11	0
g	1259	633	731	8	18	0	-1	17	8	0
g	1260	666	727	10	21	0	0	21	10	0
g	1261	699	731	8	18	0	-1	17	8	0
g	1262	732	728	9	23	0	-3	20	9	0
g	1263	765	732	8	19	0	-3	16	8	0
g	1264	798	727	9	24	0	-3	21	9	0
g	1265	831	731	8	20	0	-3	17	8	0
g	1266	864	727	9	24	0	-3	21	9	0
g	1267	897	731	9	20	0	-3	17	8	0
g	1268	930	727	10	21	0	0	21	11	0
g	1269	963	731	8	17	0	0	17	9	0
g	1270	997	731	7	20	1	-3	17	8	0
g	1271	7	772	5	15	1	-3	12	6	0
g	1272	40	763	13	21	1	0	21	15	0
g	1273	73	767	11	17	1	0	17	12	0
g	1274	105	767	8	20	0	-3	17	8	0
g	1275	138	772	7	15	0	-3	12	7	0
g	1276	171	767	10	20	0	-3	17	10	0
g	1277	204	772	8	15	0	-3	12	8	0
g	1278	237	767	10	17	0	0	17	10	0
g	1279	270	772	8	12	0	0	12	8	0
g	1296	303	767	10	18	0	-1	17	10	0
g	1297	336	772	7	13	0	-1	12	8	0
g	1298	369	767	11	20	0	-3	17	12	0
g	1299	402	772	9	15	0	-3	12	10	0
g	1308	435	767	14	17	0	0	17	15	0
g	1309	468	772	12	12	0	0	12	12	0
g	1316	502	767	11	20	1	-3	17	12	0
g	1317	535	772	9	15	1	-3	12	9	0
g	1318	568	767	11	20	1	-3	17	12	0
g	1319	601	767	9	20	1	-3	17	10	0
g	1320	633	767	11	20	0	-3	17	12	0
g	1321	666	767	11	20	0	-3	17	12	0
g	1326	699	767	12	20	0	-3	17	12	0
g	1327	732	772	11	15	0	-3	12	10	0
g	7682	766	763	9	21	1	0	21	10	0
g	7683	799	763	8	22	1	-1	21	9	0
g	7690	832	763	9	21	1	0	21	11	0
g	7691	864	763	8	22	0	-1	21	9	0
g	7710	898	763	7	21	1	0	21	8	0
g	7711	930	764	6	20	0	0	20	6	0
g	7744	964	763	11	21	1	0	21	13	0
g	7745	997	768	12	16	1	0	16	14	0
g	7766	7	799	9	21	1	0	21	10	0
g	7767	40	804	8	20	1	-4	16	9	0
g	7776	72	799	9	22	0	-1	21	9	0
g	7777	105	804	7	17	0	-1	16	7	0
g	7786	138	799	8	21	0	0	21	8	0
g	7787	171	800	6	21	0	-1	20	6	0
g	7808	204	798	14	22	0	0	22	15	0
g	7809	237	803	12	17	0	0	17	12	0
g	7810	270	798	14	22	0	0	22	15	0
g	7811	303	803	12	17	0	0	17	12	0
g	7812	336	799	14	21	0	0	21	15	0
g	7813	369	803	12	17	0	0	17	12	0
g	7838	403	803	10	18	1	-1	17	11	0
g	7840	435	803	10	21	0	-4	17	10	0
g	7841	468	808	8	16	0	-4	12	8	0
g	7842	501	798	10	22	0	0	22	10	0
g	7843	534	803	8	18	0	-1	17	8	0
g	7844	567	798	11	22	0	0	22	10	0
g	7845	600	802	10	19	0	-1	18	8	0
g	7846	633	798	10	22	0	0	22	10	0
g	7847	666	802	9	19	0	-1	18	8	0
g	7848	699	797	10	23	0	0	23	10	0
g	7849	732	801	9	20	0	-1	19	8	0
g	7850	765	796	10	24	0	0	24	10	0
g	7851	798	800	8	21	0	-1	20	8	0
g	7852	831	799	10	25	0	-4	21	10	0
g	7853	864	804	8	20	0	-4	16	8	0
g	7854	897	796	10	24	0	0	24	10	0
g	7855	930	801	8	20	0	-1	19	8	0
g	7856	963	796	10	24	0	0	24	10	0
g	7857	996	801	8	20	0	-1	19	8	0
g	7858	6	831	10	25	0	0	25	10	0
g	7859	39	836	8	21	0	-1	20	8	0
g	7860	72	832	10	24	0	0	24	10	0
g	7861	105	837	8	20	0	-1	19	8	0
g	7862	138	835	10	25	0	-4	21	10	0
g	7863	171	840	8	20	0	-4	16	8	0
g	7864	205	839	7	21	1	-4	17	8	0
g	7865	237	844	8	16	0	-4	12	8	0
g	7866	271	834	7	22	1	0	22	8	0
g	7867	303	839	8	18	0	-1	17	8	0
g	7868	337	835	7	21	1	0	21	8	0
g	7869	369	839	8	18	0	-1	17	8	0
g	7870	403	834	9	22	1	0	22	8	0
g	7871	435	838	10	19	0	-1	18	8	0
g	7872	469	834	8	22	1	0	22	8	0
g	7873	501	838	9	19	0	-1	18	8	0
g	7874	535	833	9	23	1	0	23	8	0
g	7875	567	837	10	20	0	-1	19	8	0
g	7876	601	832	7	24	1	0	24	8	0
g	7877	633	836	8	21	0	-1	20	8	0
g	7878	667	835	7	25	1	-4	21	8	0
g	7879	699	840	8	20	0	-4	16	8	0
g	7880	732	834	5	22	0	0	22	5	0
g	7881	765	839	5	17	0	0	17	4	0
g	7882	799	839	3	21	1	-4	17	5	0
g	7883	832	840	3	20	1	-4	16	5	0
g	7884	864	839	10	21	0	-4	17	11	0
g	7885	897	844	8	16	0	-4	12	8	0
g	7886	930	834	10	23	0	-1	22	11	0
g	7887	963	839	8	18	0	-1	17	8	0
g	7888	996	834	11	23	0	-1	22	11	0
g	7889	6	874	10	19	0	-1	18	8	0
g	7890	39	870	10	23	0	-1	22	11	0
g	7891	72	874	9	19	0	-1	18	8	0
g	7892	105	869	11	24	0	-1	23	11	0
g	7893	138	873	10	20	0	-1	19	8	0
g	7894	171	868	10	25	0	-1	24	11	0
g	7895	204	872	8	21	0	-1	20	8	0
g	7896	237	871	10	25	0	-4	21	11	0
g	7897	270	876	8	20	0	-4	16	8	0
g	7898	303	870	10	23	0	-1	22	11	0
g	7899	336	875	8	18	0	-1	17	8	0
g	7900	369	870	10	23	0	-1	22	11	0
g	7901	402	875	8	18	0	-1	17	8	0
g	7902	435	870	10	23	0	-1	22	11	0
g	7903	468	875	8	18	0	-1	17	8	0
g	7904	501	871	10	22	0	-1	21	11	0
g	7905	534	875	8	18	0	-1	17	8	0
g	7906	567	874	10	22	0	-4	18	11	0
g	7907	600	878	8	18	0	-4	14	8	0
g	7908	634	875	9	21	1	-4	17	11	0
g	7909	666	880	8	16	0	-4	12	9	0
g	7910	700	870	9	23	1	-1	22	11	0
g	7911	732	875	8	18	0	-1	17	9	0
g	7912	766	870	11	23	1	-1	22	11	0
g	7913	798	875	9	18	0	-1	17	9	0
g	7914	832	870	11	23	1	-1	22	11	0
g	7915	864	875	9	18	0	-1	17	9	0
g	7916	898	870	11	23	1	-1	22	11	0
g	7917	930	875	9	18	0	-1	17	9	0
g	7918	964	871	11	22	1	-1	21	11	0
g	7919	996	875	9	18	0	-1	17	9	0
g	7920	7	910	11	22	1	-4	18	11	0
g	7921	39	914	9	18	0	-4	14	9	0
g	7922	72	906	10	22	0	0	22	10	0
g	7923	105	911	8	20	0	-3	17	8	0
g	7924	138	911	10	21	0	-4	17	10	0
g	7925	171	916	8	16	0	-4	12	8	0
g	7926	204	906	10	22	0	0	22	10	0
g	7927	237	911	8	20	0	-3	17	8	0
g	7928	270	907	10	21	0	0	21	10	0
g	7929	303	911	8	20	0	-3	17	8	0
g	8208	336	921	6	2	0	5	7	6	0
g	8211	369	921	11	2	0	5	7	11	0
g	8212	402	921	20	2	0	5	7	21	0
g	8216	435	911	3	6	0	11	17	4	0
g	8217	468	911	3	7	0	10	17	4	0
g	8218	501	925	3	6	0	-3	3	4	0
g	8220	534	911	7	6	0	11	17	7	0
g	8221	567	911	6	7	0	10	17	6	0
g	8222	600	925	7	6	0	-3	3	7	0
g	8224	633	911	7	17	0	0	17	8	0
g	8225	666	911	7	17	0	0	17	8	0
g	8226	700	917	5	6	1	5	11	7	0
g	8230	732	925	11	3	0	0	3	11	0
g	8240	765	911	25	18	0	-1	17	25	0
g	8242	798	911	3	6	0	11	17	3	0
g	8243	831	911	6	6	0	11	17	6	0
g	8249	864	917	5	11	0	0	11	6	0
g	8250	898	915	5	12	1	1	13	6	0
g	8260	926	911	11	17	-4	0	17	4	0
g	8274	964	911	8	17	1	0	17	10	0
g	8308	997	910	7	10	1	8	18	9	0
g	8353	6	946	10	20	0	-2	18	10	0
g	8355	39	947	8	17	0	0	17	8	0
g	8356	72	947	8	17	0	0	17	8	0
g	8358	105	947	11	17	0	0	17	11	0
g	8359	139	947	21	18	1	-1	17	22	0
g	8361	171	947	14	17	0	0	17	15	0
g	8363	204	947	9	20	0	-3	17	9	0
g	8364	236	947	11	18	-1	-1	17	10	0
g	8365	269	947	12	17	-1	0	17	12	0
g	8366	303	947	8	17	0	0	17	8	0
g	8369	336	947	11	17	0	0	17	12	0
g	8370	369	946	10	20	0	-2	18	11	0
g	8372	402	947	10	18	0	-1	17	9	0
g	8373	435	946	10	20	0	-2	18	10	0
g	8376	468	947	8	17	0	0	17	8	0
g	8377	501	947	10	17	0	0	17	10	0
g	8378	534	947	10	17	0	0	17	11	0
g	8380	568	947	9	17	1	0	17	11	0
g	8381	600	947	10	17	0	0	17	10	0
g	8467	634	945	9	20	1	-1	19	10	0
g	8470	667	947	17	17	1	0	17	19	0
g	8482	700	947	13	10	1	7	17	15	0
g	8490	733	947	9	17	1	0	17	10	0
g	8491	765	943	10	21	0	0	21	10	0
g	8494	798	952	12	13	0	-1	12	13	0
g	8706	831	947	9	18	0	-1	17	10	0
g	8709	864	952	9	8	0	4	12	9	0
g	8719	898	947	9	21	1	-4	17	11	0
g	8721	930	947	8	21	0	-4	17	8	0
g	8722	963	954	7	3	0	7	10	8	0
g	8725	996	947	7	17	0	0	17	7	0
g	8729	6	991	3	3	0	6	9	4	0
g	8730	38	983	11	17	-1	0	17	10	0
g	8734	72	991	13	7	0	2	9	13	0
g	8747	105	983	6	21	0	-4	17	6	0
g	8776	138	988	9	7	0	5	12	9	0
g	8800	172	987	7	10	1	3	13	8	0
g	8804	204	986	7	11	0	3	14	7	0
g	8805	238	986	6	11	1	3	14	7	0
g	9674	270	988	9	12	0	0	12	9	0
g	10216	303	984	7	20	0	-4	16	7	0
g	10217	336	984	7	20	0	-4	16	7	0
g	64257	369	984	9	16	0	0	16	10	0
g	64258	402	983	10	17	0	0	17	10	0
