atlas	1024	1024	24	28.632	6.936	35.568
g	13	2	2	0	0	0	28.632	28.632	6.72
g	32	35	2	0	0	0	28.632	28.632	6.72
g	33	68	2	3	20	1.2	0.003	19.443	4.992
g	34	101	2	6	6	0.48	13.491	19.443	6.384
g	35	134	2	11	20	0.768	0.003	19.443	11.664
g	36	167	2	10	24	0.936	-1.845	21.219	11.784
g	37	200	2	20	20	0.864	-0.117	19.587	21.384
g	38	233	2	12	20	1.392	-0.213	19.611	14.544
g	39	266	2	3	6	0.48	13.491	19.443	3.048
g	40	299	2	5	25	1.752	-4.653	19.611	7.152
g	41	332	2	5	25	0.696	-4.653	19.611	6.24
g	42	365	2	9	9	1.08	11.259	19.419	9.552
g	43	398	2	9	10	0.6	5.091	14.859	9.96
g	44	431	2	3	6	0.96	-3.141	2.763	4.488
g	45	464	2	6	2	0.96	6.003	7.947	7.272
g	46	497	2	3	3	1.176	0.003	2.859	4.512
g	47	530	2	8	20	0.696	0.003	19.443	8.856
g	48	563	2	10	20	1.392	-0.213	19.611	12.408
g	49	596	2	6	20	0.72	0.003	19.443	9.072
g	50	629	2	10	20	0.984	0.003	19.611	11.472
g	51	662	2	10	20	0.96	-0.213	19.611	11.448
g	52	695	2	11	20	0.96	0.003	19.443	11.592
g	53	728	2	10	20	1.128	-0.189	19.443	11.424
g	54	761	2	10	20	1.392	-0.213	19.611	12.072
g	55	794	2	8	20	0.528	0.003	19.443	9.264
g	56	827	2	10	20	1.2	-0.213	19.611	11.976
g	57	860	2	10	20	1.056	-0.213	19.611	12.048
g	58	893	2	3	11	1.44	2.307	12.699	4.728
g	59	926	2	3	15	1.392	-1.101	13.563	5.16
g	60	959	2	7	10	0.672	5.043	14.955	8.952
g	61	992	2	8	7	1.296	6.867	13.083	9.96
g	62	2	38	7	10	1.392	5.043	14.955	8.952
g	63	35	38	10	20	1.2	0.003	19.611	11.592
g	64	68	38	20	23	1.416	-3.213	19.443	21.696
g	65	101	38	11	20	0.456	0.003	19.443	11.808
g	66	134	38	11	20	1.512	0.003	19.443	12.576
g	67	167	38	11	20	1.152	-0.213	19.611	12.36
g	68	200	38	10	20	1.512	0.003	19.443	12.648
g	69	233	38	8	20	1.512	0.003	19.443	9.768
g	70	266	38	8	20	1.512	0.003	19.443	9.384
g	71	299	38	11	20	1.152	-0.237	19.611	12.84
g	72	332	38	11	20	1.512	0.003	19.443	13.464
g	73	365	38	3	20	1.656	0.003	19.443	5.952
g	74	398	38	6	20	0.168	-0.453	19.443	7.224
g	75	431	38	11	20	1.512	0.003	19.443	11.88
g	76	464	38	8	20	1.512	0.003	19.443	9.528
g	77	497	38	13	20	1.464	0.003	19.443	15.84
g	78	530	38	10	20	1.512	0.003	19.443	12.672
g	79	563	38	11	20	1.152	-0.213	19.611	12.936
g	80	596	38	10	20	1.512	0.003	19.443	11.52
g	81	629	38	11	24	1.152	-3.933	19.611	12.984
g	82	662	38	10	20	1.512	0.003	19.443	12.456
g	83	695	38	10	20	0.936	-0.213	19.611	11.352
g	84	728	38	10	20	0.36	0.003	19.443	9.912
g	85	761	38	11	20	1.344	-0.213	19.443	13.032
g	86	794	38	12	20	0.552	0.003	19.443	12.12
g	87	827	38	16	20	0.864	0.003	19.443	17.496
g	88	860	38	11	20	0.312	0.003	19.443	11.568
g	89	893	38	11	20	0.288	0.003	19.443	11.544
g	90	926	38	9	20	0.912	0.003	19.443	10.008
g	91	959	38	6	24	1.512	-4.413	19.443	8.16
g	92	992	38	8	20	0.696	0.003	19.443	8.856
g	93	2	74	6	24	0.624	-4.413	19.443	7.44
g	94	35	74	10	8	0.816	11.691	19.443	10.632
g	95	68	74	9	2	0	-3.213	-1.269	8.256
g	96	101	74	4	5	1.368	14.691	19.443	6.672
g	97	134	74	9	15	0.6	-0.189	14.067	9.816
g	98	167	74	9	20	1.344	-0.189	19.443	10.728
g	99	200	74	8	15	1.032	-0.189	14.067	9.864
g	100	233	74	9	20	1.032	-0.189	19.443	10.608
g	101	266	74	9	15	1.032	-0.189	14.067	10.104
g	102	299	74	7	19	0.456	0.003	18.747	6.888
g	103	332	74	11	19	0.48	-4.341	14.187	10.584
g	104	365	74	9	20	1.368	0.003	19.443	10.68
g	105	398	74	3	19	1.464	0.003	18.627	5.496
g	106	431	74	5	23	-0.456	-3.501	18.627	5.52
g	107	464	74	9	20	1.344	0.003	19.467	10.296
g	108	497	74	3	20	1.536	0.003	19.443	5.496
g	109	530	74	14	15	1.296	0.003	14.115	16.32
g	110	563	74	9	15	1.296	0.003	14.067	10.536
g	111	596	74	9	15	1.056	-0.189	14.067	10.2
g	112	629	74	9	19	1.296	-4.557	14.067	10.704
g	113	662	74	9	19	1.056	-4.557	14.067	10.632
g	114	695	74	7	15	1.368	0.003	14.043	7.704
g	115	728	74	8	15	0.6	-0.189	14.067	8.976
g	116	761	74	7	19	0.528	-0.189	17.931	7.392
g	117	794	74	9	15	1.2	-0.189	13.875	10.56
g	118	827	74	9	14	0.36	0.003	13.875	9.24
g	119	860	74	13	14	0.672	0.003	13.875	14.112
g	120	893	74	9	14	0.216	0.003	13.875	9.336
g	121	926	74	9	18	0.288	-3.477	13.875	9.408
g	122	959	74	8	14	0.768	0.003	13.875	8.328
g	123	992	74	6	25	0.96	-4.581	19.611	7.2
g	124	2	110	3	23	1.656	-3.549	19.443	5.736
g	125	35	110	6	25	1.056	-4.581	19.611	7.704
g	126	68	110	10	4	0.84	8.235	11.667	10.728
g	160	101	110	0	0	0	28.632	28.632	5.496
g	161	134	110	3	20	1.2	-4.269	15.171	4.992
g	162	167	110	8	18	1.032	-1.893	15.747	9.312
g	163	200	110	9	20	0.048	0.003	19.611	9.552
g	164	233	110	12	12	0.912	4.467	15.843	13.2
g	165	266	110	11	20	0.24	0.003	19.443	10.968
g	166	299	110	3	24	1.512	-3.669	19.443	5.088
g	167	332	110	9	20	1.008	-0.189	19.611	10.248
g	168	365	110	7	3	1.44	16.779	19.443	9.6
g	169	398	110	20	21	0.696	-0.261	20.019	20.688
g	170	431	110	8	13	0.96	7.707	19.731	8.952
g	171	464	110	9	13	0.744	0.987	13.179	10.92
g	172	497	110	8	5	0.96	7.467	12.099	9.288
g	174	530	110	20	21	1.104	-0.309	19.755	21.312
g	175	563	110	5	2	1.104	17.883	19.443	6.816
g	176	596	110	9	9	1.392	11.547	19.611	10.872
g	177	629	110	9	11	0.6	4.443	15.219	9.96
g	178	662	110	8	12	1.824	10.395	21.555	10.128
g	179	695	110	7	12	1.872	10.155	21.555	10.224
g	180	728	110	4	5	1.344	14.691	19.443	6.648
g	181	761	110	9	19	1.224	-4.197	13.875	10.584
g	182	794	110	10	22	0.768	-2.301	19.443	11.808
g	183	827	110	3	3	0.864	7.731	10.371	4.224
g	184	860	110	5	6	1.92	-5.637	0.003	8.448
g	185	893	110	5	11	1.92	10.395	21.315	8.16
g	186	926	110	8	13	1.32	7.683	19.731	10.056
g	187	959	110	9	13	1.368	0.987	13.179	11.544
g	188	992	110	17	20	2.208	0.003	19.443	22.68
g	189	2	146	19	20	1.368	0.003	19.443	22.68
g	190	35	146	19	20	1.416	0.003	19.611	20.976
g	191	68	146	10	20	1.416	-4.533	15.075	11.52
g	192	101	146	11	26	0.456	0.003	25.347	11.808
g	193	134	146	11	26	0.456	0.003	25.347	11.808
g	194	167	146	11	26	0.456	0.003	25.011	11.808
g	195	200	146	11	26	0.456	0.003	25.155	11.808
g	196	233	146	11	26	0.456	0.003	25.011	11.808
g	197	266	146	11	26	0.456	0.003	25.227	11.808
g	198	299	146	16	20	-1.224	0.003	19.443	15.24
g	199	332	146	11	26	1.152	-5.637	19.611	12.36
g	200	365	146	8	26	1.512	0.003	25.347	9.768
g	201	398	146	8	26	1.512	0.003	25.347	9.768
g	202	431	146	8	26	1.512	0.003	25.011	9.768
g	203	464	146	8	26	1.512	0.003	25.011	9.768
g	204	497	146	5	26	-0.288	0.003	25.347	5.952
g	205	530	146	5	26	1.656	0.003	25.347	5.952
g	206	563	146	7	26	-0.408	0.003	25.011	5.952
g	207	596	146	7	26	-0.384	0.003	25.011	5.952
g	208	629	146	12	20	0.336	0.003	19.443	12.432
g	209	662	146	10	26	1.512	0.003	25.155	12.672
g	210	695	146	11	26	1.152	-0.213	25.347	12.936
g	211	728	146	11	26	1.152	-0.213	25.347	12.936
g	212	761	146	11	26	1.152	-0.213	25.011	12.936
g	213	794	146	11	26	1.152	-0.213	25.155	12.936
g	214	827	146	11	26	1.152	-0.213	25.011	12.936
g	215	860	146	7	7	1.176	6.459	13.323	9.192
g	216	893	146	11	23	1.152	-1.773	21.123	12.96
g	217	926	146	11	26	1.344	-0.213	25.347	13.032
g	218	959	146	11	26	1.344	-0.213	25.347	13.032
g	219	992	146	11	26	1.344	-0.213	25.011	13.032
g	220	2	182	11	26	1.344	-0.213	25.011	13.032
g	221	35	182	11	26	0.288	0.003	25.347	11.544
g	222	68	182	11	20	1.512	0.003	19.443	12.072
g	223	101	182	10	20	1.416	-0.213	19.659	12.36
g	224	134	182	9	20	0.6	-0.189	19.779	9.816
g	225	167	182	9	20	0.6	-0.189	19.779	9.816
g	226	200	182	9	20	0.6	-0.189	19.443	9.816
g	227	233	182	9	20	0.6	-0.189	19.587	9.816
g	228	266	182	9	20	0.6	-0.189	19.443	9.816
g	229	299	182	9	20	0.6	-0.189	19.659	9.816
g	230	332	182	14	15	1.008	-0.189	14.067	15.624
g	231	365	182	8	20	1.032	-5.637	14.067	9.864
g	232	398	182	9	20	1.032	-0.189	19.779	10.104
g	233	431	182	9	20	1.032	-0.189	19.779	10.104
g	234	464	182	9	20	1.032	-0.189	19.443	10.104
g	235	497	182	9	20	1.032	-0.189	19.443	10.104
g	236	530	182	5	20	-0.504	0.003	19.779	5.376
g	237	563	182	5	20	1.464	0.003	19.779	5.376
g	238	596	182	7	20	-0.624	0.003	19.443	5.376
g	239	629	182	7	20	-0.6	0.003	19.443	5.376
g	240	662	182	10	20	1.248	-0.213	19.659	11.304
g	241	695	182	9	20	1.296	0.003	19.587	10.536
g	242	728	182	9	20	1.056	-0.189	19.779	10.2
g	243	761	182	9	20	1.056	-0.189	19.779	10.2
g	244	794	182	9	20	1.056	-0.189	19.443	10.2
g	245	827	182	9	20	1.056	-0.189	19.587	10.2
g	246	860	182	9	20	1.056	-0.189	19.443	10.2
g	247	893	182	8	11	0.456	4.491	15.459	8.304
g	248	926	182	9	19	1.056	-2.277	16.035	10.176
g	249	959	182	9	20	1.2	-0.189	19.779	10.56
g	250	992	182	9	20	1.2	-0.189	19.779	10.56
g	251	2	218	9	20	1.2	-0.189	19.443	10.56
g	252	35	218	9	20	1.2	-0.189	19.443	10.56
g	253	68	218	9	24	0.288	-3.477	19.779	9.408
g	254	101	218	9	24	1.32	-4.557	19.443	10.728
g	255	134	218	9	23	0.288	-3.477	19.443	9.408
g	256	167	218	11	24	0.456	0.003	23.571	11.808
g	257	200	218	9	19	0.6	-0.189	18.003	9.816
g	258	233	218	11	25	0.456	0.003	24.219	11.808
g	259	266	218	9	19	0.6	-0.189	18.651	9.816
g	260	299	218	12	25	0.456	-5.541	19.443	11.808
g	261	332	218	9	20	0.6	-5.541	14.067	9.816
g	262	365	218	11	26	1.152	-0.213	25.347	12.36
g	263	398	218	8	20	1.032	-0.189	19.779	9.864
g	264	431	218	11	26	1.152	-0.213	25.011	12.36
g	265	464	218	8	20	1.032	-0.189	19.443	9.864
g	266	497	218	11	25	1.152	-0.213	24.531	12.36
g	267	530	218	8	20	1.032	-0.189	18.963	9.864
g	268	563	218	11	26	1.152	-0.213	25.011	12.36
g	269	596	218	8	20	1.032	-0.189	19.443	9.864
g	270	629	218	10	26	1.512	0.003	25.011	12.648
g	271	662	218	13	20	1.032	-0.189	19.443	12.624
g	272	695	218	12	20	0.408	0.003	19.443	12.696
g	273	728	218	10	20	1.032	-0.189	19.443	10.896
g	274	761	218	8	24	1.512	0.003	23.571	9.768
g	275	794	218	9	19	1.032	-0.189	18.003	10.104
g	276	827	218	8	25	1.512	0.003	24.219	9.768
g	277	860	218	9	19	1.032	-0.189	18.651	10.104
g	278	893	218	8	25	1.512	0.003	24.531	9.768
g	279	926	218	9	20	1.032	-0.189	18.963	10.104
g	280	959	218	8	25	1.512	-5.541	19.443	9.768
g	281	992	218	9	20	1.032	-5.301	14.067	10.104
g	282	2	254	8	26	1.512	0.003	25.011	9.768
g	283	35	254	9	20	1.032	-0.189	19.443	10.104
g	284	68	254	11	26	1.152	-0.237	25.011	12.84
g	285	101	254	11	24	0.48	-4.341	19.443	10.584
g	286	134	254	11	25	1.152	-0.237	24.219	12.84
g	287	167	254	11	23	0.48	-4.341	18.651	10.584
g	288	200	254	11	25	1.152	-0.237	24.531	12.84
g	289	233	254	11	24	0.48	-4.341	18.963	10.584
g	290	266	254	11	27	1.152	-6.885	19.611	12.84
g	291	299	254	11	26	0.48	-4.341	20.739	10.584
g	292	332	254	11	26	1.512	0.003	25.011	13.464
g	293	365	254	11	26	-0.72	0.003	25.011	10.68
g	294	398	254	13	20	0.384	0.003	19.443	13.464
g	295	431	254	10	20	-0.144	0.003	19.443	10.68
g	296	464	254	8	26	-0.624	0.003	25.155	5.952
g	297	497	254	8	20	-0.84	0.003	19.587	5.376
g	298	530	254	5	24	0.672	0.003	23.571	5.952
g	299	563	254	5	18	0.456	0.003	18.003	5.376
g	300	596	254	7	25	-0.168	0.003	24.219	5.952
g	301	629	254	7	19	-0.384	0.003	18.651	5.376
g	302	662	254	5	25	-0.288	-5.541	19.443	5.952
g	303	695	254	5	25	-0.528	-5.541	18.627	5.496
g	304	728	254	3	25	1.656	0.003	24.531	5.952
g	305	761	254	3	14	1.464	0.003	13.875	5.376
g	306	794	254	10	20	1.656	-0.453	19.443	13.176
g	307	827	254	9	23	1.464	-3.501	18.627	11.016
g	308	860	254	8	26	0.168	-0.453	25.011	7.224
g	309	893	254	7	23	-0.456	-3.501	19.443	5.52
g	310	926	254	11	27	1.512	-6.885	19.443	11.88
g	311	959	254	9	27	1.344	-6.885	19.467	10.296
g	312	992	254	9	14	1.416	0.003	13.875	10.32
g	313	2	290	8	26	1.512	0.003	25.347	9.528
g	314	35	290	5	26	1.536	0.003	25.347	5.496
g	315	68	290	8	27	1.512	-6.885	19.443	9.528
g	316	101	290	3	27	1.512	-6.885	19.443	5.496
g	317	134	290	8	20	1.512	0.003	19.443	9.528
g	318	167	290	7	20	1.536	0.003	19.443	7.416
g	319	200	290	8	20	1.512	0.003	19.443	9.528
g	320	233	290	6	20	1.536	0.003	19.443	6.816
g	321	266	290	10	20	-0.144	0.003	19.443	9.528
g	322	299	290	6	20	0.408	0.003	19.443	6.408
g	323	332	290	10	26	1.512	0.003	25.347	12.672
g	324	365	290	9	20	1.296	0.003	19.779	10.536
g	325	398	290	10	27	1.512	-6.885	19.443	12.672
g	326	431	290	9	21	1.296	-6.885	14.067	10.536
g	327	464	290	10	26	1.512	0.003	25.011	12.672
g	328	497	290	9	20	1.296	0.003	19.443	10.536
g	329	530	290	11	21	0.24	0.003	20.403	12.024
g	330	563	290	10	24	1.512	-4.389	19.443	12.744
g	331	596	290	9	19	1.056	-4.413	14.067	9.312
g	332	629	290	11	24	1.152	-0.213	23.571	12.936
g	333	662	290	9	19	1.056	-0.189	18.003	10.2
g	334	695	290	11	25	1.152	-0.213	24.219	12.936
g	335	728	290	9	19	1.056	-0.189	18.651	10.2
g	336	761	290	11	26	1.152	-0.213	25.035	12.936
g	337	794	290	9	20	1.056	-0.189	19.467	10.2
g	338	827	290	15	20	1.152	0.003	19.443	16.392
g	339	860	290	14	15	1.368	-0.189	14.067	16.44
g	340	893	290	10	26	1.512	0.003	25.347	12.456
g	341	926	290	7	20	1.368	0.003	19.779	7.704
g	342	959	290	10	27	1.512	-6.885	19.443	12.456
g	343	992	290	7	21	1.344	-6.885	14.043	7.704
g	344	2	326	10	26	1.512	0.003	25.011	12.456
g	345	35	326	7	20	1.056	0.003	19.443	7.704
g	346	68	326	10	26	0.936	-0.213	25.347	11.352
g	347	101	326	8	20	0.6	-0.189	19.779	8.976
g	348	134	326	10	26	0.936	-0.213	25.011	11.352
g	349	167	326	8	20	0.6	-0.189	19.443	8.976
g	350	200	326	10	26	0.936	-5.637	19.611	11.352
g	351	233	326	8	20	0.6	-5.637	14.067	8.976
g	352	266	326	10	26	0.936	-0.213	25.011	11.352
g	353	299	326	8	20	0.6	-0.189	19.443	8.976
g	354	332	326	10	26	0.36	-5.637	19.443	9.912
g	355	365	326	8	24	0.528	-5.637	17.931	7.392
g	356	398	326	10	26	0.36	0.003	25.011	9.912
g	357	431	326	8	21	0.528	-0.189	20.763	7.944
g	358	464	326	10	20	0.36	0.003	19.443	9.912
g	359	497	326	7	19	0.528	-0.189	17.931	5.856
g	360	530	326	11	26	1.344	-0.213	25.155	13.032
g	361	563	326	9	20	1.2	-0.189	19.587	10.56
g	362	596	326	11	24	1.344	-0.213	23.571	13.032
g	363	629	326	9	19	1.2	-0.189	18.003	10.56
g	364	662	326	11	25	1.344	-0.213	24.219	13.032
g	365	695	326	9	19	1.2	-0.189	18.651	10.56
g	366	728	326	11	26	1.344	-0.213	25.227	13.032
g	367	761	326	9	20	1.2	-0.189	19.659	10.56
g	368	794	326	11	26	1.344	-0.213	25.035	13.032
g	369	827	326	10	20	1.2	-0.189	19.467	10.56
g	370	860	326	11	25	1.344	-5.541	19.443	13.032
g	371	893	326	9	20	1.2	-5.541	13.875	10.56
g	372	926	326	16	26	0.864	0.003	25.011	17.496
g	373	959	326	13	20	0.672	0.003	19.443	14.112
g	374	992	326	11	26	0.288	0.003	25.011	11.544
g	375	2	362	9	23	0.288	-3.477	19.443	9.408
g	376	35	362	11	26	0.288	0.003	25.011	11.544
g	377	68	362	9	26	0.912	0.003	25.347	10.008
g	378	101	362	8	20	0.768	0.003	19.779	8.328
g	379	134	362	9	25	0.912	0.003	24.531	10.008
g	380	167	362	8	19	0.768	0.003	18.963	8.328
g	381	200	362	9	26	0.912	0.003	25.011	10.008
g	382	233	362	8	20	0.768	0.003	19.443	8.328
g	383	266	362	7	19	0.456	0.003	18.747	6.888
g	399	299	362	11	20	1.056	-0.213	19.611	12.84
g	402	332	362	10	22	-0.024	-2.853	18.747	9.12
g	416	365	362	11	22	1.152	-0.213	21.219	12.936
g	417	398	362	9	16	1.056	-0.189	15.651	10.2
g	431	431	362	13	22	1.344	-0.213	21.219	13.032
g	432	464	362	10	16	1.2	-0.189	15.651	10.56
g	439	497	362	10	20	0.72	-0.213	19.443	10.944
g	452	530	362	21	26	1.512	0.003	25.011	22.584
g	453	563	362	19	20	1.512	0.003	19.443	20.976
g	454	596	362	18	20	1.032	-0.189	19.443	18.936
g	455	629	362	14	20	1.512	-0.453	19.443	16.752
g	456	662	362	13	23	1.512	-3.501	19.443	15.048
g	457	695	362	9	23	1.536	-3.501	19.443	11.016
g	458	728	362	17	20	1.512	-0.453	19.443	19.896
g	459	761	362	16	23	1.512	-3.501	19.443	18.192
g	460	794	362	14	23	1.296	-3.501	18.627	16.056
g	461	827	362	11	26	0.456	0.003	25.011	11.808
g	462	860	362	9	20	0.6	-0.189	19.443	9.816
g	467	893	362	11	26	1.344	-0.213	25.011	13.032
g	468	926	362	9	20	1.2	-0.189	19.443	10.56
g	484	959	362	12	20	1.152	-0.237	19.611	12.84
g	485	992	362	12	19	-0.36	-4.293	14.139	10.44
g	486	2	398	11	26	1.152	-0.237	25.011	12.84
g	487	35	398	11	24	0.48	-4.341	19.443	10.584
g	488	68	398	11	26	1.512	0.003	25.011	11.88
g	489	101	398	9	24	1.344	0.003	23.787	10.296
g	490	134	398	11	26	1.152	-5.541	19.611	12.936
g	491	167	398	9	20	1.056	-5.349	14.067	10.2
g	494	200	398	10	26	0.72	-0.213	25.011	10.944
g	495	233	398	10	25	0.72	-4.701	19.443	10.992
g	497	266	398	21	20	1.512	0.003	19.443	22.584
g	498	299	398	19	20	1.512	0.003	19.443	20.976
g	499	332	398	18	20	1.032	-0.189	19.443	18.936
g	500	365	398	11	26	1.152	-0.237	25.347	12.84
g	501	398	398	11	25	0.48	-4.341	19.779	10.584
g	506	431	398	11	32	0.456	0.003	31.131	11.808
g	507	464	398	9	26	0.6	-0.189	25.563	9.816
g	508	497	398	16	26	-1.224	0.003	25.347	15.24
g	509	530	398	14	20	1.008	-0.189	19.779	15.624
g	510	563	398	11	28	1.152	-1.773	25.347	12.96
g	511	596	398	9	23	1.056	-2.277	19.779	10.176
g	512	629	398	11	26	0.456	0.003	25.011	11.808
g	513	662	398	9	20	0.12	-0.189	19.443	9.816
g	514	695	398	11	26	0.456	0.003	25.011	11.808
g	515	728	398	9	20	0.6	-0.189	19.443	9.816
g	516	761	398	9	26	0.648	0.003	25.011	9.768
g	517	794	398	9	20	0.336	-0.189	19.443	10.104
g	518	827	398	8	26	1.512	0.003	25.011	9.768
g	519	860	398	9	20	1.032	-0.189	19.443	10.104
g	520	893	398	8	26	-1.752	0.003	25.011	5.952
g	521	926	398	8	20	-1.968	0.003	19.443	5.376
g	522	959	398	7	26	-0.192	0.003	25.011	5.952
g	523	992	398	7	20	-0.408	0.003	19.443	5.376
g	524	2	434	11	26	1.152	-0.213	25.011	12.936
g	525	35	434	9	20	0.384	-0.189	19.443	10.2
g	526	68	434	11	26	1.152	-0.213	25.011	12.936
g	527	101	434	9	20	1.056	-0.189	19.443	10.2
g	528	134	434	10	26	1.512	0.003	25.011	12.456
g	529	167	434	8	20	-0.312	0.003	19.443	7.704
g	530	200	434	10	26	1.512	0.003	25.011	12.456
g	531	233	434	7	20	1.248	0.003	19.443	7.704
g	532	266	434	11	26	1.344	-0.213	25.011	13.032
g	533	299	434	9	20	0.552	-0.189	19.443	10.56
g	534	332	434	11	26	1.344	-0.213	25.011	13.032
g	535	365	434	9	20	1.2	-0.189	19.443	10.56
g	536	398	434	10	27	0.936	-6.885	19.611	11.352
g	537	431	434	8	21	0.6	-6.885	14.067	8.976
g	538	464	434	10	27	0.36	-6.885	19.443	9.912
g	539	497	434	7	25	0.528	-6.885	17.931	7.392
g	542	530	434	11	26	1.512	0.003	25.011	13.464
g	543	563	434	9	24	1.368	0.003	23.667	10.68
g	554	596	434	11	30	1.152	-0.213	29.139	12.936
g	555	629	434	9	24	1.056	-0.189	23.571	10.2
g	556	662	434	11	29	1.152	-0.213	28.323	12.936
g	557	695	434	9	23	1.056	-0.189	22.755	10.2
g	560	728	434	11	29	1.152	-0.213	28.659	12.936
g	561	761	434	9	24	1.056	-0.189	23.091	10.2
g	562	794	434	11	24	0.288	0.003	23.571	11.544
g	563	827	434	9	22	0.288	-3.477	18.003	9.408
g	567	860	434	5	18	-0.456	-3.501	13.875	5.52
g	601	893	434	9	15	1.032	-0.213	14.067	10.104
g	658	926	434	10	19	0.72	-4.701	13.875	10.992
g	699	959	434	3	7	0.72	13.899	20.235	4.992
g	700	992	434	3	6	0.48	13.491	19.443	8.784
g	710	2	470	7	5	0.744	14.931	19.443	8.232
g	711	35	470	7	5	0.72	15.291	19.443	8.088
g	713	68	470	5	2	1.104	17.883	19.443	6.816
g	728	101	470	7	4	1.032	15.867	19.443	8.352
g	729	134	470	3	3	0.768	15.675	18.363	4.128
g	730	167	470	6	6	0.792	14.307	19.659	6.936
g	731	200	470	5	6	1.92	-5.541	0.003	8.472
g	732	233	470	8	3	1.488	16.803	19.603	10.176
g	733	266	470	8	5	1.296	15.363	19.467	9.6
g	768	299	470	4	5	-3.264	15.027	19.779	0
g	769	332	470	4	5	-0.672	15.027	19.779	0
g	770	365	470	7	5	-3.384	15.243	19.443	0
g	771	398	470	8	3	-3.6	16.803	19.587	0
g	772	431	470	5	2	-2.304	16.443	18.003	0
g	774	464	470	7	4	-3.168	15.387	18.651	0
g	775	497	470	3	3	-1.296	16.107	18.963	0
g	776	530	470	7	3	-3.36	16.779	19.443	0
g	777	563	470	5	5	-1.92	15.267	19.923	0
g	778	596	470	6	6	-2.688	14.307	19.659	0
g	779	629	470	8	5	-2.064	15.363	19.467	0
g	780	662	470	7	5	-3.36	15.291	19.443	0
g	783	695	470	8	5	-4.728	15.363	19.443	0
g	785	728	470	7	4	-3.168	15.867	19.443	0
g	786	761	470	3	6	-1.296	15.363	20.739	0
g	795	794	470	4	4	-0.24	12.531	15.651	0
g	803	827	470	3	3	-1.296	-4.221	-1.509	0
g	804	860	470	7	3	-3.36	-4.173	-1.509	0
g	806	893	470	3	6	-1.32	-6.885	-1.509	0
g	807	926	470	5	6	-1.296	-5.637	0.003	0
g	808	959	470	5	6	-3.288	-5.541	0.003	0
g	814	992	470	7	4	-3.168	-5.685	-2.421	0
g	817	2	506	5	2	-2.304	-4.605	-3.045	0
g	821	35	506	5	2	-2.304	7.803	9.363	0
g	928	68	506	11	20	1.512	0.003	19.443	13.392
g	960	101	506	12	15	0.408	-0.213	13.875	12.648
g	1024	134	506	8	26	1.512	0.003	25.347	9.768
g	1025	167	506	8	26	1.512	0.003	25.011	9.768
g	1026	200	506	14	20	0.312	-0.213	19.443	15.216
g	1027	233	506	8	26	1.512	0.003	25.347	9.384
g	1028	266	506	11	20	1.152	-0.213	19.611	12.072
g	1029	299	506	10	20	0.936	-0.213	19.611	11.352
g	1030	332	506	3	20	1.656	0.003	19.443	5.952
g	1031	365	506	7	26	-0.384	0.003	25.011	5.952
g	1032	398	506	6	20	0.168	-0.453	19.443	7.224
g	1033	431	506	19	20	0.336	-0.053	19.443	20.064
g	1034	464	506	17	20	1.512	0.003	19.467	18.768
g	1035	497	506	14	20	0.24	0.003	19.443	15.192
g	1036	530	506	11	26	1.512	0.003	25.347	12.192
g	1037	563	506	11	26	1.512	0.003	25.347	13.08
g	1038	596	506	11	28	0.456	-3.525	24.219	10.848
g	1039	629	506	11	23	1.512	-3.525	19.443	13.128
g	1040	662	506	11	20	0.456	0.003	19.443	11.808
g	1041	695	506	10	20	1.512	0.003	19.443	11.856
g	1042	728	506	11	20	1.512	0.003	19.443	12.576
g	1043	761	506	8	20	1.512	0.003	19.443	9.384
g	1044	794	506	15	23	0.264	-3.525	19.443	15.048
g	1045	827	506	8	20	1.512	0.003	19.443	9.768
g	1046	860	506	17	20	0.096	0.003	19.443	16.224
g	1047	893	506	10	20	0.6	-0.213	19.611	11.52
g	1048	926	506	11	20	1.512	0.003	19.443	13.08
g	1049	959	506	11	25	1.512	0.003	24.219	13.08
g	1050	992	506	11	20	1.512	0.003	19.443	12.192
g	1051	2	542	13	20	0.048	-0.061	19.443	13.944
g	1052	35	542	13	20	1.464	0.003	19.443	15.84
g	1053	68	542	11	20	1.512	0.003	19.443	13.464
g	1054	101	542	11	20	1.152	-0.213	19.611	12.936
g	1055	134	542	11	20	1.512	0.003	19.443	13.728
g	1056	167	542	10	20	1.512	0.003	19.443	11.52
g	1057	200	542	11	20	1.152	-0.213	19.611	12.36
g	1058	233	542	10	20	0.36	0.003	19.443	9.912
g	1059	266	542	11	23	0.456	-3.525	19.443	10.848
g	1060	299	542	14	23	1.152	-0.861	21.195	15.888
g	1061	332	542	11	20	0.312	0.003	19.443	11.568
g	1062	365	542	13	23	1.512	-3.525	19.443	14.928
g	1063	398	542	11	20	1.2	0.003	19.443	13.224
g	1064	431	542	15	20	1.512	0.003	19.443	18
g	1065	464	542	17	23	1.512	-3.525	19.443	18.96
g	1066	497	542	13	20	0.12	0.003	19.443	13.608
g	1067	530	542	15	20	1.512	0.003	19.443	17.472
g	1068	563	542	10	20	1.512	0.003	19.443	11.856
g	1069	596	542	11	20	1.176	0.051	19.899	12.456
g	1070	629	542	15	20	1.512	-0.213	19.611	17.256
g	1071	662	542	12	20	0.312	0.003	19.443	13.08
g	1072	695	542	9	15	0.6	-0.189	14.067	9.816
g	1073	728	542	9	21	1.248	-0.189	20.235	10.512
g	1074	761	542	8	14	1.296	0.003	13.875	9.96
g	1075	794	542	6	14	1.296	0.003	13.875	6.96
g	1076	827	542	12	18	0.768	-3.525	13.875	12.624
g	1077	860	542	9	15	1.032	-0.189	14.067	10.104
g	1078	893	542	14	14	0.096	0.003	13.875	13.896
g	1079	926	542	8	15	0.696	-0.237	14.067	9
g	1080	959	542	9	14	1.296	0.003	13.875	10.968
g	1081	992	542	9	19	1.296	0.003	18.651	10.968
g	1082	2	578	9	14	1.296	0.003	13.875	9.96
g	1083	35	578	10	14	0.408	-0.117	13.875	11.64
g	1084	68	578	11	14	1.224	0.003	13.875	12.696
g	1085	101	578	9	14	1.296	0.003	13.875	11.016
g	1086	134	578	9	15	1.056	-0.189	14.067	10.2
g	1087	167	578	9	14	1.296	0.003	13.875	10.656
g	1088	200	578	9	19	1.296	-4.557	14.067	10.704
g	1089	233	578	8	15	1.032	-0.189	14.067	9.864
g	1090	266	578	8	14	0.264	0.003	13.875	8.304
g	1091	299	578	9	18	0.288	-3.477	13.875	9.408
g	1092	332	578	13	24	1.032	-4.557	19.443	14.544
g	1093	365	578	9	14	0.216	0.003	13.875	9.336
g	1094	398	578	11	18	1.296	-3.525	13.875	11.688
g	1095	431	578	9	14	0.888	0.003	13.875	10.392
g	1096	464	578	13	14	1.296	0.003	13.875	15
g	1097	497	578	14	18	1.296	-3.525	13.875	15.528
g	1098	530	578	12	14	-0.096	0.003	13.875	11.52
g	1099	563	578	13	14	1.296	0.003	13.875	14.952
g	1100	596	578	9	14	1.296	0.003	13.875	9.96
g	1101	629	578	8	15	1.008	-0.189	14.043	9.888
g	1102	662	578	12	15	1.296	-0.189	14.067	13.752
g	1103	695	578	9	14	0.24	0.003	13.875	10.368
g	1104	728	578	9	20	1.032	-0.189	19.779	10.104
g	1105	761	578	9	20	1.032	-0.189	19.443	10.104
g	1106	794	578	10	23	-0.12	-3.525	19.443	10.968
g	1107	827	578	7	20	1.296	0.003	19.779	6.96
g	1108	860	578	8	15	1.056	-0.189	14.067	9.528
g	1109	893	578	8	15	0.6	-0.189	14.067	8.976
g	1110	926	578	3	19	1.464	0.003	18.627	5.496
g	1111	959	578	7	20	-0.6	0.003	19.443	5.376
g	1112	992	578	5	23	-0.456	-3.501	18.627	5.52
g	1113	2	614	16	14	0.12	-0.117	13.875	15.816
g	1114	35	614	14	14	1.296	0.003	13.875	15.12
g	1115	68	614	10	20	-0.12	0.003	19.443	10.968
g	1116	101	614	9	20	1.296	0.003	19.779	9.96
g	1117	134	614	9	20	1.296	0.003	19.779	10.968
g	1118	167	614	9	23	0.288	-3.477	18.651	9.408
g	1119	200	614	9	18	1.296	-3.525	13.875	10.704
g	1122	233	614	12	20	-0.24	0.003	19.443	12.096
g	1123	266	614	11	20	-0.24	0.003	19.443	10.296
g	1130	299	614	16	20	0.096	0.003	19.443	15.72
g	1131	332	614	13	14	0.072	0.003	13.875	12.72
g	1138	365	614	11	20	1.152	-0.213	19.611	12.96
g	1139	398	614	9	15	1.056	-0.189	14.067	10.176
g	1140	431	614	13	20	0.552	0.003	19.827	14.16
g	1141	464	614	10	15	0.36	0.003	14.187	10.128
g	1162	497	614	12	28	1.512	-3.525	24.219	13.68
g	1163	530	614	11	23	1.296	-3.549	18.651	11.832
g	1164	563	614	12	20	-0.24	0.003	19.443	12.024
g	1165	596	614	11	20	0.24	0.003	19.443	10.776
g	1166	629	614	11	20	1.512	0.003	19.443	11.52
g	1167	662	614	10	19	1.296	-4.557	14.067	10.704
g	1168	695	614	8	23	1.512	0.003	22.035	9.048
g	1169	728	614	6	17	1.32	0.003	16.131	7.104
g	1170	761	614	10	20	0.336	0.003	19.443	9.816
g	1171	794	614	8	14	0.48	0.003	13.875	7.728
g	1172	827	614	11	23	1.512	-3.525	19.443	12.912
g	1173	860	614	9	18	1.512	-3.525	13.875	10.968
g	1174	893	614	17	23	0.096	-3.525	19.443	16.92
g	1175	926	614	15	18	0.096	-3.525	13.875	14.328
g	1176	959	614	10	24	0.6	-3.525	19.611	11.52
g	1177	992	614	8	18	0.696	-3.525	14.067	9
g	1178	2	650	11	23	1.512	-3.525	19.443	12.6
g	1179	35	650	10	18	1.296	-3.525	13.875	10.512
g	1180	68	650	13	20	1.512	0.003	19.443	14.544
g	1181	101	650	11	14	1.296	0.003	13.875	11.904
g	1182	134	650	13	20	-0.384	0.003	19.443	12.192
g	1183	167	650	11	20	0.432	0.003	19.443	11.04
g	1184	200	650	14	20	0.504	0.003	19.443	14.328
g	1185	233	650	12	14	0.264	0.003	13.875	11.52
g	1186	266	650	13	23	1.512	-3.525	19.443	14.04
g	1187	299	650	11	18	1.296	-3.525	13.875	11.64
g	1188	332	650	16	20	1.512	0.003	19.443	16.944
g	1189	365	650	12	14	1.296	0.003	13.875	12.816
g	1190	398	650	19	23	1.512	-3.525	19.443	20.904
g	1191	431	650	14	18	1.296	-3.525	13.875	16.248
g	1192	464	650	15	20	1.44	-0.213	19.611	16.944
g	1193	497	650	13	15	0.936	-0.213	14.067	14.808
g	1194	530	650	11	24	1.152	-3.525	19.611	12.36
g	1195	563	650	8	18	1.032	-3.525	14.067	9.864
g	1196	596	650	10	23	0.36	-3.525	19.443	9.912
g	1197	629	650	8	18	0.264	-3.525	13.875	8.304
g	1198	662	650	11	20	0.288	0.003	19.443	11.544
g	1199	695	650	9	18	0.288	-4.101	13.875	9.312
g	1200	728	650	11	20	0.288	0.003	19.443	11.448
g	1201	761	650	9	18	0.288	-4.101	13.875	9.432
g	1202	794	650	12	23	0.312	-3.525	19.443	12.12
g	1203	827	650	10	18	0.216	-3.525	13.875	10.152
g	1204	860	650	17	23	0.36	-3.525	19.443	17.304
g	1205	893	650	13	18	0.264	-3.525	13.875	13.392
g	1206	926	650	13	23	1.176	-3.525	19.443	13.776
g	1207	959	650	10	18	0.888	-3.525	13.875	10.992
g	1208	992	650	11	20	1.2	0.003	19.443	13.464
g	1209	2	686	9	14	0.432	0.003	13.875	10.632
g	1210	35	686	11	20	1.512	0.003	19.443	13.2
g	1211	68	686	9	20	1.368	0.003	19.443	10.68
g	1212	101	686	16	20	0.384	-0.213	19.611	16.68
g	1213	134	686	13	15	0.408	-0.189	14.067	13.464
g	1214	167	686	16	29	0.384	-3.525	25.011	16.44
g	1215	200	686	13	23	0.408	-3.525	19.443	12.744
g	1216	233	686	3	20	1.656	0.003	19.443	5.952
g	1217	266	686	17	25	0.096	0.003	24.219	16.224
g	1218	299	686	14	19	0.096	0.003	18.651	13.896
g	1219	332	686	10	23	1.512	-3.525	19.443	12.6
g	1220	365	686	9	18	1.296	-3.525	13.875	11.064
g	1221	398	686	15	23	0.048	-3.525	19.443	14.52
g	1222	431	686	12	18	0.408	-3.525	13.875	12.264
g	1223	464	686	11	23	1.512	-3.525	19.443	13.464
g	1224	497	686	9	18	1.296	-3.525	13.875	11.016
g	1225	530	686	13	23	1.512	-3.525	19.443	14.04
g	1226	563	686	11	18	1.296	-3.525	13.875	11.64
g	1227	596	686	11	23	1.176	-3.525	19.443	13.2
g	1228	629	686	9	18	0.888	-3.525	13.875	10.392
g	1229	662	686	15	23	1.464	-3.525	19.443	16.464
g	1230	695	686	12	18	1.224	-3.525	13.875	13.392
g	1231	728	686	3	20	1.536	0.003	19.443	5.64
g	1232	761	686	11	25	0.456	0.003	24.219	11.808
g	1233	794	686	9	19	0.6	-0.189	18.651	9.816
g	1234	827	686	11	26	0.456	0.003	25.011	11.808
g	1235	860	686	9	20	0.6	-0.189	19.443	9.816
g	1236	893	686	16	20	-1.224	0.003	19.443	15.24
g	1237	926	686	14	15	1.008	-0.189	14.067	15.624
g	1238	959	686	8	25	1.512	0.003	24.219	9.768
g	1239	992	686	9	19	1.032	-0.189	18.651	10.104
g	1240	2	722	11	20	1.056	-0.213	19.611	12.84
g	1241	35	722	9	15	1.032	-0.213	14.067	10.104
g	1242	68	722	11	26	1.056	-0.213	25.011	12.84
g	1243	101	722	9	20	1.032	-0.213	19.443	10.104
g	1244	134	722	17	26	0.096	0.003	25.011	16.224
g	1245	167	722	14	20	0.096	0.003	19.443	13.896
g	1246	200	722	10	26	0.6	-0.213	25.011	11.52
g	1247	233	722	8	20	0.696	-0.237	19.443	9
g	1248	266	722	10	20	0.72	-0.213	19.443	10.944
g	1249	299	722	10	19	0.72	-4.701	13.875	10.992
g	1250	332	722	11	24	1.512	0.003	23.571	13.08
g	1251	365	722	9	18	1.296	0.003	18.003	10.968
g	1252	398	722	11	26	1.512	0.003	25.011	13.08
g	1253	431	722	9	20	1.296	0.003	19.443	10.968
g	1254	464	722	11	26	1.152	-0.213	25.011	12.936
g	1255	497	722	9	20	1.056	-0.189	19.443	10.2
g	1256	530	722	11	20	1.152	-0.213	19.611	12.96
g	1257	563	722	9	15	1.056	-0.189	14.067	10.176
g	1258	596	722	11	26	1.152	-0.213	25.011	12.96
g	1259	629	722	9	20	1.056	-0.189	19.443	10.176
g	1260	662	722	11	25	1.176	0.051	25.011	12.456
g	1261	695	722	8	20	1.008	-0.189	19.443	9.888
g	1262	728	722	11	28	0.456	-3.525	23.571	10.848
g	1263	761	722	9	22	0.288	-3.477	18.003	9.408
g	1264	794	722	11	29	0.456	-3.525	25.011	10.848
g	1265	827	722	9	23	0.288	-3.477	19.443	9.408
g	1266	860	722	11	29	0.456	-3.525	25.035	10.848
g	1267	893	722	10	23	0.288	-3.477	19.467	9.408
g	1268	926	722	11	26	1.2	0.003	25.011	13.224
g	1269	959	722	9	20	0.888	0.003	19.443	10.392
g	1270	992	722	8	23	1.512	-3.525	19.443	9.264
g	1271	2	758	6	18	1.296	-3.525	13.875	6.96
g	1272	35	758	15	26	1.512	0.003	25.011	17.472
g	1273	68	758	13	20	1.296	0.003	19.443	14.952
g	1274	101	758	10	23	0.336	-3.525	19.443	9.816
g	1275	134	758	8	18	0.48	-3.525	13.875	8.448
g	1276	167	758	11	23	0.312	-3.525	19.443	12
g	1277	200	758	10	18	0.216	-3.525	13.875	9.84
g	1278	233	758	11	20	0.312	0.003	19.443	11.568
g	1279	266	758	9	14	0.216	0.003	13.875	9.336
g	1296	299	758	10	20	0.96	-0.213	19.611	11.52
g	1297	332	758	8	15	0.768	-0.237	14.067	9
g	1298	365	758	13	23	0.048	-3.525	19.443	13.944
g	1299	398	758	10	18	0.408	-3.501	13.875	11.64
g	1308	431	758	16	20	0.864	0.003	19.443	17.496
g	1309	464	758	13	14	0.672	0.003	13.875	14.112
g	1316	497	758	13	23	1.512	-3.525	19.443	13.968
g	1317	530	758	10	18	1.296	-3.525	13.875	11.28
g	1318	563	758	13	23	1.512	-3.525	19.443	14.112
g	1319	596	758	10	23	1.368	-3.525	19.443	11.4
g	1320	629	758	13	23	0.48	-3.525	19.443	14.544
g	1321	662	758	13	23	0.48	-3.525	19.443	14.544
g	1326	695	758	15	23	0.048	-3.525	19.443	14.496
g	1327	728	758	12	18	0.408	-3.525	13.875	12.264
g	7682	761	758	11	25	1.512	0.003	24.531	12.576
g	7683	794	758	9	25	1.344	-0.189	24.531	10.728
g	7690	827	758	10	25	1.512	0.003	24.531	12.648
g	7691	860	758	9	25	1.032	-0.189	24.531	10.608
g	7710	893	758	8	25	1.512	0.003	24.531	9.384
g	7711	926	758	7	24	0.456	0.003	23.715	6.888
g	7744	959	758	13	25	1.464	0.003	24.531	15.84
g	7745	992	758	14	19	1.296	0.003	18.963	16.32
g	7766	2	794	10	25	1.512	0.003	24.531	11.52
g	7767	35	794	9	24	1.296	-4.557	18.963	10.704
g	7776	68	794	10	25	0.936	-0.213	24.531	11.352
g	7777	101	794	8	20	0.6	-0.189	18.963	8.976
g	7786	134	794	10	25	0.36	0.003	24.531	9.912
g	7787	167	794	7	24	0.528	-0.189	23.019	7.392
g	7808	200	794	16	26	0.864	0.003	25.347	17.496
g	7809	233	794	13	20	0.672	0.003	19.779	14.112
g	7810	266	794	16	26	0.864	0.003	25.347	17.496
g	7811	299	794	13	20	0.672	0.003	19.779	14.112
g	7812	332	794	16	26	0.864	0.003	25.011	17.496
g	7813	365	794	13	20	0.672	0.003	19.443	14.112
g	7838	398	794	11	20	1.344	-0.213	19.611	12.936
g	7840	431	794	11	24	0.456	-4.221	19.443	11.808
g	7841	464	794	9	19	0.6	-4.221	14.067	9.816
g	7842	497	794	11	26	0.456	0.003	25.491	11.808
g	7843	530	794	9	21	0.6	-0.189	19.923	9.816
g	7844	563	794	12	27	0.456	0.003	26.067	11.808
g	7845	596	794	11	21	0.6	-0.189	20.499	9.816
g	7846	629	794	11	27	0.456	0.003	26.067	11.808
g	7847	662	794	10	21	0.6	-0.189	20.499	9.816
g	7848	695	794	12	28	0.456	0.003	27.435	11.808
g	7849	728	794	11	23	0.6	-0.189	21.867	9.816
g	7850	761	794	11	29	0.456	0.003	28.419	11.808
g	7851	794	794	9	24	0.6	-0.189	22.851	9.816
g	7852	827	794	11	29	0.456	-4.221	24.531	11.808
g	7853	860	794	9	24	0.6	-4.221	18.963	9.816
g	7854	893	794	11	28	0.456	0.003	27.771	11.808
g	7855	926	794	9	23	0.6	-0.189	22.203	9.816
g	7856	959	794	11	28	0.456	0.003	27.771	11.808
g	7857	992	794	9	23	0.6	-0.189	22.203	9.816
g	7858	2	830	11	29	0.456	0.003	28.899	11.808
g	7859	35	830	9	24	0.6	-0.189	23.331	9.816
g	7860	68	830	11	29	0.456	0.003	28.179	11.808
g	7861	101	830	9	23	0.6	-0.189	22.611	9.816
g	7862	134	830	11	29	0.456	-4.221	24.219	11.808
g	7863	167	830	9	23	0.6	-4.221	18.651	9.816
g	7864	200	830	8	24	1.512	-4.221	19.443	9.768
g	7865	233	830	9	19	1.032	-4.221	14.067	10.104
g	7866	266	830	8	26	1.512	0.003	25.491	9.768
g	7867	299	830	9	21	1.032	-0.189	19.923	10.104
g	7868	332	830	8	26	1.512	0.003	25.155	9.768
g	7869	365	830	9	20	1.032	-0.189	19.587	10.104
g	7870	398	830	11	27	1.512	0.003	26.067	9.768
g	7871	431	830	11	21	1.032	-0.189	20.499	10.104
g	7872	464	830	10	27	1.512	0.003	26.067	9.768
g	7873	497	830	10	21	1.032	-0.189	20.499	10.104
g	7874	530	830	10	28	1.512	0.003	27.435	9.768
g	7875	563	830	10	23	1.032	-0.189	21.867	10.104
g	7876	596	830	8	29	1.512	0.003	28.419	9.768
g	7877	629	830	9	24	1.032	-0.189	22.851	10.104
g	7878	662	830	8	29	1.512	-4.221	24.531	9.768
g	7879	695	830	9	24	1.032	-4.221	18.963	10.104
g	7880	728	830	5	26	1.056	0.003	25.491	5.952
g	7881	761	830	5	20	0.84	0.003	19.923	5.376
g	7882	794	830	3	24	1.656	-4.221	19.443	5.952
g	7883	827	830	3	23	1.464	-4.221	18.627	5.496
g	7884	860	830	11	24	1.152	-4.221	19.611	12.936
g	7885	893	830	9	19	1.056	-4.221	14.067	10.2
g	7886	926	830	11	26	1.152	-0.213	25.491	12.936
g	7887	959	830	9	21	1.056	-0.189	19.923	10.2
g	7888	992	830	12	27	1.152	-0.213	26.067	12.936
g	7889	2	866	11	21	1.056	-0.189	20.499	10.2
g	7890	35	866	11	27	1.152	-0.213	26.067	12.936
g	7891	68	866	10	21	1.056	-0.189	20.499	10.2
g	7892	101	866	12	28	1.152	-0.213	27.435	12.936
g	7893	134	866	10	23	1.056	-0.189	21.867	10.2
g	7894	167	866	11	29	1.152	-0.213	28.419	12.936
g	7895	200	866	9	24	1.056	-0.189	22.851	10.2
g	7896	233	866	11	29	1.152	-4.221	24.531	12.936
g	7897	266	866	9	24	1.056	-4.221	18.963	10.2
g	7898	299	866	11	26	1.152	-0.213	25.347	12.936
g	7899	332	866	9	20	1.056	-0.189	19.779	10.2
g	7900	365	866	11	26	1.152	-0.213	25.347	12.936
g	7901	398	866	9	20	1.056	-0.189	19.779	10.2
g	7902	431	866	11	26	1.152	-0.213	25.491	12.936
g	7903	464	866	9	21	1.056	-0.189	19.923	10.2
g	7904	497	866	11	26	1.152	-0.213	25.155	12.936
g	7905	530	866	9	20	1.056	-0.189	19.587	10.2
g	7906	563	866	11	26	1.152	-4.221	21.219	12.936
g	7907	596	866	9	20	1.056	-4.221	15.651	10.2
g	7908	629	866	11	24	1.344	-4.221	19.443	13.032
g	7909	662	866	9	19	1.2	-4.221	13.875	10.56
g	7910	695	866	11	26	1.344	-0.213	25.491	13.032
g	7911	728	866	9	21	1.2	-0.189	19.923	10.56
g	7912	761	866	13	26	1.344	-0.213	25.347	13.032
g	7913	794	866	10	20	1.2	-0.189	19.779	10.56
g	7914	827	866	13	26	1.344	-0.213	25.347	13.032
g	7915	860	866	10	20	1.2	-0.189	19.779	10.56
g	7916	893	866	13	26	1.344	-0.213	25.491	13.032
g	7917	926	866	10	21	1.2	-0.189	19.923	10.56
g	7918	959	866	13	26	1.344	-0.213	25.155	13.032
g	7919	992	866	10	20	1.2	-0.189	19.587	10.56
g	7920	2	902	13	26	1.344	-4.221	21.219	13.032
g	7921	35	902	10	20	1.2	-4.221	15.651	10.56
g	7922	68	902	11	26	0.288	0.003	25.347	11.544
g	7923	101	902	9	24	0.288	-3.477	19.779	9.408
g	7924	134	902	11	24	0.288	-4.221	19.443	11.544
g	7925	167	902	9	19	0.288	-4.221	13.875	9.408
g	7926	200	902	11	26	0.288	0.003	25.491	11.544
g	7927	233	902	9	24	0.288	-3.477	19.923	9.408
g	7928	266	902	11	26	0.288	0.003	25.155	11.544
g	7929	299	902	9	24	0.288	-3.477	19.587	9.408
g	8208	332	902	6	2	0.96	6.003	7.947	7.272
g	8211	365	902	12	2	0.96	6.003	7.947	13.416
g	8212	398	902	23	2	0.96	6.003	7.875	24.72
g	8216	431	902	3	7	0.72	13.899	20.235	4.272
g	8217	464	902	3	7	0.72	13.083	19.443	4.272
g	8218	497	902	3	7	0.72	-3.189	3.171	4.272
g	8220	530	902	8	7	0.72	13.899	20.235	8.496
g	8221	563	902	7	7	0.72	13.083	19.443	7.8
g	8222	596	902	8	7	0.72	-3.189	3.171	8.496
g	8224	629	902	8	20	1.008	0.003	19.275	9.024
g	8225	662	902	8	20	0.84	0.003	19.299	9.144
g	8226	695	902	6	6	1.632	6.531	12.171	8.712
g	8230	728	902	12	3	0.912	0.003	2.859	13.272
g	8240	761	902	29	20	0.888	-0.117	19.587	30.24
g	8242	794	902	3	6	0.72	13.875	19.443	4.128
g	8243	827	902	7	6	0.72	14.355	19.443	7.752
g	8249	860	902	5	13	1.032	0.987	13.179	6.6
g	8250	893	902	5	13	1.44	2.235	14.451	7.008
g	8260	926	902	12	20	-3.84	0.003	19.443	4.392
g	8274	959	902	9	20	1.44	0.003	19.467	11.664
g	8308	992	902	8	11	1.872	10.395	21.315	10.416
g	8353	2	938	11	24	1.152	-1.845	21.219	12.36
g	8355	35	938	9	20	0.096	0.003	19.443	9.384
g	8356	68	938	9	20	0.048	0.003	19.611	9.552
g	8358	101	938	13	20	0.264	0.003	19.443	12.672
g	8359	134	938	25	20	1.512	-0.189	19.443	26.688
g	8361	167	938	16	20	0.864	0.003	19.443	17.496
g	8363	200	938	10	23	1.032	-2.733	19.443	10.896
g	8364	233	938	12	20	-0.24	-0.213	19.611	11.928
g	8365	266	938	13	20	-0.216	0.003	19.443	14.4
g	8366	299	938	10	20	0.36	0.003	19.443	9.912
g	8369	332	938	13	20	0.672	0.003	19.443	14.4
g	8370	365	938	11	24	1.152	-1.845	21.219	12.84
g	8372	398	938	11	20	0.192	-0.213	19.611	11.352
g	8373	431	938	11	24	1.152	-1.845	21.219	12.36
g	8376	464	938	10	20	0.36	0.003	19.443	9.912
g	8377	497	938	11	20	0.768	0.003	19.443	12.192
g	8378	530	938	12	20	0.216	0.003	19.443	12.648
g	8380	563	938	11	20	1.344	0.003	19.443	13.056
g	8381	596	938	11	20	0.672	0.003	19.443	12.024
g	8467	629	938	10	23	1.656	-0.237	22.347	12
g	8470	662	938	20	20	1.56	0.003	19.443	22.488
g	8482	695	938	15	11	1.32	8.859	19.443	17.64
g	8490	728	938	11	20	1.512	0.003	19.443	11.88
g	8491	761	938	11	25	0.456	0.003	24.483	11.808
g	8494	794	938	14	15	0.96	-0.333	13.683	15.096
g	8706	827	938	10	20	0.936	-0.285	19.683	11.448
g	8709	860	938	9	9	0.96	5.355	14.091	10.68
g	8719	893	938	11	24	1.512	-4.557	19.443	13.392
g	8721	926	938	8	24	0.624	-4.557	19.443	9.744
g	8722	959	938	8	2	1.08	9.003	10.947	9.336
g	8725	992	938	8	20	0.696	0.003	19.443	8.856
g	8729	2	974	3	3	0.864	7.731	10.371	4.224
g	8730	35	974	13	20	-0.072	0.003	19.443	12.264
g	8734	68	974	15	8	0.504	2.907	10.395	15.168
g	8747	101	974	7	25	0.312	-4.557	19.683	7.776
g	8776	134	974	10	8	0.84	6.027	13.827	10.728
g	8800	167	974	8	12	1.296	4.491	15.531	9.96
g	8804	200	974	7	12	0.672	4.443	15.675	8.952
g	8805	233	974	7	12	1.392	4.443	15.675	8.952
g	9674	266	974	10	14	0.864	0.003	13.899	11.184
g	10216	299	974	8	24	1.032	-4.725	18.891	8.712
g	10217	332	974	8	24	0.552	-4.725	18.891	8.712
g	64257	365	974	10	19	0.456	0.003	18.723	11.784
g	64258	398	974	11	20	0.456	0.003	19.227	12.36
